Wavelength (nm)	Intensity
377.35	812.88
377.48	597.12
377.62	597.25
377.75	616.62
377.88	827.75
378.02	816.88
378.15	816.38
378.28	786.88
378.41	861.75
378.55	830.50
378.68	814.38
378.81	793.00
378.95	828.88
379.08	821.25
379.21	778.25
379.35	837.88
379.48	844.38
379.61	903.62
379.74	815.00
379.88	799.75
380.01	872.00
380.14	936.50
380.28	859.38
380.41	785.12
380.54	830.25
380.68	847.38
380.81	759.62
380.94	858.00
381.07	895.50
381.21	889.88
381.34	816.75
381.47	765.50
381.61	964.50
381.74	828.25
381.87	784.25
382.00	835.38
382.14	907.25
382.27	862.62
382.40	783.25
382.54	882.38
382.67	884.62
382.80	790.38
382.93	798.75
383.07	816.38
383.20	826.12
383.33	863.50
383.47	798.25
383.60	782.38
383.73	961.88
383.86	853.25
384.00	817.12
384.13	810.25
384.26	855.75
384.40	875.50
384.53	821.50
384.66	853.38
384.79	843.62
384.93	809.75
385.06	807.88
385.19	830.38
385.33	943.38
385.46	858.75
385.59	796.25
385.72	832.25
385.86	780.75
385.99	814.62
386.12	804.00
386.25	782.50
386.39	871.75
386.52	876.12
386.65	817.88
386.79	808.12
386.92	808.50
387.05	905.50
387.18	778.38
387.32	787.38
387.45	861.25
387.58	834.00
387.71	805.00
387.85	800.62
387.98	836.75
388.11	855.38
388.25	832.88
388.38	821.50
388.51	858.50
388.64	870.75
388.78	804.75
388.91	781.38
389.04	817.38
389.17	931.50
389.31	834.12
389.44	858.75
389.57	893.25
389.70	858.50
389.84	806.12
389.97	797.12
390.10	805.75
390.24	852.00
390.37	809.25
390.50	801.50
390.63	901.25
390.77	820.88
390.90	827.62
391.03	817.88
391.16	777.62
391.30	808.12
391.43	806.88
391.56	803.00
391.69	793.50
391.83	863.50
391.96	829.25
392.09	805.75
392.22	909.25
392.36	847.12
392.49	792.00
392.62	811.88
392.75	855.88
392.89	892.38
393.02	790.50
393.15	790.75
393.28	772.38
393.42	909.50
393.55	774.50
393.68	805.00
393.81	755.12
393.95	812.00
394.08	806.00
394.21	800.62
394.34	865.62
394.48	851.50
394.61	858.75
394.74	833.75
394.87	867.25
395.01	851.25
395.14	848.12
395.27	798.38
395.40	921.00
395.54	920.88
395.67	821.88
395.80	806.62
395.93	847.50
396.07	805.50
396.20	794.50
396.33	756.12
396.46	803.62
396.59	818.12
396.73	809.38
396.86	789.25
396.99	871.00
397.12	841.62
397.26	831.88
397.39	817.75
397.52	1119.50
397.65	935.12
397.79	822.75
397.92	814.00
398.05	883.00
398.18	803.88
398.32	814.00
398.45	846.62
398.58	843.25
398.71	854.75
398.84	773.88
398.98	813.62
399.11	849.88
399.24	843.75
399.37	810.50
399.51	782.62
399.64	828.00
399.77	827.88
399.90	816.75
400.03	820.00
400.17	783.12
400.30	884.38
400.43	852.38
400.56	817.75
400.70	819.00
400.83	796.25
400.96	792.25
401.09	831.25
401.23	830.00
401.36	883.75
401.49	803.12
401.62	803.88
401.75	815.25
401.89	790.62
402.02	806.50
402.15	817.00
402.28	849.00
402.41	839.25
402.55	804.62
402.68	815.62
402.81	890.00
402.94	864.25
403.08	791.12
403.21	784.88
403.34	863.62
403.47	855.62
403.60	808.88
403.74	844.50
403.87	858.50
404.00	804.88
404.13	793.12
404.26	776.12
404.40	783.62
404.53	841.12
404.66	812.88
404.79	783.62
404.93	860.12
405.06	811.62
405.19	771.38
405.32	827.25
405.45	850.25
405.59	861.50
405.72	824.62
405.85	796.50
405.98	992.12
406.11	798.38
406.25	787.62
406.38	809.25
406.51	848.88
406.64	825.38
406.77	782.62
406.91	776.00
407.04	840.12
407.17	812.25
407.30	835.00
407.43	812.00
407.57	908.38
407.70	883.25
407.83	798.00
407.96	819.75
408.09	788.12
408.23	911.00
408.36	817.25
408.49	810.38
408.62	937.00
408.75	838.88
408.89	797.75
409.02	837.50
409.15	825.62
409.28	899.25
409.41	851.88
409.55	799.75
409.68	949.00
409.81	846.88
409.94	796.88
410.07	821.25
410.20	831.00
410.34	814.50
410.47	819.00
410.60	831.62
410.73	856.62
410.86	798.62
411.00	824.12
411.13	796.75
411.26	831.38
411.39	827.38
411.52	841.62
411.66	808.38
411.79	809.25
411.92	798.50
412.05	815.25
412.18	812.62
412.31	846.25
412.45	863.75
412.58	858.75
412.71	783.88
412.84	845.75
412.97	914.50
413.11	832.00
413.24	829.88
413.37	868.25
413.50	925.25
413.63	831.00
413.76	814.12
413.90	863.00
414.03	815.00
414.16	807.62
414.29	836.62
414.42	825.25
414.56	929.62
414.69	804.62
414.82	821.25
414.95	829.12
415.08	846.75
415.21	823.88
415.35	836.88
415.48	751.88
415.61	871.38
415.74	877.00
415.87	783.12
416.00	839.38
416.14	948.62
416.27	827.75
416.40	794.25
416.53	827.12
416.66	855.50
416.79	828.62
416.93	790.88
417.06	884.38
417.19	832.00
417.32	808.25
417.45	805.12
417.58	782.38
417.72	886.00
417.85	808.38
417.98	819.88
418.11	868.50
418.24	816.75
418.37	809.12
418.51	823.38
418.64	833.12
418.77	909.12
418.90	841.25
419.03	785.50
419.16	840.62
419.29	867.75
419.43	802.00
419.56	784.62
419.69	938.62
419.82	878.00
419.95	823.12
420.08	864.75
420.22	899.00
420.35	955.62
420.48	863.62
420.61	813.75
420.74	776.12
420.87	869.50
421.00	777.38
421.14	809.25
421.27	866.75
421.40	907.50
421.53	839.50
421.66	822.12
421.79	822.50
421.93	830.88
422.06	820.25
422.19	799.62
422.32	871.62
422.45	880.88
422.58	838.50
422.71	808.12
422.85	877.12
422.98	862.88
423.11	784.75
423.24	775.88
423.37	792.75
423.50	805.50
423.63	816.62
423.77	796.38
423.90	798.62
424.03	849.00
424.16	852.25
424.29	819.75
424.42	777.25
424.55	793.12
424.69	786.88
424.82	824.88
424.95	838.00
425.08	792.75
425.21	841.25
425.34	806.12
425.47	826.00
425.60	842.62
425.74	775.00
425.87	809.12
426.00	825.50
426.13	844.12
426.26	789.75
426.39	796.88
426.52	816.38
426.66	890.25
426.79	848.62
426.92	790.88
427.05	933.12
427.18	885.88
427.31	810.25
427.44	810.50
427.57	796.38
427.71	831.38
427.84	787.38
427.97	818.25
428.10	885.62
428.23	834.62
428.36	807.12
428.49	738.75
428.62	960.38
428.76	927.50
428.89	834.75
429.02	777.38
429.15	824.00
429.28	930.88
429.41	804.12
429.54	812.38
429.67	807.75
429.81	852.88
429.94	823.75
430.07	801.38
430.20	872.12
430.33	897.00
430.46	789.38
430.59	787.38
430.72	827.50
430.85	778.75
430.99	810.38
431.12	786.75
431.25	882.00
431.38	904.88
431.51	828.38
431.64	821.12
431.77	907.62
431.90	900.62
432.03	827.88
432.17	794.00
432.30	838.50
432.43	849.88
432.56	822.38
432.69	850.75
432.82	848.12
432.95	886.62
433.08	826.50
433.21	829.62
433.35	818.75
433.48	827.50
433.61	786.88
433.74	816.50
433.87	793.12
434.00	862.00
434.13	793.88
434.26	851.62
434.39	846.12
434.53	858.75
434.66	817.00
434.79	819.88
434.92	807.25
435.05	894.62
435.18	801.00
435.31	840.50
435.44	891.62
435.57	836.38
435.70	817.88
435.84	785.50
435.97	888.12
436.10	937.38
436.23	809.12
436.36	794.50
436.49	813.50
436.62	842.62
436.75	821.25
436.88	842.00
437.01	798.62
437.14	794.12
437.28	772.62
437.41	800.00
437.54	893.62
437.67	859.50
437.80	799.88
437.93	773.62
438.06	954.50
438.19	876.62
438.32	788.88
438.45	794.00
438.58	843.62
438.72	908.00
438.85	864.75
438.98	805.12
439.11	850.12
439.24	900.75
439.37	880.25
439.50	852.62
439.63	882.38
439.76	806.62
439.89	797.00
440.02	806.38
440.15	852.25
440.29	900.75
440.42	824.62
440.55	815.50
440.68	909.50
440.81	958.00
440.94	834.62
441.07	828.38
441.20	926.88
441.33	843.25
441.46	818.38
441.59	804.50
441.72	825.75
441.85	837.62
441.99	858.62
442.12	857.88
442.25	925.38
442.38	855.25
442.51	849.88
442.64	781.88
442.77	836.38
442.90	815.25
443.03	780.38
443.16	798.88
443.29	835.50
443.42	902.62
443.55	807.88
443.68	829.88
443.82	784.12
443.95	812.00
444.08	812.00
444.21	819.88
444.34	803.88
444.47	831.00
444.60	824.62
444.73	836.88
444.86	833.75
444.99	901.12
445.12	847.25
445.25	830.88
445.38	846.38
445.51	876.88
445.64	833.62
445.78	799.12
445.91	768.75
446.04	945.62
446.17	863.38
446.30	774.00
446.43	855.62
446.56	834.25
446.69	798.00
446.82	805.25
446.95	877.00
447.08	879.12
447.21	835.50
447.34	806.12
447.47	876.50
447.60	866.62
447.73	825.00
447.86	852.50
447.99	836.50
448.13	851.62
448.26	864.12
448.39	818.62
448.52	867.88
448.65	872.75
448.78	818.38
448.91	822.00
449.04	866.25
449.17	808.12
449.30	846.62
449.43	834.50
449.56	827.00
449.69	895.25
449.82	823.12
449.95	775.88
450.08	888.25
450.21	863.62
450.34	824.50
450.47	825.12
450.60	868.75
450.73	839.50
450.87	815.62
451.00	842.12
451.13	868.62
451.26	994.38
451.39	814.88
451.52	849.25
451.65	824.12
451.78	817.62
451.91	809.00
452.04	802.25
452.17	926.50
452.30	914.75
452.43	815.00
452.56	812.75
452.69	877.88
452.82	797.75
452.95	860.88
453.08	797.62
453.21	755.88
453.34	857.50
453.47	800.12
453.60	874.62
453.73	928.00
453.86	856.88
453.99	840.62
454.12	836.12
454.25	824.00
454.38	846.62
454.52	796.25
454.65	808.50
454.78	806.75
454.91	774.25
455.04	798.88
455.17	792.00
455.30	803.62
455.43	898.00
455.56	815.50
455.69	779.62
455.82	856.75
455.95	848.62
456.08	783.38
456.21	786.38
456.34	776.12
456.47	767.88
456.60	806.50
456.73	800.12
456.86	814.75
456.99	860.12
457.12	798.50
457.25	817.62
457.38	897.25
457.51	869.38
457.64	841.12
457.77	807.12
457.90	828.62
458.03	808.62
458.16	813.62
458.29	816.75
458.42	821.38
458.55	775.00
458.68	790.00
458.81	817.38
458.94	899.38
459.07	933.00
459.20	784.38
459.33	799.50
459.46	897.12
459.59	926.62
459.72	890.62
459.85	815.62
459.98	907.62
460.11	863.38
460.24	832.12
460.37	782.25
460.50	874.75
460.63	838.00
460.76	810.12
460.89	834.88
461.02	851.88
461.15	860.50
461.28	822.75
461.41	813.88
461.54	915.12
461.67	798.38
461.80	828.00
461.93	871.62
462.06	854.12
462.19	884.75
462.32	814.38
462.45	805.75
462.58	862.88
462.71	819.00
462.84	823.00
462.97	767.62
463.10	818.38
463.23	841.12
463.36	858.25
463.49	832.25
463.62	783.38
463.75	855.38
463.88	813.38
464.01	831.38
464.14	792.25
464.27	925.75
464.40	821.00
464.53	817.00
464.66	858.00
464.79	851.00
464.92	841.00
465.05	794.62
465.18	829.38
465.31	837.00
465.44	819.38
465.57	805.75
465.70	816.75
465.83	948.12
465.96	841.38
466.09	805.50
466.22	882.12
466.35	857.50
466.48	806.25
466.61	812.62
466.74	830.38
466.87	880.00
467.00	861.25
467.13	846.75
467.26	871.38
467.39	781.12
467.52	785.25
467.65	818.25
467.78	899.50
467.91	834.62
468.04	832.25
468.17	802.75
468.30	817.50
468.43	787.25
468.56	802.50
468.69	846.75
468.82	869.25
468.95	795.75
469.08	810.38
469.21	822.38
469.34	872.50
469.47	942.50
469.60	899.62
469.73	835.00
469.86	849.00
469.99	877.88
470.11	803.25
470.24	814.00
470.37	876.12
470.50	836.12
470.63	807.38
470.76	829.00
470.89	874.38
471.02	952.50
471.15	815.00
471.28	821.50
471.41	934.62
471.54	860.62
471.67	820.38
471.80	768.88
471.93	879.12
472.06	848.38
472.19	822.75
472.32	796.62
472.45	940.38
472.58	886.38
472.71	842.00
472.84	804.00
472.97	808.25
473.10	794.50
473.23	876.12
473.36	781.25
473.49	896.25
473.62	887.50
473.74	860.00
473.87	864.00
474.00	807.38
474.13	810.38
474.26	846.12
474.39	860.25
474.52	836.12
474.65	824.25
474.78	836.50
474.91	785.12
475.04	863.88
475.17	958.00
475.30	863.50
475.43	852.25
475.56	890.25
475.69	837.88
475.82	862.00
475.95	804.50
476.08	903.25
476.21	846.00
476.34	869.00
476.46	869.50
476.59	901.75
476.72	827.88
476.85	830.38
476.98	801.00
477.11	885.88
477.24	839.25
477.37	777.50
477.50	819.88
477.63	853.12
477.76	806.50
477.89	768.88
478.02	796.25
478.15	834.00
478.28	826.25
478.41	853.25
478.54	823.12
478.66	877.75
478.79	835.62
478.92	826.12
479.05	838.62
479.18	851.88
479.31	810.62
479.44	812.00
479.57	808.38
479.70	825.12
479.83	853.88
479.96	820.38
480.09	854.38
480.22	971.12
480.35	948.88
480.48	881.50
480.60	839.88
480.73	825.75
480.86	865.25
480.99	833.88
481.12	828.88
481.25	842.12
481.38	913.25
481.51	829.00
481.64	843.75
481.77	871.88
481.90	832.88
482.03	827.12
482.16	820.62
482.29	900.00
482.41	842.88
482.54	863.12
482.67	817.50
482.80	845.12
482.93	897.38
483.06	813.50
483.19	899.62
483.32	871.38
483.45	850.12
483.58	852.38
483.71	871.62
483.84	888.50
483.97	869.88
484.09	842.75
484.22	822.75
484.35	811.00
484.48	790.38
484.61	816.62
484.74	826.88
484.87	864.12
485.00	804.25
485.13	855.62
485.26	801.00
485.39	870.25
485.52	842.00
485.64	906.25
485.77	871.00
485.90	889.50
486.03	803.75
486.16	851.12
486.29	807.12
486.42	844.75
486.55	865.12
486.68	839.50
486.81	869.88
486.94	855.25
487.06	828.50
487.19	873.00
487.32	867.25
487.45	856.75
487.58	830.50
487.71	847.75
487.84	801.38
487.97	873.38
488.10	895.00
488.23	828.00
488.35	792.62
488.48	827.88
488.61	802.50
488.74	827.62
488.87	826.75
489.00	865.12
489.13	942.25
489.26	871.62
489.39	877.50
489.52	889.25
489.64	880.00
489.77	853.75
489.90	848.75
490.03	842.62
490.16	830.75
490.29	828.62
490.42	822.50
490.55	854.12
490.68	820.25
490.81	835.12
490.93	798.75
491.06	912.12
491.19	868.88
491.32	860.75
491.45	876.38
491.58	803.88
491.71	850.00
491.84	836.12
491.97	838.50
492.09	910.00
492.22	876.00
492.35	860.00
492.48	886.12
492.61	859.62
492.74	847.50
492.87	862.62
493.00	845.38
493.12	824.12
493.25	857.00
493.38	841.25
493.51	819.38
493.64	810.62
493.77	855.62
493.90	868.38
494.03	867.62
494.16	908.38
494.28	918.00
494.41	841.12
494.54	847.50
494.67	975.25
494.80	933.38
494.93	851.50
495.06	865.50
495.19	879.38
495.31	859.62
495.44	840.62
495.57	823.62
495.70	874.75
495.83	840.62
495.96	812.75
496.09	859.88
496.22	926.62
496.34	947.25
496.47	844.88
496.60	870.50
496.73	900.25
496.86	893.75
496.99	825.00
497.12	856.50
497.24	788.88
497.37	852.25
497.50	843.25
497.63	815.62
497.76	851.38
497.89	921.25
498.02	885.25
498.15	775.12
498.27	861.00
498.40	909.25
498.53	920.12
498.66	866.38
498.79	901.38
498.92	820.88
499.05	862.62
499.17	857.75
499.30	891.00
499.43	948.25
499.56	874.75
499.69	807.00
499.82	881.12
499.95	837.88
500.07	827.12
500.20	848.75
500.33	901.25
500.46	1009.38
500.59	863.62
500.72	867.50
500.85	911.12
500.97	900.75
501.10	904.75
501.23	823.00
501.36	874.88
501.49	934.25
501.62	881.75
501.75	865.88
501.87	914.50
502.00	813.00
502.13	872.12
502.26	869.38
502.39	843.25
502.52	845.62
502.64	808.62
502.77	837.75
502.90	893.75
503.03	856.88
503.16	835.00
503.29	838.25
503.42	920.38
503.54	872.50
503.67	867.12
503.80	866.38
503.93	911.12
504.06	829.38
504.19	847.25
504.31	908.50
504.44	878.25
504.57	889.12
504.70	871.38
504.83	812.62
504.96	883.00
505.08	856.75
505.21	872.25
505.34	962.50
505.47	922.25
505.60	908.38
505.73	914.38
505.85	901.50
505.98	994.75
506.11	857.88
506.24	836.62
506.37	831.38
506.50	873.38
506.62	912.88
506.75	838.38
506.88	838.75
507.01	881.50
507.14	819.62
507.27	859.00
507.39	832.88
507.52	845.62
507.65	847.12
507.78	871.50
507.91	829.75
508.04	925.38
508.16	930.88
508.29	878.38
508.42	854.38
508.55	831.38
508.68	844.12
508.81	909.50
508.93	845.12
509.06	853.88
509.19	905.00
509.32	890.62
509.45	871.38
509.57	892.12
509.70	836.00
509.83	865.50
509.96	823.88
510.09	870.50
510.22	865.00
510.34	868.25
510.47	857.00
510.60	976.12
510.73	882.62
510.86	882.25
510.98	852.88
511.11	850.00
511.24	922.62
511.37	890.75
511.50	852.00
511.63	881.00
511.75	871.50
511.88	866.88
512.01	884.88
512.14	874.75
512.27	886.12
512.39	865.75
512.52	856.38
512.65	883.38
512.78	841.62
512.91	867.88
513.03	871.62
513.16	915.62
513.29	883.50
513.42	857.25
513.55	834.62
513.67	891.88
513.80	818.50
513.93	844.50
514.06	845.62
514.19	889.00
514.31	888.00
514.44	905.25
514.57	857.62
514.70	871.88
514.83	920.88
514.95	845.62
515.08	876.50
515.21	894.88
515.34	862.25
515.47	863.75
515.59	841.75
515.72	894.75
515.85	898.75
515.98	919.25
516.11	875.75
516.23	914.00
516.36	945.62
516.49	891.50
516.62	877.75
516.75	935.25
516.87	932.25
517.00	846.75
517.13	900.62
517.26	935.88
517.39	899.38
517.51	814.75
517.64	868.50
517.77	947.12
517.90	846.88
518.02	869.00
518.15	837.62
518.28	799.12
518.41	876.12
518.54	869.75
518.66	881.12
518.79	838.25
518.92	860.38
519.05	840.38
519.18	865.75
519.30	903.12
519.43	827.88
519.56	849.62
519.69	859.12
519.81	922.75
519.94	868.38
520.07	809.00
520.20	852.00
520.33	885.62
520.45	933.62
520.58	881.50
520.71	884.62
520.84	926.25
520.96	892.75
521.09	869.25
521.22	849.88
521.35	908.25
521.48	904.50
521.60	850.38
521.73	872.62
521.86	935.12
521.99	962.38
522.11	889.88
522.24	873.62
522.37	904.62
522.50	896.75
522.62	928.12
522.75	821.12
522.88	887.50
523.01	862.00
523.14	892.25
523.26	888.38
523.39	957.50
523.52	855.50
523.65	968.25
523.77	909.62
523.90	883.00
524.03	866.62
524.16	865.25
524.28	855.00
524.41	867.12
524.54	878.38
524.67	836.38
524.79	858.38
524.92	900.88
525.05	950.88
525.18	840.75
525.31	911.88
525.43	846.88
525.56	998.25
525.69	859.25
525.82	814.62
525.94	925.50
526.07	922.62
526.20	905.75
526.33	919.38
526.45	1005.00
526.58	978.25
526.71	896.75
526.84	880.12
526.96	885.75
527.09	855.25
527.22	864.88
527.35	862.25
527.47	833.88
527.60	951.88
527.73	844.88
527.86	902.88
527.98	902.50
528.11	904.75
528.24	831.88
528.37	865.00
528.49	840.75
528.62	893.38
528.75	908.88
528.88	850.12
529.00	900.75
529.13	923.75
529.26	887.00
529.39	912.75
529.51	1019.12
529.64	992.25
529.77	846.12
529.90	859.00
530.02	867.38
530.15	848.25
530.28	813.00
530.40	851.00
530.53	883.88
530.66	918.12
530.79	866.62
530.91	871.12
531.04	859.75
531.17	875.62
531.30	876.50
531.42	882.38
531.55	890.88
531.68	943.88
531.81	851.25
531.93	875.25
532.06	890.00
532.19	850.25
532.31	871.88
532.44	869.75
532.57	903.00
532.70	857.75
532.82	884.88
532.95	905.62
533.08	948.25
533.21	915.00
533.33	853.00
533.46	862.88
533.59	870.88
533.71	990.62
533.84	893.00
533.97	858.62
534.10	859.12
534.22	848.25
534.35	873.38
534.48	890.38
534.61	917.00
534.73	813.62
534.86	853.38
534.99	891.50
535.11	937.00
535.24	894.38
535.37	853.25
535.50	842.88
535.62	853.00
535.75	946.50
535.88	882.38
536.00	862.12
536.13	863.62
536.26	870.38
536.39	862.00
536.51	833.50
536.64	900.88
536.77	884.88
536.89	878.00
537.02	890.38
537.15	901.75
537.28	890.75
537.40	893.25
537.53	867.88
537.66	938.25
537.78	896.38
537.91	853.12
538.04	864.38
538.17	926.38
538.29	903.75
538.42	953.62
538.55	937.75
538.67	914.50
538.80	864.88
538.93	896.50
539.05	888.50
539.18	954.75
539.31	930.00
539.44	893.00
539.56	814.38
539.69	873.62
539.82	870.12
539.94	853.62
540.07	851.25
540.20	952.12
540.32	857.88
540.45	879.12
540.58	870.62
540.71	939.50
540.83	838.75
540.96	864.88
541.09	878.25
541.21	967.25
541.34	944.75
541.47	856.25
541.59	883.25
541.72	962.12
541.85	1034.25
541.98	935.88
542.10	884.00
542.23	907.25
542.36	1010.12
542.48	902.25
542.61	886.12
542.74	846.50
542.86	867.25
542.99	880.62
543.12	865.75
543.24	897.00
543.37	836.25
543.50	884.38
543.62	860.00
543.75	879.75
543.88	876.88
544.01	894.88
544.13	909.88
544.26	916.88
544.39	870.62
544.51	866.12
544.64	846.25
544.77	913.50
544.89	870.38
545.02	890.38
545.15	862.88
545.27	968.12
545.40	940.62
545.53	919.75
545.65	910.25
545.78	821.50
545.91	853.00
546.03	870.88
546.16	885.75
546.29	872.38
546.41	843.50
546.54	871.38
546.67	851.25
546.79	921.50
546.92	967.25
547.05	840.75
547.17	887.75
547.30	858.88
547.43	917.88
547.56	846.75
547.68	883.00
547.81	847.62
547.94	912.50
548.06	872.25
548.19	849.75
548.32	956.12
548.44	898.12
548.57	907.12
548.70	927.12
548.82	934.75
548.95	925.38
549.08	881.50
549.20	878.12
549.33	983.12
549.45	901.25
549.58	873.00
549.71	843.25
549.83	940.00
549.96	847.50
550.09	893.25
550.21	871.12
550.34	900.50
550.47	879.25
550.59	879.00
550.72	823.00
550.85	895.38
550.97	955.75
551.10	878.38
551.23	878.38
551.35	956.12
551.48	907.12
551.61	883.75
551.73	870.62
551.86	964.75
551.99	961.62
552.11	896.00
552.24	928.00
552.37	904.75
552.49	854.75
552.62	877.12
552.75	925.12
552.87	875.75
553.00	862.88
553.12	899.75
553.25	877.38
553.38	915.38
553.50	947.50
553.63	884.38
553.76	832.75
553.88	897.25
554.01	884.12
554.14	887.25
554.26	911.12
554.39	974.50
554.52	896.75
554.64	887.88
554.77	868.38
554.89	922.12
555.02	942.25
555.15	903.00
555.27	892.88
555.40	900.25
555.53	951.25
555.65	882.38
555.78	855.12
555.91	930.62
556.03	980.75
556.16	864.88
556.29	897.50
556.41	959.00
556.54	958.88
556.66	889.75
556.79	877.88
556.92	899.12
557.04	909.62
557.17	877.38
557.30	876.25
557.42	882.88
557.55	894.50
557.67	910.50
557.80	884.12
557.93	894.88
558.05	900.12
558.18	859.38
558.31	896.75
558.43	944.88
558.56	917.12
558.68	897.25
558.81	866.75
558.94	889.00
559.06	1007.00
559.19	876.00
559.32	882.12
559.44	854.25
559.57	898.12
559.69	868.88
559.82	867.38
559.95	883.38
560.07	881.88
560.20	820.38
560.33	894.50
560.45	914.00
560.58	839.12
560.70	895.38
560.83	855.38
560.96	880.25
561.08	885.38
561.21	914.38
561.33	856.62
561.46	852.62
561.59	931.25
561.71	879.25
561.84	904.88
561.97	869.25
562.09	932.38
562.22	870.12
562.34	867.00
562.47	932.88
562.60	918.00
562.72	893.50
562.85	893.00
562.97	887.00
563.10	882.88
563.23	863.62
563.35	867.50
563.48	911.62
563.60	891.12
563.73	919.38
563.86	849.88
563.98	875.88
564.11	901.12
564.23	884.00
564.36	953.62
564.49	899.38
564.61	959.50
564.74	908.25
564.86	868.75
564.99	941.75
565.12	932.00
565.24	947.88
565.37	934.12
565.49	946.50
565.62	974.00
565.75	932.75
565.87	867.75
566.00	1042.50
566.12	969.88
566.25	913.88
566.38	935.00
566.50	914.25
566.63	940.25
566.75	892.12
566.88	870.00
567.01	867.00
567.13	888.75
567.26	885.88
567.38	876.12
567.51	943.62
567.64	877.50
567.76	922.75
567.89	909.25
568.01	869.50
568.14	862.62
568.26	906.88
568.39	907.75
568.52	903.00
568.64	961.50
568.77	899.75
568.89	878.88
569.02	878.12
569.15	903.62
569.27	881.50
569.40	909.75
569.52	925.50
569.65	883.25
569.77	881.50
569.90	856.12
570.03	846.00
570.15	971.00
570.28	901.00
570.40	896.62
570.53	891.38
570.66	961.25
570.78	939.12
570.91	912.25
571.03	871.25
571.16	908.00
571.28	860.38
571.41	844.00
571.54	854.00
571.66	847.75
571.79	875.00
571.91	867.75
572.04	854.75
572.16	909.50
572.29	927.50
572.42	881.12
572.54	918.25
572.67	877.62
572.79	913.25
572.92	897.12
573.04	919.12
573.17	949.50
573.29	909.50
573.42	888.75
573.55	933.88
573.67	920.88
573.80	891.38
573.92	867.25
574.05	911.62
574.17	958.62
574.30	900.25
574.43	889.00
574.55	875.25
574.68	910.75
574.80	880.25
574.93	884.75
575.05	870.12
575.18	887.00
575.30	891.12
575.43	928.50
575.56	956.62
575.68	924.62
575.81	886.12
575.93	864.62
576.06	930.88
576.18	936.75
576.31	896.50
576.43	876.12
576.56	1000.38
576.69	958.38
576.81	920.00
576.94	886.38
577.06	903.00
577.19	940.12
577.31	911.12
577.44	923.25
577.56	956.88
577.69	923.75
577.82	927.00
577.94	883.62
578.07	856.25
578.19	931.12
578.32	937.12
578.44	882.25
578.57	888.12
578.69	954.50
578.82	909.62
578.94	939.38
579.07	961.00
579.19	944.62
579.32	921.38
579.45	919.75
579.57	898.75
579.70	877.75
579.82	920.75
579.95	893.00
580.07	972.00
580.20	903.00
580.32	909.38
580.45	945.88
580.57	941.75
580.70	946.50
580.82	934.88
580.95	939.25
581.08	871.12
581.20	953.00
581.33	896.38
581.45	923.50
581.58	914.88
581.70	927.12
581.83	832.50
581.95	920.62
582.08	940.00
582.20	902.12
582.33	910.88
582.45	880.62
582.58	898.12
582.70	932.00
582.83	880.88
582.95	910.00
583.08	947.88
583.21	960.50
583.33	917.75
583.46	881.25
583.58	865.62
583.71	934.50
583.83	922.00
583.96	919.50
584.08	939.00
584.21	942.62
584.33	930.25
584.46	899.88
584.58	867.88
584.71	945.12
584.83	940.88
584.96	915.50
585.08	890.25
585.21	1012.00
585.33	975.50
585.46	943.62
585.58	952.25
585.71	895.12
585.83	911.75
585.96	945.38
586.08	933.62
586.21	936.88
586.33	950.50
586.46	873.62
586.59	945.38
586.71	888.62
586.84	935.12
586.96	921.25
587.09	860.00
587.21	892.12
587.34	949.88
587.46	893.12
587.59	868.88
587.71	906.25
587.84	894.62
587.96	845.50
588.09	864.75
588.21	938.25
588.34	903.88
588.46	922.75
588.59	899.12
588.71	935.00
588.84	923.00
588.96	908.75
589.09	1006.25
589.21	920.62
589.34	884.88
589.46	909.25
589.59	922.00
589.71	970.50
589.84	870.75
589.96	888.25
590.09	909.50
590.21	942.25
590.34	918.12
590.46	922.75
590.59	890.50
590.71	901.75
590.84	947.62
590.96	885.50
591.09	932.00
591.21	924.00
591.34	892.62
591.46	901.62
591.59	971.00
591.71	939.88
591.83	903.00
591.96	861.50
592.08	900.62
592.21	949.12
592.33	920.62
592.46	895.62
592.58	924.75
592.71	963.25
592.83	1000.62
592.96	951.38
593.08	970.25
593.21	876.38
593.33	872.88
593.46	903.00
593.58	910.00
593.71	954.12
593.83	966.38
593.96	887.75
594.08	1029.12
594.21	911.12
594.33	896.50
594.46	884.12
594.58	871.75
594.71	852.25
594.83	921.00
594.96	911.38
595.08	1074.25
595.20	946.25
595.33	926.12
595.45	883.88
595.58	1004.25
595.70	939.50
595.83	897.25
595.95	918.25
596.08	933.12
596.20	876.62
596.33	868.00
596.45	913.62
596.58	885.38
596.70	872.62
596.83	899.88
596.95	900.12
597.08	929.62
597.20	879.50
597.32	894.62
597.45	926.00
597.57	908.75
597.70	950.12
597.82	903.62
597.95	912.00
598.07	919.75
598.20	927.12
598.32	915.62
598.45	903.88
598.57	962.75
598.70	983.00
598.82	899.75
598.94	907.12
599.07	965.50
599.19	917.25
599.32	897.50
599.44	827.12
599.57	960.50
599.69	929.62
599.82	907.38
599.94	872.50
600.07	961.75
600.19	948.75
600.31	893.00
600.44	954.62
600.56	1034.62
600.69	1016.00
600.81	904.38
600.94	907.25
601.06	919.00
601.19	948.75
601.31	957.25
601.44	875.50
601.56	982.25
601.68	955.00
601.81	932.25
601.93	923.75
602.06	944.62
602.18	877.38
602.31	905.25
602.43	969.25
602.56	956.00
602.68	925.00
602.80	921.12
602.93	931.75
603.05	896.50
603.18	932.62
603.30	886.25
603.43	892.25
603.55	921.00
603.68	941.25
603.80	930.50
603.92	921.88
604.05	908.50
604.17	902.00
604.30	881.75
604.42	901.25
604.55	914.12
604.67	951.50
604.79	901.50
604.92	913.00
605.04	902.75
605.17	906.12
605.29	899.62
605.42	897.50
605.54	984.38
605.66	932.25
605.79	941.00
605.91	914.88
606.04	918.62
606.16	900.62
606.29	934.38
606.41	886.75
606.53	912.38
606.66	873.38
606.78	912.88
606.91	907.12
607.03	897.25
607.16	896.00
607.28	886.38
607.40	923.50
607.53	946.00
607.65	893.38
607.78	894.00
607.90	923.25
608.03	1030.38
608.15	930.38
608.27	937.62
608.40	874.88
608.52	934.50
608.65	919.12
608.77	951.38
608.89	922.75
609.02	998.62
609.14	999.88
609.27	942.50
609.39	955.88
609.52	903.38
609.64	857.25
609.76	893.88
609.89	906.38
610.01	976.50
610.14	959.38
610.26	915.38
610.38	886.50
610.51	963.50
610.63	906.75
610.76	884.75
610.88	943.62
611.01	985.62
611.13	1026.25
611.25	951.88
611.38	889.88
611.50	919.25
611.63	949.62
611.75	927.00
611.87	937.12
612.00	907.88
612.12	974.38
612.25	915.12
612.37	891.00
612.49	994.75
612.62	981.50
612.74	989.88
612.87	925.00
612.99	933.25
613.11	871.75
613.24	912.12
613.36	914.50
613.49	933.62
613.61	932.38
613.73	905.00
613.86	952.88
613.98	894.62
614.11	969.00
614.23	955.50
614.35	971.12
614.48	979.50
614.60	938.25
614.72	920.00
614.85	937.50
614.97	937.50
615.10	942.00
615.22	918.12
615.34	932.12
615.47	977.75
615.59	898.00
615.72	921.75
615.84	939.62
615.96	907.50
616.09	1016.25
616.21	922.75
616.34	910.00
616.46	925.12
616.58	957.25
616.71	949.62
616.83	966.62
616.95	953.00
617.08	960.75
617.20	928.38
617.33	888.25
617.45	920.88
617.57	951.75
617.70	936.00
617.82	907.88
617.95	935.75
618.07	1003.50
618.19	948.88
618.32	944.62
618.44	906.00
618.56	889.38
618.69	863.88
618.81	874.12
618.94	972.88
619.06	923.75
619.18	919.25
619.31	886.38
619.43	892.88
619.55	945.88
619.68	941.00
619.80	893.75
619.92	947.75
620.05	1062.25
620.17	985.62
620.30	934.50
620.42	959.62
620.54	978.88
620.67	910.38
620.79	936.25
620.91	953.25
621.04	997.62
621.16	920.12
621.29	904.75
621.41	880.75
621.53	913.25
621.66	918.25
621.78	911.38
621.90	971.12
622.03	1033.38
622.15	934.75
622.27	928.50
622.40	944.00
622.52	911.50
622.64	905.62
622.77	887.25
622.89	952.00
623.02	973.50
623.14	948.88
623.26	956.88
623.39	955.12
623.51	983.25
623.63	920.50
623.76	897.38
623.88	998.75
624.00	933.88
624.13	902.12
624.25	903.38
624.37	891.25
624.50	977.75
624.62	953.38
624.75	898.50
624.87	890.25
624.99	955.88
625.12	914.88
625.24	926.62
625.36	1012.62
625.49	965.25
625.61	951.12
625.73	941.88
625.86	980.38
625.98	930.38
626.10	904.75
626.23	883.62
626.35	948.38
626.47	921.38
626.60	896.25
626.72	908.38
626.84	911.00
626.97	948.75
627.09	931.25
627.21	931.00
627.34	1042.38
627.46	1031.38
627.58	932.62
627.71	941.62
627.83	967.38
627.95	898.62
628.08	938.00
628.20	931.25
628.32	870.50
628.45	854.75
628.57	869.75
628.69	906.38
628.82	963.38
628.94	997.50
629.06	940.38
629.19	918.12
629.31	976.50
629.43	907.75
629.56	951.12
629.68	928.38
629.80	983.62
629.93	903.75
630.05	910.25
630.17	900.38
630.30	917.62
630.42	913.12
630.54	954.88
630.67	929.38
630.79	909.75
630.91	1053.12
631.04	947.38
631.16	945.25
631.28	956.12
631.41	916.75
631.53	898.38
631.65	931.00
631.78	961.62
631.90	944.50
632.02	938.62
632.14	857.00
632.27	1002.38
632.39	942.62
632.51	922.25
632.64	979.50
632.76	945.62
632.88	922.25
633.01	951.88
633.13	928.25
633.25	946.25
633.38	1053.75
633.50	882.00
633.62	887.38
633.75	880.38
633.87	871.88
633.99	949.38
634.11	887.75
634.24	923.88
634.36	932.25
634.48	925.50
634.61	923.38
634.73	968.25
634.85	917.88
634.98	911.38
635.10	914.50
635.22	937.88
635.35	1048.12
635.47	952.75
635.59	925.12
635.71	957.38
635.84	982.25
635.96	917.25
636.08	971.12
636.21	918.75
636.33	953.00
636.45	933.25
636.58	910.25
636.70	884.62
636.82	965.75
636.94	914.88
637.07	878.38
637.19	972.75
637.31	963.12
637.44	966.38
637.56	888.00
637.68	957.00
637.81	956.62
637.93	949.12
638.05	906.62
638.17	995.62
638.30	1053.50
638.42	944.50
638.54	910.50
638.67	937.12
638.79	948.62
638.91	909.50
639.03	930.75
639.16	929.38
639.28	936.38
639.40	936.12
639.53	923.38
639.65	972.88
639.77	938.50
639.89	946.25
640.02	944.00
640.14	951.12
640.26	906.62
640.39	966.50
640.51	917.62
640.63	963.00
640.75	987.88
640.88	937.12
641.00	918.25
641.12	915.50
641.24	1024.38
641.37	937.75
641.49	903.75
641.61	1041.12
641.74	921.88
641.86	968.88
641.98	906.12
642.10	956.50
642.23	962.50
642.35	924.25
642.47	960.12
642.60	950.88
642.72	973.62
642.84	886.25
642.96	901.75
643.09	907.88
643.21	903.12
643.33	905.88
643.45	907.88
643.58	988.62
643.70	1024.38
643.82	933.62
643.94	937.62
644.07	958.62
644.19	959.38
644.31	952.88
644.44	954.00
644.56	941.25
644.68	908.50
644.80	909.00
644.93	908.75
645.05	910.25
645.17	959.62
645.29	954.25
645.42	953.62
645.54	950.62
645.66	973.25
645.78	938.38
645.91	929.12
646.03	980.12
646.15	1021.62
646.27	928.00
646.40	959.62
646.52	987.50
646.64	993.25
646.76	936.38
646.89	888.50
647.01	979.00
647.13	971.12
647.25	984.00
647.38	941.00
647.50	918.50
647.62	991.12
647.74	905.25
647.87	913.12
647.99	959.62
648.11	974.50
648.23	942.12
648.36	892.38
648.48	1014.12
648.60	963.75
648.72	926.00
648.85	915.38
648.97	996.75
649.09	972.88
649.21	931.62
649.34	965.50
649.46	963.88
649.58	965.62
649.70	980.00
649.83	927.12
649.95	1003.62
650.07	998.12
650.19	989.75
650.32	963.75
650.44	1004.38
650.56	974.38
650.68	936.25
650.81	935.25
650.93	937.12
651.05	1013.62
651.17	920.88
651.29	971.62
651.42	954.00
651.54	981.00
651.66	921.62
651.78	922.50
651.91	979.38
652.03	1071.50
652.15	980.50
652.27	929.25
652.40	966.12
652.52	947.12
652.64	960.12
652.76	935.75
652.88	1058.62
653.01	963.62
653.13	920.62
653.25	894.88
653.37	989.00
653.50	1003.88
653.62	977.25
653.74	907.25
653.86	1005.75
653.98	990.88
654.11	923.38
654.23	943.75
654.35	944.25
654.47	1075.75
654.60	947.88
654.72	951.88
654.84	925.62
654.96	1005.12
655.08	944.88
655.21	972.50
655.33	949.62
655.45	1009.62
655.57	973.62
655.70	959.12
655.82	1000.75
655.94	1039.12
656.06	992.62
656.18	924.00
656.31	1024.75
656.43	994.75
656.55	934.62
656.67	950.88
656.79	959.00
656.92	1016.50
657.04	972.25
657.16	950.88
657.28	1077.62
657.40	985.62
657.53	990.38
657.65	945.00
657.77	1021.62
657.89	1021.25
658.01	954.12
658.14	927.38
658.26	1001.50
658.38	955.62
658.50	923.00
658.62	915.62
658.75	1096.12
658.87	1009.00
658.99	992.25
659.11	937.50
659.23	1014.00
659.36	1069.75
659.48	1022.88
659.60	990.88
659.72	982.12
659.84	972.00
659.97	996.12
660.09	997.50
660.21	1081.50
660.33	1019.88
660.45	914.88
660.58	897.75
660.70	944.88
660.82	965.12
660.94	923.62
661.06	967.88
661.19	1028.88
661.31	1005.00
661.43	967.38
661.55	958.00
661.67	1009.25
661.80	1045.12
661.92	968.00
662.04	978.38
662.16	982.62
662.28	1033.25
662.40	975.00
662.53	974.75
662.65	1001.50
662.77	948.25
662.89	986.25
663.01	945.88
663.14	972.00
663.26	999.50
663.38	972.50
663.50	936.38
663.62	957.50
663.74	980.25
663.87	952.88
663.99	981.62
664.11	997.75
664.23	1091.88
664.35	967.00
664.48	957.25
664.60	966.62
664.72	964.25
664.84	932.12
664.96	967.38
665.08	1034.75
665.21	990.75
665.33	1007.38
665.45	919.50
665.57	979.25
665.69	1054.75
665.81	976.38
665.94	940.38
666.06	940.88
666.18	1000.38
666.30	964.00
666.42	951.62
666.54	996.50
666.67	1005.50
666.79	945.00
666.91	1015.12
667.03	976.50
667.15	939.75
667.27	973.75
667.40	950.12
667.52	978.50
667.64	1026.38
667.76	960.75
667.88	937.62
668.00	1016.38
668.13	1024.38
668.25	950.00
668.37	940.75
668.49	966.25
668.61	1032.12
668.73	973.62
668.85	988.50
668.98	1009.00
669.10	998.88
669.22	968.25
669.34	976.12
669.46	1021.62
669.58	967.25
669.71	986.62
669.83	979.00
669.95	974.00
670.07	987.25
670.19	960.25
670.31	972.25
670.43	969.00
670.56	1006.50
670.68	1032.62
670.80	1002.62
670.92	992.75
671.04	1055.00
671.16	975.25
671.28	964.25
671.41	973.62
671.53	1023.75
671.65	971.00
671.77	981.62
671.89	1129.25
672.01	1082.38
672.13	1026.50
672.26	961.12
672.38	994.62
672.50	964.88
672.62	988.62
672.74	1003.00
672.86	984.38
672.98	995.75
673.11	990.38
673.23	992.88
673.35	1053.00
673.47	991.50
673.59	985.12
673.71	948.00
673.83	1022.38
673.96	1106.75
674.08	995.00
674.20	946.50
674.32	990.00
674.44	997.25
674.56	1009.88
674.68	1006.25
674.80	1025.38
674.93	997.50
675.05	977.75
675.17	999.00
675.29	1033.25
675.41	1044.12
675.53	993.88
675.65	977.00
675.77	990.00
675.90	1052.62
676.02	970.62
676.14	974.38
676.26	1075.88
676.38	1102.88
676.50	1005.38
676.62	1021.12
676.74	958.50
676.87	986.00
676.99	1004.75
677.11	1044.88
677.23	1015.38
677.35	1025.50
677.47	942.38
677.59	970.12
677.71	1026.00
677.83	1032.88
677.96	1000.38
678.08	994.12
678.20	1000.38
678.32	974.88
678.44	996.12
678.56	997.25
678.68	1141.50
678.80	1044.50
678.93	988.00
679.05	1003.88
679.17	1002.38
679.29	1053.38
679.41	1002.12
679.53	972.88
679.65	982.00
679.77	1016.88
679.89	999.75
680.01	1030.88
680.14	1026.62
680.26	938.50
680.38	987.38
680.50	1025.62
680.62	1091.25
680.74	1022.25
680.86	993.62
680.98	1002.25
681.10	1024.25
681.22	1118.50
681.35	987.62
681.47	990.50
681.59	979.62
681.71	1090.38
681.83	1005.75
681.95	981.88
682.07	1067.88
682.19	1031.88
682.31	986.62
682.43	971.50
682.56	1045.12
682.68	965.62
682.80	978.50
682.92	1026.12
683.04	1018.75
683.16	995.50
683.28	976.50
683.40	1034.88
683.52	1013.62
683.64	1036.12
683.76	978.00
683.89	987.75
684.01	1008.12
684.13	1065.38
684.25	1016.62
684.37	1013.62
684.49	1045.88
684.61	1000.62
684.73	1006.62
684.85	1000.25
684.97	980.75
685.09	1072.12
685.21	972.88
685.34	1009.88
685.46	1139.00
685.58	1039.75
685.70	1022.00
685.82	1050.00
685.94	989.25
686.06	986.25
686.18	978.25
686.30	1002.00
686.42	972.50
686.54	1056.88
686.66	978.38
686.79	1080.00
686.91	1029.62
687.03	1127.50
687.15	1042.62
687.27	1011.25
687.39	1017.50
687.51	1091.38
687.63	1030.12
687.75	1069.00
687.87	1040.88
687.99	1106.12
688.11	984.25
688.23	1030.12
688.35	1073.38
688.48	1059.12
688.60	982.88
688.72	1004.75
688.84	1034.88
688.96	1056.75
689.08	1014.88
689.20	1006.62
689.32	1135.50
689.44	1038.12
689.56	969.38
689.68	993.75
689.80	1014.88
689.92	991.88
690.04	999.00
690.16	1045.50
690.28	1041.25
690.41	1042.25
690.53	990.88
690.65	1053.38
690.77	1070.75
690.89	1069.00
691.01	1023.50
691.13	1004.00
691.25	984.75
691.37	1016.62
691.49	968.00
691.61	975.00
691.73	1098.12
691.85	1031.50
691.97	1010.25
692.09	987.38
692.21	1069.62
692.33	1104.38
692.45	1040.12
692.57	1004.75
692.70	1040.12
692.82	1050.12
692.94	968.75
693.06	1000.75
693.18	1030.62
693.30	1008.88
693.42	992.25
693.54	1033.62
693.66	1047.25
693.78	1054.00
693.90	1011.00
694.02	1031.88
694.14	1050.50
694.26	1013.50
694.38	1043.50
694.50	1035.12
694.62	1047.88
694.74	990.00
694.86	987.75
694.98	1030.38
695.10	1045.50
695.22	1082.62
695.34	1005.62
695.46	1001.88
695.58	1009.50
695.71	1041.75
695.83	1009.38
695.95	1013.12
696.07	1091.88
696.19	1001.75
696.31	1002.75
696.43	986.50
696.55	1107.00
696.67	1041.50
696.79	1013.88
696.91	1025.25
697.03	1013.38
697.15	1114.75
697.27	1037.62
697.39	1003.88
697.51	1074.00
697.63	998.88
697.75	1008.62
697.87	1038.38
697.99	990.25
698.11	963.25
698.23	987.38
698.35	1007.25
698.47	1017.38
698.59	1044.38
698.71	1022.88
698.83	1071.12
698.95	1004.50
699.07	1042.88
699.19	1011.00
699.31	1025.50
699.43	998.75
699.55	1056.75
699.67	1015.00
699.79	1019.38
699.91	1018.88
700.03	1034.12
700.15	1041.62
700.27	993.75
700.39	1029.62
700.51	991.50
700.63	1027.12
700.75	1009.38
700.87	1049.12
700.99	1015.00
701.11	1056.75
701.24	1028.88
701.36	1073.75
701.48	1077.12
701.60	1067.00
701.72	1003.00
701.84	1106.75
701.96	1054.00
702.08	1040.12
702.20	1122.62
702.32	1072.75
702.44	1068.25
702.56	1030.38
702.68	1027.50
702.80	1048.25
702.92	1126.00
703.04	1094.75
703.16	1040.25
703.28	1047.62
703.40	1031.50
703.52	1052.62
703.64	1054.38
703.76	1062.62
703.88	1033.25
704.00	1021.25
704.12	1026.38
704.24	1089.88
704.36	1055.25
704.48	1054.12
704.60	1003.75
704.72	1039.25
704.84	1029.00
704.96	1069.00
705.07	1052.12
705.19	1009.50
705.31	1031.38
705.43	1069.75
705.55	1018.38
705.67	1066.75
705.79	1048.00
705.91	978.62
706.03	1035.00
706.15	1045.88
706.27	1040.25
706.39	1031.75
706.51	1007.50
706.63	1025.12
706.75	1071.38
706.87	1060.50
706.99	1110.38
707.11	1046.62
707.23	1032.00
707.35	1067.25
707.47	1046.62
707.59	1079.38
707.71	1093.25
707.83	1032.00
707.95	1088.62
708.07	1038.88
708.19	1172.25
708.31	1059.88
708.43	1008.50
708.55	1070.25
708.67	1107.25
708.79	1058.62
708.91	1087.38
709.03	1065.00
709.15	1099.75
709.27	1021.50
709.39	1057.62
709.51	1046.88
709.63	1071.25
709.75	1077.50
709.87	1004.62
709.99	1090.12
710.11	1031.88
710.23	1024.38
710.35	1006.50
710.47	1157.25
710.58	1106.88
710.70	1099.50
710.82	1101.62
710.94	1063.88
711.06	1051.25
711.18	1059.50
711.30	1034.12
711.42	1087.38
711.54	1054.75
711.66	1080.38
711.78	1030.38
711.90	1085.12
712.02	1130.12
712.14	1030.12
712.26	1004.62
712.38	1111.88
712.50	1117.50
712.62	1038.00
712.74	1032.25
712.86	1041.12
712.98	1104.75
713.10	1032.75
713.22	1017.00
713.34	1063.38
713.45	1037.88
713.57	1074.38
713.69	1025.50
713.81	1045.38
713.93	1065.00
714.05	1046.38
714.17	998.75
714.29	1121.50
714.41	1113.62
714.53	1050.12
714.65	1080.50
714.77	1058.00
714.89	1018.50
715.01	1109.25
715.13	1040.25
715.25	1072.62
715.37	1032.50
715.49	1009.25
715.61	1079.62
715.72	1086.50
715.84	1112.00
715.96	1046.38
716.08	1050.00
716.20	1134.12
716.32	1115.88
716.44	1060.38
716.56	1058.25
716.68	1069.38
716.80	1149.50
716.92	1122.62
717.04	1083.25
717.16	1088.38
717.28	1063.12
717.40	1054.25
717.52	1059.12
717.63	1042.25
717.75	1070.50
717.87	1069.62
717.99	1078.12
718.11	1056.75
718.23	1131.12
718.35	1084.38
718.47	1070.75
718.59	1010.25
718.71	1061.75
718.83	1050.50
718.95	1093.88
719.07	1019.00
719.19	1059.50
719.30	1051.50
719.42	1077.00
719.54	1060.00
719.66	1085.00
719.78	1073.62
719.90	1004.88
720.02	1064.12
720.14	1087.75
720.26	1104.88
720.38	1090.12
720.50	1052.75
720.62	1000.62
720.74	1072.00
720.85	1071.50
720.97	1138.38
721.09	1170.38
721.21	1057.25
721.33	1125.62
721.45	1074.75
721.57	1092.00
721.69	1037.38
721.81	1012.50
721.93	1135.62
722.05	1083.00
722.16	1036.75
722.28	1008.38
722.40	1046.62
722.52	1132.12
722.64	1129.88
722.76	1037.88
722.88	1097.25
723.00	1104.00
723.12	1048.62
723.24	1083.25
723.36	1012.50
723.47	1115.62
723.59	1081.88
723.71	1060.75
723.83	1099.38
723.95	1061.00
724.07	1080.50
724.19	1091.12
724.31	1152.00
724.43	1045.25
724.55	1001.12
724.66	1040.75
724.78	1217.75
724.90	1048.12
725.02	1049.12
725.14	1046.38
725.26	1078.12
725.38	1010.00
725.50	1065.88
725.62	1083.25
725.74	1071.88
725.85	1071.50
725.97	1076.62
726.09	1135.25
726.21	1412.88
726.33	1115.25
726.45	1076.12
726.57	1046.12
726.69	1091.12
726.81	1086.50
726.92	1075.88
727.04	1084.62
727.16	1106.38
727.28	1071.62
727.40	1072.25
727.52	1084.75
727.64	1210.50
727.76	1171.50
727.88	1103.88
727.99	1038.38
728.11	1048.25
728.23	1071.88
728.35	1057.25
728.47	1062.50
728.59	1073.12
728.71	1099.50
728.83	1092.62
728.94	1109.12
729.06	1181.00
729.18	1152.38
729.30	1109.12
729.42	1093.38
729.54	1170.88
729.66	1177.12
729.78	1084.50
729.90	1098.62
730.01	1072.88
730.13	1010.88
730.25	1073.62
730.37	1063.88
730.49	1107.75
730.61	1109.12
730.73	1104.25
730.84	1119.00
730.96	1111.25
731.08	1105.88
731.20	1094.50
731.32	1091.62
731.44	1241.25
731.56	1086.62
731.68	1052.12
731.79	1099.12
731.91	1055.38
732.03	1069.62
732.15	1087.12
732.27	1048.50
732.39	1074.75
732.51	1126.12
732.62	1062.75
732.74	1082.75
732.86	1145.38
732.98	1102.38
733.10	1081.12
733.22	1096.88
733.34	1114.62
733.45	1033.62
733.57	1081.88
733.69	1041.25
733.81	1074.00
733.93	1101.38
734.05	1019.50
734.17	1078.62
734.28	1087.88
734.40	1094.50
734.52	1069.00
734.64	1077.75
734.76	1167.12
734.88	1102.25
735.00	1053.62
735.11	1084.88
735.23	1140.50
735.35	1078.62
735.47	1042.75
735.59	1125.88
735.71	1083.50
735.83	1097.75
735.94	1111.00
736.06	1099.50
736.18	1149.12
736.30	1141.62
736.42	1118.62
736.54	1111.25
736.65	1126.25
736.77	1248.12
736.89	1140.62
737.01	1104.00
737.13	1204.38
737.25	1031.75
737.36	1052.88
737.48	1078.12
737.60	1100.88
737.72	1075.75
737.84	1088.25
737.96	1146.00
738.08	1093.75
738.19	1196.88
738.31	1076.75
738.43	1100.62
738.55	1094.50
738.67	1100.62
738.79	1072.88
738.90	1087.25
739.02	1113.75
739.14	1080.62
739.26	1094.50
739.38	1097.12
739.50	1118.00
739.61	1099.25
739.73	1097.38
739.85	1089.62
739.97	1108.62
740.09	1151.88
740.20	1057.00
740.32	1111.62
740.44	1127.62
740.56	1068.12
740.68	1087.50
740.80	1098.25
740.91	1100.12
741.03	1141.25
741.15	1122.50
741.27	1080.75
741.39	1146.00
741.51	1113.12
741.62	1148.25
741.74	1104.50
741.86	1107.62
741.98	1087.25
742.10	1107.12
742.21	1112.38
742.33	1108.12
742.45	1066.25
742.57	1153.88
742.69	1091.75
742.80	1143.50
742.92	1104.62
743.04	1096.00
743.16	1086.38
743.28	1162.12
743.40	1065.00
743.51	1073.12
743.63	1068.38
743.75	1110.50
743.87	1101.50
743.99	1114.88
744.10	1094.12
744.22	1109.88
744.34	1078.38
744.46	1123.75
744.58	1113.75
744.69	1038.38
744.81	1112.12
744.93	1058.38
745.05	1058.50
745.17	1178.75
745.28	1176.25
745.40	1120.38
745.52	1096.88
745.64	1109.75
745.76	1155.38
745.87	1091.88
745.99	1072.25
746.11	1110.00
746.23	1066.62
746.35	1096.88
746.46	1078.38
746.58	1214.00
746.70	1122.62
746.82	1117.50
746.94	1093.50
747.05	1076.00
747.17	1054.75
747.29	1047.75
747.41	1086.12
747.53	1226.62
747.64	1091.62
747.76	1154.62
747.88	1149.88
748.00	1150.50
748.12	1118.38
748.23	1103.38
748.35	1124.12
748.47	1145.00
748.59	1147.88
748.70	1082.75
748.82	1065.00
748.94	1069.00
749.06	1095.88
749.18	1094.38
749.29	1070.12
749.41	1125.50
749.53	1104.00
749.65	1086.38
749.76	1138.00
749.88	1100.62
750.00	1117.25
750.12	1140.88
750.24	1116.25
750.35	1104.88
750.47	1072.88
750.59	1125.88
750.71	1094.62
750.82	1135.38
750.94	1079.00
751.06	1096.38
751.18	1076.12
751.30	1145.38
751.41	1144.38
751.53	1137.88
751.65	1080.12
751.77	1090.75
751.88	1117.50
752.00	1147.25
752.12	1056.75
752.24	1159.50
752.35	1129.25
752.47	1135.25
752.59	1142.00
752.71	1186.75
752.83	1093.25
752.94	1164.75
753.06	1085.50
753.18	1114.38
753.30	1081.62
753.41	1037.25
753.53	1087.12
753.65	1087.12
753.77	1156.00
753.88	1075.50
754.00	1110.88
754.12	1111.12
754.24	1176.25
754.35	1079.62
754.47	1039.12
754.59	1131.38
754.71	1134.12
754.82	1100.00
754.94	1083.62
755.06	1165.38
755.18	1119.00
755.29	1120.38
755.41	1091.00
755.53	1136.88
755.65	1075.00
755.76	1116.12
755.88	1106.75
756.00	1172.00
756.12	1086.62
756.23	1006.75
756.35	1065.38
756.47	1147.88
756.59	1083.38
756.70	1076.12
756.82	1080.00
756.94	1085.38
757.06	1124.50
757.17	1118.75
757.29	1096.25
757.41	1053.25
757.53	1122.12
757.64	1108.38
757.76	1103.38
757.88	1116.62
758.00	1124.50
758.11	1085.25
758.23	1063.38
758.35	1126.12
758.47	1067.50
758.58	1123.12
758.70	1056.00
758.82	1088.25
758.94	1060.50
759.05	1096.25
759.17	1047.50
759.29	1090.00
759.40	1167.50
759.52	1085.88
759.64	1087.38
759.76	1109.50
759.87	1124.50
759.99	1119.88
760.11	1086.25
760.23	1117.75
760.34	1147.12
760.46	1125.00
760.58	1086.88
760.70	1103.50
760.81	1148.00
760.93	1113.00
761.05	1129.88
761.16	1109.75
761.28	1087.62
761.40	1078.25
761.52	1063.12
761.63	1157.12
761.75	1108.75
761.87	1077.88
761.98	1053.88
762.10	1137.12
762.22	1101.62
762.34	1135.62
762.45	1084.38
762.57	1135.00
762.69	1237.00
762.81	1091.88
762.92	1117.88
763.04	1045.38
763.16	1121.38
763.27	1121.12
763.39	1082.88
763.51	1126.62
763.63	1134.88
763.74	1080.38
763.86	1041.12
763.98	1079.25
764.09	1085.00
764.21	1100.12
764.33	1055.12
764.44	1069.12
764.56	1104.12
764.68	1064.25
764.80	1094.75
764.91	1039.25
765.03	1164.62
765.15	1093.88
765.26	1088.25
765.38	1059.00
765.50	1130.38
765.62	1103.75
765.73	1095.38
765.85	1111.75
765.97	1056.62
766.08	1099.00
766.20	1114.00
766.32	1105.50
766.43	1138.50
766.55	1121.88
766.67	1082.88
766.79	1089.12
766.90	1068.50
767.02	1025.75
767.14	1043.75
767.25	1052.25
767.37	1189.12
767.49	1110.75
767.60	1087.75
767.72	1145.75
767.84	1119.75
767.95	1080.75
768.07	1059.12
768.19	1112.75
768.31	1125.62
768.42	1100.25
768.54	1085.62
768.66	1091.50
768.77	1126.38
768.89	1093.12
769.01	1067.00
769.12	1120.50
769.24	1110.50
769.36	1063.25
769.47	1059.12
769.59	1052.00
769.71	1116.38
769.82	1081.25
769.94	1077.50
770.06	1048.75
770.17	1135.25
770.29	1104.88
770.41	1120.75
770.53	1118.50
770.64	1048.38
770.76	1084.50
770.88	1108.00
770.99	1116.75
771.11	1054.88
771.23	1101.00
771.34	1092.00
771.46	1187.00
771.58	1150.88
771.69	1115.88
771.81	1092.75
771.93	1129.00
772.04	1067.00
772.16	1111.00
772.28	1081.62
772.39	1137.00
772.51	1087.12
772.63	1110.25
772.74	1076.75
772.86	1078.75
772.98	1205.00
773.09	1054.75
773.21	1065.12
773.33	1108.62
773.44	1113.25
773.56	1077.62
773.68	1085.50
773.79	1137.25
773.91	1075.75
774.03	1092.25
774.14	1072.50
774.26	1141.00
774.38	1058.62
774.49	1046.25
774.61	1079.75
774.73	1089.00
774.84	1072.88
774.96	1048.62
775.08	1078.38
775.19	1107.38
775.31	1142.88
775.43	1094.38
775.54	1066.38
775.66	1030.88
775.77	1134.50
775.89	1051.12
776.01	1115.25
776.12	1132.88
776.24	1101.00
776.36	1039.38
776.47	1049.12
776.59	1090.50
776.71	1130.38
776.82	1019.25
776.94	1032.25
777.06	1068.00
777.17	1149.50
777.29	1042.62
777.41	1056.00
777.52	1106.25
777.64	1093.00
777.75	1108.75
777.87	1016.12
777.99	1062.00
778.10	1121.12
778.22	1056.88
778.34	1086.00
778.45	1074.62
778.57	1124.62
778.69	1115.62
778.80	1089.12
778.92	1176.00
779.04	1096.12
779.15	1081.88
779.27	1113.75
779.38	1110.88
779.50	1134.00
779.62	1024.88
779.73	1071.88
779.85	1019.75
779.97	1186.00
780.08	1085.88
780.20	1074.88
780.31	1102.62
780.43	1119.12
780.55	1056.25
780.66	1083.25
780.78	1092.12
780.90	1186.88
781.01	1053.12
781.13	1073.12
781.25	1068.25
781.36	1125.62
781.48	1048.62
781.59	1069.50
781.71	1106.88
781.83	1095.75
781.94	1054.12
782.06	1052.62
782.18	1113.12
782.29	1074.50
782.41	1017.88
782.52	1110.75
782.64	1121.62
782.76	1088.62
782.87	1086.50
782.99	1062.25
783.10	1205.75
783.22	1215.75
783.34	1077.38
783.45	1075.38
783.57	1081.00
783.69	1047.62
783.80	1082.88
783.92	1100.62
784.03	1072.62
784.15	1042.75
784.27	1062.75
784.38	1037.00
784.50	1077.75
784.61	1077.75
784.73	1041.00
784.85	1049.25
784.96	1047.25
785.08	1125.38
785.19	1106.12
785.31	1053.12
785.43	1027.88
785.54	1035.88
785.66	1092.38
785.77	1074.50
785.89	1088.38
786.01	1017.75
786.12	1057.25
786.24	1075.38
786.35	1144.62
786.47	1080.00
786.59	1047.88
786.70	1027.25
786.82	1069.00
786.93	1084.25
787.05	1057.00
787.17	1083.25
787.28	1059.00
787.40	1077.38
787.51	1078.75
787.63	1081.75
787.75	1013.75
787.86	1077.88
787.98	1092.00
788.09	1059.25
788.21	1081.62
788.33	1098.62
788.44	1075.62
788.56	1038.62
788.67	1090.12
788.79	1048.75
788.91	1059.62
789.02	1040.75
789.14	1049.50
789.25	1144.75
789.37	1097.75
789.48	1032.50
789.60	1079.25
789.72	1035.50
789.83	1079.50
789.95	1065.75
790.06	1007.75
790.18	1032.25
790.30	1088.38
790.41	1071.25
790.53	1037.12
790.64	1008.88
790.76	1019.50
790.87	1046.75
790.99	1062.12
791.11	1066.50
791.22	1039.38
791.34	1057.25
791.45	1088.50
791.57	1081.88
791.68	1050.50
791.80	1033.00
791.92	1092.50
792.03	1031.50
792.15	1007.25
792.26	1022.88
792.38	1006.62
792.49	1066.62
792.61	1038.12
792.73	1060.00
792.84	1056.50
792.96	1151.25
793.07	1049.62
793.19	1853.12
793.30	1144.38
793.42	1089.50
793.54	988.75
793.65	1004.75
793.77	1188.88
793.88	1048.62
794.00	1002.62
794.11	1043.88
794.23	990.12
794.34	1056.75
794.46	987.12
794.58	994.88
794.69	1140.25
794.81	1132.88
794.92	1020.12
795.04	1012.50
795.15	1129.25
795.27	1086.88
795.39	1041.62
795.50	1016.88
795.62	1027.12
795.73	1034.62
795.85	1013.50
795.96	1062.25
796.08	1110.50
796.19	1022.00
796.31	1025.38
796.42	994.88
796.54	1017.25
796.66	1083.38
796.77	1003.62
796.89	988.88
797.00	1082.88
797.12	967.62
797.23	1026.75
797.35	1053.38
797.46	1069.25
797.58	1097.12
797.69	1047.75
797.81	1025.50
797.93	1031.75
798.04	1015.75
798.16	1012.00
798.27	1044.75
798.39	1002.88
798.50	996.38
798.62	984.50
798.73	993.75
798.85	1117.50
798.96	1039.75
799.08	1061.38
799.19	1072.00
799.31	1044.00
799.43	1032.38
799.54	1012.50
799.66	1040.62
799.77	1069.62
799.89	1002.62
800.00	959.25
800.12	1013.00
800.23	1079.88
800.35	1117.12
800.46	970.88
800.58	957.12
800.69	1030.88
800.81	1007.38
800.92	977.88
801.04	1033.12
801.16	959.38
801.27	977.12
801.39	985.38
801.50	1006.00
801.62	1026.00
801.73	1072.88
801.85	1063.38
801.96	985.75
802.08	1087.88
802.19	1072.25
802.31	1009.75
802.42	1024.62
802.54	1103.25
802.65	1074.88
802.77	988.25
802.88	1050.38
803.00	976.50
803.11	1128.12
803.23	1023.62
803.34	1019.62
803.46	1053.00
803.57	983.50
803.69	1052.25
803.80	979.38
803.92	1070.38
804.03	1015.12
804.15	1029.00
804.26	1045.75
804.38	1060.50
804.50	987.38
804.61	1028.62
804.73	1019.00
804.84	1027.75
804.96	958.88
805.07	1014.38
805.19	977.88
805.30	1037.75
805.42	1065.50
805.53	1016.00
805.65	984.88
805.76	966.50
805.88	998.62
805.99	1022.38
806.11	1031.88
806.22	983.50
806.34	1000.38
806.45	1008.12
806.57	997.38
806.68	1048.12
806.80	939.50
806.91	975.38
807.03	965.62
807.14	940.25
807.26	946.62
807.37	947.12
807.49	1006.12
807.60	974.50
807.72	1061.88
807.83	1074.00
807.95	1011.00
808.06	1016.88
808.17	1003.88
808.29	1024.88
808.40	954.38
808.52	993.00
808.63	1001.12
808.75	1001.62
808.86	985.00
808.98	1007.38
809.09	961.38
809.21	1002.75
809.32	962.38
809.44	1011.25
809.55	945.88
809.67	988.38
809.78	950.12
809.90	1010.88
810.01	1047.50
810.13	950.25
810.24	996.12
810.36	925.38
810.47	947.38
810.59	966.75
810.70	994.38
810.82	1021.25
810.93	933.88
811.05	939.00
811.16	947.88
811.27	932.12
811.39	970.88
811.50	1001.25
811.62	912.25
811.73	898.62
811.85	980.00
811.96	959.50
812.08	984.62
812.19	966.12
812.31	978.50
812.42	951.12
812.54	926.50
812.65	1003.62
812.77	996.88
812.88	985.50
813.00	988.12
813.11	975.25
813.22	924.00
813.34	931.25
813.45	951.25
813.57	1040.12
813.68	1037.62
813.80	953.75
813.91	912.50
814.03	937.88
814.14	1034.12
814.26	925.00
814.37	946.38
814.49	935.88
814.60	923.38
814.71	912.38
814.83	931.38
814.94	889.38
815.06	922.88
815.17	933.88
815.29	925.50
815.40	887.88
815.52	1015.00
815.63	924.62
815.75	903.25
815.86	938.00
815.97	880.62
816.09	922.62
816.20	943.25
816.32	947.50
816.43	878.50
816.55	929.12
816.66	903.25
816.78	1009.88
816.89	919.88
817.00	917.38
817.12	893.12
817.23	886.62
817.35	953.62
817.46	915.12
817.58	879.75
817.69	1036.00
817.81	916.88
817.92	945.12
818.03	910.12
818.15	914.62
818.26	874.25
818.38	864.00
818.49	893.75
818.61	921.38
818.72	864.25
818.83	2083.88
818.95	1058.12
819.06	882.12
819.18	880.62
819.29	901.88
819.41	895.38
819.52	910.00
819.64	903.12
819.75	868.25
819.86	843.00
819.98	873.50
820.09	919.62
820.21	887.75
820.32	851.38
820.44	908.62
820.55	964.88
820.66	866.75
820.78	913.75
820.89	880.00
821.01	907.62
821.12	886.50
821.23	895.12
821.35	869.50
821.46	935.88
821.58	882.38
821.69	866.50
821.81	851.50
821.92	933.88
822.03	872.50
822.15	881.88
822.26	832.75
822.38	840.62
822.49	886.00
822.61	877.88
822.72	888.38
822.83	925.12
822.95	865.50
823.06	872.00
823.18	915.12
823.29	947.38
823.40	896.12
823.52	854.00
823.63	816.00
823.75	960.75
823.86	863.88
823.97	810.00
824.09	887.38
824.20	827.50
824.32	865.50
824.43	848.25
824.55	894.50
824.66	955.38
824.77	856.12
824.89	868.75
825.00	919.88
825.12	866.00
825.23	878.75
825.34	800.75
825.46	820.00
825.57	884.12
825.69	832.38
825.80	779.62
825.91	816.88
826.03	794.25
826.14	868.25
826.26	813.50
826.37	850.88
826.48	834.00
826.60	845.12
826.71	816.00
826.83	855.00
826.94	854.00
827.05	882.38
827.17	869.38
827.28	832.88
827.39	826.38
827.51	799.00
827.62	832.25
827.74	837.38
827.85	826.62
827.96	813.75
828.08	828.62
828.19	929.50
828.31	828.50
828.42	780.88
828.53	857.62
828.65	885.75
828.76	894.00
828.87	847.50
828.99	796.50
