Wavelength (nm)	Intensity
377.35	804.00
377.48	581.80
377.62	593.40
377.75	614.00
377.88	810.80
378.02	797.20
378.15	800.60
378.28	775.60
378.41	829.20
378.55	804.60
378.68	797.20
378.81	778.00
378.95	802.60
379.08	778.20
379.21	757.20
379.35	819.40
379.48	822.80
379.61	876.20
379.74	800.60
379.88	783.60
380.01	853.20
380.14	903.60
380.28	835.60
380.41	768.40
380.54	812.80
380.68	816.60
380.81	741.40
380.94	822.00
381.07	865.40
381.21	865.80
381.34	794.40
381.47	747.40
381.61	932.00
381.74	802.40
381.87	774.60
382.00	816.80
382.14	882.80
382.27	839.00
382.40	771.20
382.54	864.00
382.67	861.00
382.80	770.00
382.93	775.40
383.07	802.80
383.20	801.60
383.33	833.60
383.47	774.00
383.60	755.20
383.73	935.40
383.86	827.40
384.00	800.20
384.13	789.00
384.26	834.80
384.40	843.20
384.53	806.40
384.66	855.20
384.79	822.40
384.93	779.40
385.06	796.00
385.19	816.60
385.33	911.00
385.46	827.40
385.59	777.60
385.72	819.60
385.86	762.00
385.99	780.40
386.12	796.60
386.25	773.20
386.39	835.80
386.52	853.40
386.65	790.80
386.79	798.80
386.92	787.20
387.05	879.40
387.18	756.00
387.32	777.00
387.45	828.40
387.58	805.40
387.71	790.00
387.85	784.20
387.98	814.60
388.11	822.40
388.25	819.80
388.38	797.80
388.51	835.00
388.64	840.80
388.78	790.20
388.91	759.40
389.04	794.60
389.17	903.00
389.31	814.80
389.44	841.40
389.57	865.60
389.70	826.60
389.84	787.00
389.97	786.00
390.10	781.40
390.24	820.00
390.37	800.60
390.50	783.40
390.63	864.60
390.77	803.00
390.90	812.80
391.03	804.40
391.16	754.20
391.30	776.40
391.43	794.40
391.56	791.80
391.69	767.40
391.83	851.80
391.96	805.60
392.09	785.80
392.22	879.80
392.36	815.80
392.49	779.20
392.62	794.40
392.75	823.40
392.89	851.80
393.02	772.20
393.15	774.00
393.28	758.20
393.42	881.00
393.55	757.20
393.68	784.40
393.81	735.40
393.95	784.00
394.08	780.20
394.21	781.60
394.34	830.80
394.48	829.40
394.61	833.20
394.74	823.80
394.87	836.60
395.01	822.40
395.14	826.20
395.27	792.00
395.40	889.40
395.54	888.00
395.67	805.20
395.80	791.80
395.93	824.00
396.07	785.40
396.20	774.60
396.33	744.00
396.46	784.80
396.59	809.00
396.73	790.40
396.86	770.20
396.99	850.80
397.12	820.40
397.26	806.40
397.39	797.60
397.52	1073.20
397.65	909.00
397.79	806.00
397.92	788.40
398.05	850.60
398.18	781.20
398.32	790.20
398.45	821.80
398.58	813.60
398.71	822.60
398.84	763.00
398.98	798.40
399.11	825.80
399.24	822.40
399.37	785.80
399.51	771.80
399.64	801.20
399.77	810.60
399.90	800.40
400.03	795.60
400.17	765.00
400.30	858.20
400.43	828.40
400.56	800.40
400.70	801.60
400.83	770.20
400.96	776.00
401.09	804.60
401.23	802.00
401.36	863.60
401.49	788.40
401.62	809.80
401.75	793.40
401.89	772.80
402.02	786.40
402.15	803.40
402.28	809.80
402.41	814.80
402.55	784.60
402.68	800.60
402.81	863.00
402.94	832.20
403.08	781.00
403.21	762.00
403.34	836.20
403.47	838.80
403.60	794.40
403.74	827.20
403.87	838.80
404.00	781.80
404.13	778.40
404.26	764.20
404.40	763.60
404.53	806.60
404.66	793.60
404.79	769.00
404.93	839.60
405.06	811.00
405.19	749.40
405.32	799.80
405.45	821.00
405.59	839.00
405.72	803.20
405.85	772.20
405.98	958.80
406.11	775.40
406.25	772.40
406.38	789.80
406.51	823.00
406.64	792.80
406.77	762.00
406.91	758.60
407.04	812.00
407.17	783.60
407.30	820.40
407.43	794.40
407.57	869.40
407.70	850.80
407.83	768.60
407.96	799.80
408.09	768.00
408.23	878.80
408.36	804.00
408.49	790.80
408.62	911.20
408.75	808.60
408.89	770.80
409.02	815.60
409.15	804.80
409.28	869.80
409.41	824.40
409.55	785.20
409.68	907.80
409.81	819.00
409.94	781.00
410.07	814.00
410.20	815.80
410.34	793.80
410.47	805.20
410.60	818.60
410.73	829.40
410.86	777.00
411.00	796.40
411.13	767.40
411.26	806.20
411.39	804.80
411.52	814.60
411.66	779.80
411.79	779.40
411.92	773.60
412.05	802.20
412.18	793.80
412.31	813.80
412.45	839.40
412.58	831.80
412.71	766.80
412.84	820.80
412.97	871.00
413.11	813.40
413.24	806.20
413.37	842.00
413.50	893.80
413.63	812.40
413.76	794.80
413.90	841.40
414.03	784.60
414.16	787.60
414.29	819.40
414.42	802.60
414.56	895.00
414.69	783.80
414.82	805.80
414.95	801.40
415.08	820.60
415.21	796.60
415.35	815.60
415.48	732.40
415.61	842.00
415.74	847.20
415.87	767.60
416.00	815.40
416.14	905.80
416.27	806.20
416.40	787.80
416.53	803.00
416.66	815.20
416.79	805.40
416.93	778.60
417.06	856.20
417.19	812.20
417.32	792.40
417.45	788.60
417.58	756.80
417.72	854.40
417.85	788.80
417.98	797.60
418.11	839.20
418.24	788.40
418.37	788.80
418.51	805.60
418.64	808.60
418.77	876.80
418.90	814.40
419.03	768.00
419.16	823.40
419.29	842.80
419.43	785.80
419.56	761.00
419.69	904.60
419.82	851.20
419.95	806.80
420.08	854.40
420.22	867.40
420.35	913.20
420.48	835.20
420.61	802.80
420.74	751.20
420.87	831.20
421.00	765.00
421.14	792.40
421.27	840.40
421.40	878.20
421.53	812.60
421.66	803.80
421.79	793.60
421.93	796.40
422.06	799.80
422.19	780.60
422.32	842.60
422.45	842.40
422.58	814.20
422.71	789.40
422.85	843.20
422.98	839.40
423.11	764.80
423.24	759.80
423.37	777.60
423.50	777.80
423.63	797.80
423.77	775.80
423.90	776.40
424.03	815.20
424.16	821.00
424.29	799.80
424.42	755.80
424.55	775.80
424.69	769.40
424.82	812.00
424.95	813.80
425.08	780.40
425.21	825.80
425.34	789.80
425.47	793.40
425.60	811.60
425.74	758.80
425.87	788.40
426.00	797.40
426.13	810.20
426.26	772.60
426.39	781.20
426.52	787.60
426.66	858.00
426.79	826.40
426.92	767.20
427.05	884.60
427.18	864.60
427.31	798.80
427.44	801.40
427.57	767.00
427.71	803.00
427.84	762.00
427.97	799.60
428.10	850.40
428.23	807.00
428.36	778.80
428.49	718.60
428.62	926.20
428.76	889.40
428.89	814.60
429.02	758.00
429.15	794.00
429.28	891.20
429.41	786.80
429.54	799.20
429.67	787.00
429.81	822.60
429.94	797.00
430.07	786.00
430.20	843.60
430.33	865.00
430.46	771.40
430.59	774.40
430.72	796.40
430.85	758.00
430.99	790.20
431.12	775.40
431.25	849.80
431.38	861.00
431.51	803.20
431.64	805.00
431.77	883.60
431.90	867.80
432.03	806.60
432.17	770.20
432.30	807.00
432.43	831.80
432.56	792.20
432.69	822.80
432.82	824.00
432.95	867.60
433.08	802.00
433.21	802.80
433.35	789.80
433.48	792.40
433.61	767.60
433.74	797.60
433.87	779.00
434.00	832.40
434.13	777.60
434.26	823.20
434.39	817.80
434.53	821.40
434.66	790.40
434.79	792.80
434.92	788.80
435.05	868.00
435.18	783.20
435.31	817.80
435.44	855.20
435.57	814.20
435.70	796.00
435.84	778.00
435.97	867.80
436.10	901.20
436.23	793.20
436.36	774.20
436.49	789.80
436.62	811.80
436.75	792.40
436.88	817.80
437.01	785.80
437.14	771.00
437.28	750.40
437.41	784.60
437.54	863.80
437.67	834.60
437.80	773.20
437.93	756.00
438.06	902.40
438.19	853.60
438.32	773.20
438.45	774.20
438.58	825.60
438.72	871.20
438.85	834.80
438.98	792.60
439.11	814.80
439.24	865.20
439.37	861.20
439.50	836.60
439.63	858.00
439.76	782.20
439.89	777.60
440.02	785.00
440.15	807.80
440.29	855.80
440.42	800.20
440.55	794.40
440.68	872.00
440.81	920.00
440.94	813.20
441.07	806.80
441.20	896.00
441.33	828.40
441.46	792.80
441.59	784.80
441.72	803.00
441.85	812.20
441.99	833.20
442.12	839.80
442.25	882.80
442.38	826.40
442.51	819.60
442.64	763.40
442.77	796.00
442.90	790.60
443.03	763.40
443.16	786.80
443.29	812.00
443.42	867.00
443.55	791.20
443.68	815.40
443.82	754.00
443.95	785.00
444.08	784.20
444.21	805.80
444.34	783.00
444.47	797.20
444.60	804.00
444.73	812.60
444.86	804.60
444.99	857.40
445.12	815.80
445.25	813.20
445.38	810.40
445.51	833.80
445.64	811.00
445.78	783.20
445.91	753.40
446.04	911.80
446.17	844.40
446.30	752.60
446.43	824.60
446.56	808.40
446.69	776.20
446.82	791.20
446.95	854.40
447.08	850.40
447.21	813.00
447.34	791.40
447.47	839.20
447.60	841.80
447.73	803.80
447.86	839.20
447.99	810.20
448.13	818.40
448.26	833.80
448.39	797.60
448.52	828.80
448.65	835.60
448.78	801.20
448.91	805.80
449.04	834.80
449.17	794.20
449.30	827.80
449.43	819.40
449.56	803.00
449.69	851.80
449.82	798.40
449.95	761.40
450.08	857.60
450.21	833.80
450.34	804.40
450.47	803.40
450.60	840.00
450.73	808.40
450.87	793.00
451.00	815.00
451.13	834.00
451.26	948.00
451.39	786.20
451.52	815.80
451.65	795.60
451.78	795.00
451.91	782.40
452.04	777.20
452.17	881.20
452.30	868.40
452.43	781.80
452.56	785.40
452.69	858.20
452.82	775.40
452.95	832.40
453.08	780.20
453.21	732.40
453.34	838.40
453.47	782.60
453.60	856.60
453.73	896.20
453.86	842.00
453.99	815.00
454.12	822.00
454.25	805.40
454.38	812.40
454.52	769.60
454.65	791.00
454.78	777.00
454.91	753.20
455.04	785.40
455.17	769.20
455.30	786.40
455.43	860.00
455.56	795.40
455.69	762.80
455.82	821.00
455.95	817.80
456.08	760.00
456.21	769.80
456.34	752.80
456.47	738.20
456.60	787.00
456.73	768.40
456.86	793.00
456.99	819.20
457.12	775.60
457.25	787.20
457.38	851.00
457.51	836.60
457.64	815.40
457.77	791.80
457.90	803.60
458.03	790.20
458.16	789.80
458.29	799.00
458.42	791.00
458.55	746.40
458.68	783.60
458.81	793.00
458.94	865.60
459.07	900.00
459.20	764.00
459.33	775.20
459.46	857.00
459.59	892.40
459.72	859.00
459.85	792.40
459.98	869.60
460.11	843.80
460.24	807.20
460.37	756.00
460.50	838.00
460.63	808.80
460.76	793.60
460.89	804.60
461.02	829.00
461.15	836.20
461.28	796.20
461.41	795.00
461.54	875.60
461.67	777.80
461.80	810.40
461.93	848.20
462.06	824.40
462.19	852.80
462.32	787.60
462.45	785.60
462.58	831.20
462.71	795.40
462.84	807.80
462.97	747.60
463.10	797.80
463.23	815.00
463.36	838.20
463.49	806.00
463.62	757.40
463.75	828.40
463.88	793.60
464.01	802.20
464.14	765.60
464.27	888.20
464.40	796.20
464.53	792.80
464.66	827.00
464.79	814.40
464.92	812.40
465.05	773.40
465.18	799.80
465.31	795.40
465.44	800.00
465.57	784.00
465.70	787.60
465.83	913.40
465.96	815.40
466.09	777.80
466.22	841.00
466.35	813.20
466.48	785.40
466.61	785.20
466.74	793.00
466.87	837.60
467.00	839.00
467.13	826.00
467.26	835.20
467.39	763.20
467.52	766.40
467.65	793.60
467.78	862.40
467.91	803.80
468.04	813.00
468.17	787.20
468.30	786.00
468.43	756.40
468.56	767.60
468.69	813.80
468.82	837.60
468.95	774.00
469.08	791.60
469.21	802.00
469.34	830.80
469.47	901.40
469.60	877.40
469.73	816.00
469.86	812.80
469.99	846.80
470.11	776.80
470.24	775.00
470.37	835.20
470.50	801.40
470.63	776.00
470.76	802.60
470.89	848.60
471.02	911.60
471.15	791.20
471.28	801.20
471.41	894.40
471.54	818.80
471.67	796.80
471.80	749.80
471.93	848.60
472.06	811.20
472.19	791.60
472.32	759.60
472.45	896.20
472.58	839.80
472.71	806.00
472.84	781.00
472.97	777.80
473.10	759.20
473.23	839.00
473.36	753.00
473.49	861.20
473.62	843.80
473.74	821.80
473.87	834.00
474.00	779.20
474.13	778.40
474.26	817.60
474.39	829.00
474.52	800.60
474.65	785.00
474.78	805.80
474.91	759.40
475.04	825.40
475.17	906.40
475.30	821.60
475.43	812.00
475.56	850.60
475.69	803.00
475.82	831.20
475.95	783.60
476.08	867.00
476.21	799.40
476.34	832.80
476.46	833.60
476.59	856.20
476.72	792.80
476.85	795.00
476.98	777.20
477.11	841.00
477.24	813.60
477.37	753.80
477.50	787.80
477.63	808.40
477.76	771.80
477.89	745.60
478.02	764.00
478.15	798.40
478.28	792.40
478.41	824.40
478.54	784.40
478.66	835.80
478.79	790.00
478.92	794.40
479.05	791.40
479.18	806.40
479.31	781.40
479.44	782.00
479.57	779.40
479.70	788.40
479.83	818.40
479.96	785.60
480.09	820.40
480.22	929.60
480.35	909.60
480.48	836.80
480.60	815.60
480.73	781.00
480.86	819.80
480.99	796.80
481.12	794.80
481.25	794.40
481.38	864.40
481.51	793.20
481.64	800.20
481.77	827.80
481.90	800.00
482.03	796.40
482.16	787.40
482.29	852.60
482.41	810.20
482.54	828.60
482.67	782.00
482.80	808.00
482.93	844.80
483.06	777.40
483.19	858.60
483.32	823.60
483.45	805.60
483.58	807.40
483.71	834.20
483.84	847.00
483.97	829.60
484.09	802.80
484.22	789.40
484.35	768.80
484.48	751.60
484.61	779.20
484.74	786.00
484.87	815.60
485.00	767.40
485.13	821.40
485.26	771.00
485.39	819.80
485.52	798.20
485.64	863.00
485.77	834.20
485.90	861.60
486.03	769.60
486.16	816.80
486.29	766.60
486.42	799.00
486.55	810.20
486.68	789.60
486.81	824.00
486.94	804.80
487.06	791.20
487.19	830.40
487.32	823.20
487.45	802.60
487.58	780.20
487.71	794.20
487.84	763.00
487.97	828.00
488.10	845.40
488.23	786.60
488.35	749.00
488.48	786.00
488.61	755.80
488.74	784.80
488.87	787.40
489.00	807.00
489.13	886.40
489.26	835.60
489.39	838.60
489.52	834.40
489.64	830.20
489.77	812.00
489.90	811.40
490.03	800.80
490.16	773.80
490.29	782.00
490.42	791.80
490.55	805.00
490.68	769.80
490.81	782.00
490.93	755.00
491.06	861.20
491.19	826.60
491.32	822.20
491.45	835.60
491.58	766.40
491.71	805.00
491.84	781.20
491.97	793.60
492.09	864.00
492.22	834.40
492.35	811.80
492.48	847.80
492.61	816.20
492.74	804.00
492.87	823.20
493.00	798.40
493.12	772.20
493.25	811.20
493.38	799.80
493.51	781.40
493.64	767.20
493.77	799.60
493.90	828.40
494.03	824.40
494.16	865.20
494.28	864.40
494.41	797.60
494.54	790.20
494.67	914.00
494.80	878.00
494.93	801.00
495.06	819.00
495.19	827.60
495.31	816.20
495.44	789.00
495.57	786.20
495.70	826.20
495.83	802.00
495.96	774.00
496.09	807.80
496.22	871.80
496.34	895.80
496.47	799.00
496.60	829.60
496.73	859.40
496.86	840.00
496.99	777.40
497.12	805.60
497.24	750.20
497.37	810.80
497.50	795.40
497.63	784.40
497.76	801.80
497.89	864.60
498.02	836.40
498.15	733.00
498.27	802.40
498.40	853.80
498.53	862.60
498.66	838.20
498.79	851.20
498.92	765.80
499.05	824.40
499.17	806.00
499.30	837.20
499.43	888.40
499.56	835.60
499.69	769.60
499.82	816.60
499.95	789.40
500.07	776.60
500.20	805.40
500.33	850.60
500.46	928.40
500.59	812.80
500.72	815.80
500.85	862.00
500.97	841.20
501.10	851.00
501.23	775.00
501.36	814.20
501.49	878.20
501.62	827.80
501.75	819.80
501.87	859.40
502.00	761.40
502.13	819.80
502.26	813.20
502.39	791.20
502.52	794.20
502.64	749.20
502.77	785.00
502.90	831.00
503.03	804.40
503.16	782.20
503.29	782.40
503.42	851.40
503.54	811.20
503.67	825.40
503.80	805.80
503.93	852.20
504.06	771.60
504.19	804.40
504.31	854.40
504.44	812.20
504.57	833.40
504.70	820.60
504.83	765.60
504.96	824.00
505.08	800.60
505.21	819.80
505.34	908.20
505.47	863.20
505.60	842.00
505.73	857.40
505.85	840.00
505.98	933.20
506.11	803.60
506.24	772.40
506.37	775.60
506.50	810.40
506.62	845.40
506.75	789.20
506.88	781.20
507.01	818.80
507.14	758.80
507.27	788.80
507.39	771.40
507.52	783.00
507.65	790.40
507.78	821.20
507.91	782.60
508.04	866.80
508.16	863.40
508.29	824.20
508.42	793.00
508.55	773.00
508.68	782.00
508.81	851.40
508.93	785.80
509.06	791.60
509.19	836.00
509.32	835.40
509.45	825.80
509.57	822.20
509.70	781.80
509.83	808.60
509.96	771.80
510.09	809.40
510.22	798.20
510.34	811.00
510.47	792.40
510.60	893.80
510.73	823.00
510.86	835.40
510.98	800.60
511.11	783.60
511.24	849.20
511.37	835.60
511.50	804.60
511.63	820.20
511.75	810.00
511.88	814.60
512.01	829.20
512.14	809.80
512.27	819.40
512.39	806.20
512.52	797.40
512.65	805.40
512.78	784.60
512.91	815.80
513.03	812.20
513.16	847.80
513.29	820.40
513.42	798.80
513.55	777.60
513.67	825.60
513.80	754.00
513.93	780.60
514.06	783.80
514.19	822.40
514.31	821.00
514.44	845.80
514.57	802.80
514.70	805.80
514.83	845.80
514.95	787.40
515.08	811.80
515.21	830.60
515.34	806.20
515.47	807.20
515.59	775.40
515.72	823.00
515.85	825.60
515.98	854.60
516.11	825.00
516.23	844.40
516.36	870.80
516.49	826.40
516.62	822.20
516.75	865.60
516.87	866.20
517.00	795.20
517.13	833.40
517.26	856.60
517.39	835.40
517.51	756.00
517.64	811.60
517.77	886.20
517.90	783.80
518.02	799.20
518.15	777.20
518.28	737.80
518.41	806.60
518.54	815.00
518.66	819.40
518.79	779.20
518.92	798.40
519.05	779.60
519.18	804.80
519.30	829.60
519.43	769.00
519.56	787.80
519.69	798.20
519.81	847.20
519.94	793.40
520.07	754.00
520.20	792.20
520.33	818.00
520.45	862.60
520.58	824.00
520.71	839.20
520.84	860.80
520.96	833.40
521.09	810.80
521.22	789.00
521.35	829.20
521.48	836.60
521.60	782.00
521.73	814.60
521.86	859.60
521.99	882.80
522.11	824.40
522.24	807.60
522.37	830.80
522.50	817.80
522.62	857.80
522.75	759.20
522.88	820.00
523.01	789.80
523.14	828.40
523.26	817.00
523.39	869.00
523.52	793.80
523.65	883.20
523.77	841.40
523.90	807.40
524.03	790.20
524.16	786.80
524.28	791.00
524.41	789.80
524.54	800.40
524.67	769.00
524.79	792.00
524.92	835.40
525.05	868.60
525.18	771.80
525.31	845.60
525.43	772.20
525.56	910.40
525.69	784.00
525.82	750.20
525.94	850.80
526.07	843.80
526.20	831.60
526.33	849.60
526.45	921.40
526.58	892.20
526.71	823.60
526.84	812.00
526.96	820.20
527.09	777.20
527.22	796.20
527.35	805.00
527.47	768.00
527.60	873.40
527.73	774.40
527.86	845.80
527.98	826.00
528.11	828.40
528.24	778.20
528.37	805.00
528.49	766.00
528.62	801.60
528.75	837.60
528.88	785.60
529.00	840.40
529.13	854.80
529.26	814.80
529.39	837.80
529.51	937.40
529.64	906.80
529.77	784.20
529.90	804.80
530.02	802.60
530.15	778.00
530.28	748.80
530.40	779.80
530.53	807.20
530.66	820.20
530.79	787.40
530.91	804.60
531.04	786.60
531.17	797.60
531.30	806.20
531.42	815.80
531.55	807.80
531.68	854.60
531.81	787.20
531.93	806.40
532.06	818.00
532.19	774.80
532.31	800.80
532.44	794.40
532.57	831.00
532.70	783.20
532.82	810.60
532.95	842.40
533.08	860.80
533.21	832.40
533.33	787.40
533.46	788.80
533.59	799.00
533.71	905.80
533.84	819.80
533.97	795.80
534.10	790.00
534.22	779.60
534.35	803.20
534.48	806.60
534.61	826.40
534.73	752.40
534.86	777.20
534.99	832.40
535.11	866.20
535.24	820.40
535.37	775.40
535.50	769.60
535.62	777.80
535.75	864.20
535.88	819.00
536.00	788.20
536.13	794.60
536.26	795.00
536.39	784.00
536.51	762.40
536.64	828.40
536.77	807.80
536.89	802.60
537.02	811.60
537.15	817.80
537.28	807.40
537.40	817.60
537.53	794.20
537.66	853.00
537.78	811.60
537.91	775.80
538.04	791.00
538.17	847.00
538.29	821.00
538.42	880.20
538.55	860.40
538.67	830.40
538.80	786.00
538.93	821.20
539.05	809.20
539.18	863.00
539.31	835.40
539.44	812.20
539.56	737.80
539.69	799.60
539.82	797.00
539.94	773.60
540.07	771.40
540.20	871.20
540.32	788.40
540.45	797.60
540.58	797.00
540.71	847.80
540.83	753.40
540.96	782.20
541.09	802.00
541.21	877.00
541.34	857.20
541.47	777.80
541.59	809.40
541.72	872.80
541.85	940.60
541.98	853.40
542.10	810.40
542.23	830.00
542.36	921.20
542.48	811.20
542.61	800.60
542.74	769.40
542.86	793.20
542.99	797.00
543.12	785.80
543.24	816.00
543.37	757.40
543.50	807.00
543.62	794.40
543.75	798.20
543.88	791.40
544.01	816.60
544.13	828.40
544.26	831.20
544.39	786.20
544.51	786.80
544.64	768.40
544.77	832.60
544.89	788.20
545.02	816.20
545.15	792.60
545.27	881.00
545.40	853.20
545.53	833.40
545.65	831.40
545.78	739.60
545.91	764.00
546.03	793.40
546.16	805.00
546.29	783.40
546.41	759.40
546.54	789.40
546.67	769.00
546.79	843.20
546.92	883.80
547.05	755.00
547.17	807.60
547.30	771.80
547.43	823.40
547.56	765.80
547.68	802.00
547.81	768.60
547.94	835.20
548.06	798.60
548.19	770.20
548.32	854.60
548.44	811.00
548.57	812.20
548.70	831.80
548.82	839.40
548.95	826.60
549.08	801.00
549.20	794.20
549.33	876.80
549.45	804.00
549.58	791.00
549.71	757.20
549.83	841.40
549.96	751.80
550.09	807.40
550.21	785.00
550.34	813.80
550.47	797.40
550.59	795.00
550.72	736.00
550.85	804.00
550.97	857.60
551.10	787.00
551.23	798.80
551.35	863.00
551.48	816.80
551.61	786.00
551.73	788.20
551.86	869.00
551.99	875.40
552.11	815.00
552.24	836.80
552.37	806.20
552.49	781.80
552.62	788.00
552.75	823.20
552.87	788.40
553.00	790.20
553.12	814.00
553.25	798.40
553.38	821.60
553.50	853.20
553.63	807.00
553.76	743.80
553.88	811.80
554.01	801.80
554.14	794.40
554.26	844.80
554.39	868.40
554.52	801.80
554.64	807.00
554.77	789.00
554.89	829.60
555.02	844.20
555.15	825.40
555.27	813.40
555.40	806.00
555.53	852.40
555.65	791.20
555.78	774.40
555.91	830.60
556.03	867.80
556.16	767.80
556.29	805.60
556.41	858.20
556.54	859.80
556.66	805.00
556.79	795.80
556.92	806.20
557.04	817.60
557.17	781.20
557.30	793.00
557.42	793.60
557.55	796.60
557.67	811.20
557.80	798.00
557.93	808.40
558.05	800.60
558.18	777.60
558.31	813.40
558.43	842.20
558.56	817.80
558.68	804.80
558.81	782.40
558.94	794.60
559.06	901.40
559.19	790.00
559.32	791.20
559.44	771.40
559.57	797.60
559.69	774.80
559.82	770.80
559.95	778.60
560.07	783.00
560.20	735.00
560.33	798.20
560.45	807.40
560.58	750.60
560.70	803.80
560.83	766.80
560.96	769.60
561.08	794.60
561.21	825.20
561.33	769.00
561.46	757.60
561.59	838.40
561.71	788.80
561.84	813.80
561.97	771.60
562.09	833.20
562.22	780.60
562.34	772.20
562.47	829.80
562.60	818.80
562.72	796.00
562.85	801.80
562.97	788.40
563.10	781.20
563.23	763.60
563.35	767.80
563.48	806.20
563.60	800.20
563.73	820.80
563.86	753.80
563.98	770.00
564.11	796.80
564.23	792.00
564.36	853.40
564.49	796.20
564.61	845.40
564.74	795.40
564.86	776.40
564.99	835.20
565.12	816.20
565.24	844.00
565.37	832.40
565.49	841.80
565.62	860.20
565.75	841.40
565.87	775.80
566.00	928.80
566.12	849.20
566.25	809.20
566.38	827.00
566.50	818.40
566.63	830.40
566.75	794.40
566.88	783.00
567.01	761.40
567.13	788.60
567.26	800.60
567.38	768.40
567.51	830.80
567.64	776.80
567.76	824.80
567.89	817.60
568.01	765.80
568.14	759.60
568.26	810.60
568.39	810.20
568.52	800.20
568.64	824.40
568.77	789.80
568.89	779.40
569.02	784.80
569.15	793.40
569.27	789.40
569.40	811.00
569.52	822.80
569.65	777.40
569.77	787.00
569.90	756.20
570.03	744.60
570.15	860.60
570.28	798.00
570.40	796.00
570.53	790.00
570.66	857.20
570.78	834.20
570.91	807.80
571.03	762.40
571.16	801.00
571.28	754.60
571.41	747.40
571.54	745.20
571.66	734.20
571.79	764.40
571.91	766.20
572.04	746.60
572.16	797.80
572.29	814.40
572.42	779.60
572.54	801.40
572.67	772.60
572.79	819.60
572.92	809.80
573.04	824.60
573.17	838.20
573.29	795.80
573.42	778.20
573.55	819.00
573.67	813.80
573.80	792.00
573.92	770.00
574.05	801.40
574.17	839.40
574.30	793.40
574.43	788.00
574.55	772.40
574.68	801.60
574.80	773.20
574.93	787.60
575.05	767.40
575.18	783.40
575.30	783.80
575.43	829.80
575.56	856.40
575.68	815.20
575.81	777.00
575.93	769.60
576.06	811.60
576.18	834.00
576.31	788.20
576.43	784.00
576.56	884.60
576.69	850.20
576.81	809.40
576.94	778.80
577.06	798.80
577.19	823.00
577.31	797.60
577.44	808.40
577.56	837.80
577.69	806.00
577.82	813.40
577.94	787.20
578.07	757.80
578.19	820.00
578.32	834.60
578.44	783.60
578.57	782.80
578.69	832.20
578.82	806.60
578.94	838.20
579.07	850.40
579.19	828.20
579.32	822.00
579.45	813.40
579.57	780.60
579.70	757.80
579.82	811.00
579.95	792.20
580.07	861.80
580.20	796.60
580.32	805.80
580.45	835.80
580.57	840.80
580.70	832.20
580.82	828.00
580.95	825.40
581.08	764.00
581.20	835.80
581.33	788.00
581.45	807.80
581.58	806.20
581.70	810.60
581.83	723.80
581.95	810.00
582.08	817.20
582.20	791.40
582.33	804.20
582.45	781.60
582.58	786.40
582.70	815.00
582.83	776.80
582.95	802.40
583.08	835.20
583.21	848.40
583.33	815.00
583.46	779.40
583.58	753.00
583.71	826.20
583.83	817.60
583.96	820.40
584.08	830.80
584.21	825.60
584.33	811.20
584.46	793.00
584.58	770.40
584.71	825.80
584.83	831.40
584.96	802.20
585.08	781.80
585.21	891.60
585.33	864.00
585.46	836.60
585.58	840.60
585.71	778.00
585.83	799.00
585.96	845.00
586.08	822.00
586.21	821.00
586.33	835.20
586.46	761.60
586.59	824.80
586.71	779.40
586.84	824.80
586.96	815.60
587.09	742.00
587.21	784.60
587.34	838.00
587.46	793.80
587.59	755.40
587.71	789.00
587.84	788.60
587.96	755.20
588.09	759.80
588.21	817.40
588.34	788.00
588.46	827.00
588.59	783.60
588.71	816.00
588.84	809.60
588.96	799.00
589.09	883.80
589.21	795.40
589.34	773.60
589.46	791.00
589.59	804.20
589.71	847.00
589.84	763.00
589.96	769.40
590.09	792.60
590.21	828.40
590.34	808.40
590.46	804.20
590.59	780.20
590.71	786.60
590.84	830.60
590.96	773.20
591.09	806.60
591.21	812.00
591.34	784.80
591.46	791.80
591.59	847.40
591.71	828.40
591.83	794.20
591.96	754.00
592.08	792.00
592.21	828.00
592.33	812.20
592.46	795.20
592.58	810.00
592.71	835.00
592.83	875.60
592.96	831.20
593.08	844.40
593.21	771.40
593.33	756.80
593.46	791.60
593.58	796.00
593.71	845.60
593.83	852.20
593.96	776.00
594.08	901.20
594.21	785.40
594.33	788.60
594.46	779.60
594.58	762.20
594.71	738.00
594.83	806.40
594.96	801.40
595.08	951.60
595.20	830.60
595.33	812.20
595.45	768.60
595.58	879.80
595.70	823.00
595.83	791.20
595.95	799.60
596.08	811.40
596.20	758.80
596.33	754.60
596.45	797.00
596.58	773.20
596.70	765.20
596.83	789.60
596.95	791.20
597.08	800.80
597.20	760.20
597.32	773.40
597.45	812.00
597.57	786.80
597.70	821.60
597.82	778.80
597.95	808.20
598.07	802.20
598.20	811.80
598.32	795.00
598.45	793.20
598.57	837.20
598.70	857.60
598.82	786.00
598.94	789.00
599.07	837.40
599.19	802.40
599.32	788.00
599.44	715.00
599.57	829.00
599.69	810.80
599.82	791.80
599.94	769.20
600.07	838.00
600.19	814.40
600.31	774.20
600.44	829.20
600.56	901.60
600.69	886.00
600.81	783.20
600.94	794.40
601.06	797.60
601.19	824.60
601.31	843.40
601.44	761.20
601.56	852.80
601.68	836.00
601.81	809.00
601.93	801.00
602.06	822.00
602.18	762.80
602.31	806.00
602.43	857.80
602.56	835.60
602.68	801.00
602.80	792.00
602.93	816.00
603.05	782.20
603.18	802.80
603.30	761.20
603.43	765.00
603.55	791.00
603.68	817.00
603.80	816.60
603.92	805.00
604.05	770.00
604.17	779.60
604.30	760.80
604.42	782.40
604.55	797.20
604.67	832.00
604.79	777.00
604.92	780.80
605.04	782.00
605.17	784.60
605.29	784.20
605.42	781.80
605.54	858.80
605.66	808.80
605.79	815.80
605.91	787.40
606.04	791.60
606.16	775.00
606.29	814.20
606.41	765.40
606.53	788.40
606.66	751.00
606.78	796.80
606.91	787.60
607.03	786.20
607.16	765.80
607.28	764.40
607.40	804.80
607.53	811.80
607.65	763.00
607.78	763.80
607.90	800.20
608.03	902.20
608.15	809.40
608.27	816.40
608.40	756.20
608.52	815.80
608.65	797.60
608.77	833.00
608.89	811.60
609.02	868.00
609.14	867.20
609.27	824.40
609.39	845.80
609.52	777.60
609.64	738.60
609.76	777.60
609.89	795.00
610.01	853.60
610.14	833.80
610.26	794.60
610.38	772.40
610.51	832.00
610.63	789.20
610.76	771.00
610.88	818.00
611.01	851.60
611.13	883.20
611.25	830.80
611.38	770.20
611.50	796.40
611.63	821.00
611.75	809.40
611.87	824.80
612.00	783.80
612.12	840.80
612.25	786.60
612.37	774.40
612.49	859.00
612.62	834.80
612.74	868.20
612.87	805.20
612.99	794.40
613.11	747.00
613.24	783.00
613.36	793.60
613.49	804.80
613.61	807.00
613.73	779.40
613.86	834.60
613.98	766.20
614.11	822.60
614.23	832.60
614.35	851.40
614.48	839.80
614.60	805.40
614.72	795.80
614.85	818.40
614.97	813.20
615.10	811.00
615.22	795.80
615.34	814.80
615.47	846.40
615.59	776.20
615.72	803.80
615.84	821.00
615.96	775.00
616.09	874.80
616.21	800.80
616.34	788.80
616.46	793.60
616.58	815.80
616.71	826.00
616.83	844.20
616.95	830.00
617.08	820.40
617.20	792.80
617.33	768.20
617.45	793.20
617.57	818.60
617.70	808.60
617.82	786.20
617.95	801.20
618.07	865.40
618.19	827.80
618.32	811.20
618.44	783.60
618.56	771.00
618.69	746.40
618.81	753.00
618.94	821.00
619.06	796.60
619.18	799.40
619.31	765.60
619.43	771.40
619.55	815.80
619.68	824.60
619.80	763.60
619.92	803.80
620.05	912.80
620.17	853.80
620.30	800.20
620.42	820.00
620.54	836.40
620.67	782.40
620.79	809.80
620.91	821.60
621.04	855.20
621.16	782.60
621.29	778.00
621.41	748.40
621.53	791.40
621.66	792.00
621.78	784.40
621.90	835.40
622.03	896.00
622.15	808.40
622.27	808.20
622.40	814.00
622.52	775.40
622.64	780.80
622.77	753.20
622.89	808.20
623.02	833.20
623.14	822.40
623.26	823.60
623.39	821.40
623.51	849.40
623.63	792.00
623.76	768.80
623.88	855.00
624.00	800.60
624.13	769.80
624.25	774.60
624.37	756.60
624.50	845.20
624.62	814.80
624.75	765.00
624.87	763.40
624.99	824.40
625.12	788.20
625.24	796.00
625.36	868.00
625.49	833.00
625.61	812.40
625.73	811.20
625.86	844.20
625.98	802.00
626.10	779.40
626.23	762.40
626.35	815.00
626.47	791.00
626.60	767.40
626.72	780.60
626.84	776.40
626.97	812.60
627.09	785.00
627.21	793.80
627.34	897.40
627.46	879.20
627.58	805.60
627.71	812.60
627.83	836.20
627.95	765.20
628.08	808.40
628.20	834.00
628.32	750.40
628.45	726.40
628.57	737.00
628.69	768.60
628.82	813.60
628.94	853.20
629.06	799.80
629.19	779.00
629.31	834.40
629.43	770.00
629.56	819.20
629.68	798.80
629.80	835.80
629.93	759.00
630.05	781.00
630.17	764.40
630.30	777.00
630.42	767.20
630.54	816.60
630.67	807.20
630.79	779.00
630.91	907.80
631.04	814.60
631.16	808.40
631.28	811.20
631.41	769.40
631.53	757.00
631.65	804.80
631.78	822.00
631.90	806.20
632.02	803.80
632.14	727.80
632.27	854.00
632.39	799.40
632.51	787.80
632.64	837.80
632.76	799.60
632.88	780.40
633.01	803.00
633.13	796.00
633.25	797.40
633.38	892.60
633.50	750.60
633.62	751.00
633.75	743.40
633.87	735.60
633.99	810.80
634.11	756.80
634.24	779.20
634.36	790.80
634.48	784.40
634.61	785.80
634.73	818.40
634.85	771.60
634.98	766.00
635.10	774.80
635.22	790.60
635.35	897.60
635.47	816.80
635.59	788.00
635.71	816.40
635.84	837.80
635.96	780.00
636.08	828.20
636.21	776.00
636.33	809.20
636.45	790.40
636.58	770.80
636.70	737.60
636.82	811.80
636.94	776.40
637.07	752.00
637.19	820.80
637.31	814.20
637.44	816.60
637.56	747.00
637.68	803.00
637.81	814.60
637.93	803.60
638.05	758.20
638.17	839.80
638.30	900.60
638.42	788.40
638.54	770.00
638.67	780.60
638.79	795.20
638.91	767.40
639.03	795.00
639.16	788.40
639.28	793.20
639.40	798.60
639.53	779.40
639.65	820.80
639.77	793.80
639.89	798.80
640.02	799.00
640.14	800.00
640.26	760.00
640.39	811.40
640.51	764.60
640.63	805.20
640.75	837.20
640.88	801.40
641.00	773.00
641.12	765.40
641.24	872.20
641.37	785.20
641.49	761.80
641.61	887.60
641.74	773.80
641.86	806.40
641.98	762.20
642.10	798.80
642.23	813.80
642.35	777.40
642.47	800.80
642.60	796.00
642.72	826.00
642.84	730.80
642.96	761.20
643.09	748.80
643.21	753.00
643.33	760.40
643.45	764.80
643.58	825.00
643.70	858.80
643.82	777.60
643.94	786.60
644.07	805.20
644.19	811.40
644.31	804.20
644.44	789.40
644.56	781.20
644.68	757.40
644.80	758.80
644.93	763.20
645.05	757.60
645.17	797.80
645.29	805.80
645.42	810.60
645.54	791.60
645.66	816.60
645.78	796.40
645.91	766.60
646.03	816.60
646.15	863.20
646.27	781.20
646.40	802.40
646.52	814.60
646.64	829.00
646.76	786.80
646.89	741.00
647.01	821.80
647.13	813.20
647.25	822.80
647.38	782.20
647.50	761.00
647.62	828.00
647.74	750.60
647.87	765.00
647.99	800.20
648.11	814.80
648.23	787.40
648.36	743.00
648.48	841.80
648.60	799.60
648.72	769.40
648.85	760.40
648.97	829.00
649.09	797.60
649.21	775.40
649.34	804.00
649.46	811.60
649.58	801.80
649.70	809.40
649.83	768.60
649.95	807.60
650.07	822.00
650.19	821.00
650.32	797.40
650.44	834.00
650.56	809.20
650.68	780.20
650.81	785.00
650.93	776.00
651.05	842.80
651.17	775.40
651.29	807.80
651.42	780.60
651.54	815.80
651.66	761.00
651.78	763.40
651.91	815.60
652.03	900.80
652.15	814.80
652.27	769.00
652.40	797.60
652.52	784.40
652.64	800.20
652.76	774.60
652.88	880.60
653.01	791.20
653.13	760.40
653.25	736.00
653.37	815.00
653.50	830.80
653.62	809.80
653.74	755.60
653.86	824.00
653.98	810.60
654.11	759.40
654.23	778.80
654.35	776.60
654.47	898.40
654.60	773.20
654.72	774.60
654.84	751.40
654.96	823.40
655.08	785.60
655.21	811.40
655.33	780.00
655.45	833.20
655.57	800.00
655.70	798.80
655.82	831.20
655.94	860.00
656.06	815.60
656.18	753.40
656.31	838.80
656.43	821.40
656.55	773.00
656.67	782.00
656.79	788.00
656.92	834.20
657.04	807.00
657.16	786.80
657.28	909.80
657.40	807.60
657.53	820.20
657.65	783.60
657.77	840.20
657.89	841.60
658.01	776.60
658.14	758.00
658.26	814.00
658.38	781.80
658.50	761.60
658.62	758.60
658.75	905.20
658.87	832.40
658.99	820.40
659.11	756.80
659.23	839.20
659.36	879.40
659.48	831.40
659.60	822.20
659.72	808.40
659.84	796.80
659.97	816.20
660.09	827.60
660.21	903.80
660.33	841.00
660.45	751.20
660.58	718.80
660.70	772.20
660.82	781.20
660.94	754.20
661.06	790.20
661.19	841.60
661.31	823.00
661.43	801.40
661.55	794.60
661.67	825.80
661.80	853.40
661.92	795.00
662.04	799.40
662.16	797.20
662.28	851.20
662.40	800.40
662.53	796.40
662.65	806.20
662.77	772.60
662.89	803.40
663.01	774.20
663.14	788.60
663.26	810.80
663.38	798.40
663.50	765.00
663.62	771.20
663.74	792.00
663.87	780.00
663.99	796.20
664.11	807.60
664.23	903.00
664.35	782.00
664.48	775.40
664.60	782.20
664.72	786.40
664.84	751.40
664.96	785.60
665.08	840.40
665.21	812.20
665.33	826.60
665.45	751.40
665.57	789.80
665.69	861.60
665.81	798.00
665.94	763.20
666.06	765.20
666.18	809.20
666.30	786.60
666.42	766.40
666.54	801.80
666.67	816.00
666.79	771.80
666.91	825.60
667.03	786.60
667.15	749.80
667.27	784.80
667.40	758.60
667.52	774.20
667.64	826.40
667.76	780.60
667.88	753.20
668.00	821.40
668.13	831.00
668.25	764.40
668.37	761.60
668.49	768.60
668.61	846.20
668.73	798.20
668.85	805.60
668.98	817.20
669.10	805.40
669.22	779.00
669.34	785.60
669.46	817.00
669.58	775.80
669.71	793.80
669.83	797.80
669.95	781.00
670.07	797.80
670.19	771.40
670.31	786.20
670.43	779.40
670.56	805.60
670.68	840.80
670.80	807.20
670.92	804.60
671.04	845.00
671.16	778.00
671.28	767.00
671.41	778.40
671.53	826.20
671.65	783.40
671.77	778.60
671.89	923.20
672.01	874.00
672.13	828.00
672.26	764.60
672.38	801.60
672.50	769.40
672.62	787.80
672.74	809.00
672.86	795.20
672.98	794.40
673.11	801.00
673.23	807.00
673.35	844.20
673.47	794.60
673.59	794.40
673.71	765.80
673.83	823.40
673.96	901.40
674.08	797.40
674.20	761.20
674.32	778.20
674.44	798.60
674.56	815.20
674.68	802.60
674.80	826.40
674.93	795.00
675.05	780.00
675.17	798.60
675.29	828.80
675.41	829.60
675.53	791.60
675.65	782.60
675.77	786.00
675.90	840.00
676.02	776.00
676.14	761.40
676.26	857.40
676.38	873.80
676.50	809.80
676.62	817.80
676.74	762.80
676.87	787.20
676.99	812.40
677.11	844.00
677.23	803.20
677.35	820.20
677.47	754.40
677.59	780.20
677.71	807.80
677.83	818.40
677.96	800.20
678.08	798.80
678.20	796.40
678.32	775.40
678.44	792.60
678.56	784.20
678.68	918.60
678.80	838.40
678.93	791.40
679.05	802.60
679.17	802.20
679.29	843.20
679.41	793.00
679.53	766.60
679.65	768.20
679.77	804.40
679.89	791.20
680.01	821.00
680.14	831.00
680.26	748.00
680.38	784.20
680.50	814.00
680.62	872.60
680.74	817.60
680.86	783.00
680.98	800.40
681.10	816.20
681.22	882.20
681.35	778.80
681.47	790.80
681.59	772.40
681.71	863.80
681.83	803.80
681.95	775.80
682.07	839.20
682.19	815.80
682.31	781.40
682.43	757.80
682.56	824.60
682.68	761.40
682.80	778.40
682.92	817.80
683.04	796.20
683.16	789.20
683.28	764.20
683.40	826.00
683.52	797.40
683.64	816.80
683.76	776.20
683.89	781.40
684.01	792.60
684.13	844.60
684.25	812.60
684.37	805.80
684.49	825.40
684.61	791.80
684.73	798.40
684.85	791.80
684.97	764.40
685.09	849.00
685.21	760.20
685.34	782.60
685.46	921.00
685.58	825.20
685.70	811.20
685.82	835.00
685.94	767.80
686.06	758.20
686.18	757.00
686.30	781.20
686.42	754.00
686.54	813.60
686.66	767.00
686.79	864.00
686.91	813.20
687.03	901.40
687.15	815.00
687.27	789.60
687.39	797.40
687.51	859.00
687.63	807.80
687.75	849.60
687.87	824.80
687.99	858.00
688.11	770.40
688.23	825.00
688.35	843.80
688.48	817.00
688.60	755.40
688.72	787.60
688.84	805.80
688.96	827.60
689.08	793.20
689.20	800.80
689.32	907.80
689.44	814.60
689.56	771.80
689.68	773.40
689.80	786.60
689.92	769.40
690.04	783.00
690.16	833.40
690.28	812.20
690.41	809.80
690.53	780.20
690.65	836.20
690.77	854.60
690.89	842.60
691.01	795.80
691.13	776.80
691.25	755.40
691.37	785.60
691.49	742.40
691.61	746.20
691.73	866.40
691.85	795.80
691.97	792.80
692.09	773.20
692.21	839.40
692.33	859.00
692.45	811.60
692.57	783.80
692.70	797.40
692.82	818.80
692.94	736.80
693.06	774.40
693.18	802.80
693.30	779.80
693.42	774.60
693.54	811.80
693.66	817.60
693.78	814.00
693.90	775.80
694.02	801.40
694.14	813.60
694.26	784.40
694.38	804.80
694.50	808.60
694.62	818.00
694.74	763.20
694.86	770.00
694.98	803.60
695.10	816.00
695.22	839.80
695.34	782.40
695.46	775.00
695.58	778.60
695.71	810.20
695.83	780.00
695.95	781.20
696.07	846.00
696.19	769.80
696.31	779.60
696.43	769.60
696.55	869.40
696.67	810.60
696.79	781.20
696.91	800.60
697.03	777.40
697.15	865.80
697.27	803.40
697.39	766.00
697.51	831.40
697.63	770.20
697.75	771.20
697.87	802.40
697.99	748.40
698.11	727.00
698.23	757.60
698.35	775.20
698.47	783.40
698.59	808.60
698.71	792.00
698.83	835.20
698.95	770.00
699.07	796.00
699.19	778.80
699.31	792.80
699.43	768.00
699.55	817.60
699.67	787.00
699.79	780.60
699.91	775.40
700.03	795.60
700.15	796.00
700.27	763.40
700.39	797.00
700.51	758.60
700.63	796.20
700.75	792.80
700.87	802.40
700.99	765.60
701.11	820.40
701.24	780.60
701.36	818.20
701.48	835.00
701.60	818.00
701.72	759.80
701.84	861.00
701.96	806.40
702.08	788.00
702.20	875.20
702.32	831.00
702.44	822.40
702.56	789.00
702.68	791.40
702.80	823.40
702.92	890.60
703.04	858.40
703.16	799.20
703.28	805.60
703.40	786.80
703.52	811.40
703.64	808.40
703.76	810.40
703.88	784.40
704.00	775.00
704.12	794.60
704.24	846.80
704.36	806.20
704.48	803.40
704.60	766.00
704.72	780.60
704.84	782.20
704.96	818.20
705.07	805.00
705.19	764.80
705.31	783.60
705.43	829.20
705.55	782.40
705.67	811.80
705.79	792.20
705.91	736.40
706.03	793.60
706.15	797.40
706.27	779.80
706.39	786.60
706.51	774.00
706.63	782.00
706.75	817.60
706.87	804.80
706.99	860.60
707.11	802.80
707.23	786.80
707.35	815.60
707.47	805.20
707.59	836.00
707.71	838.00
707.83	788.20
707.95	828.60
708.07	783.60
708.19	902.60
708.31	811.20
708.43	772.80
708.55	806.40
708.67	852.80
708.79	804.60
708.91	835.60
709.03	806.80
709.15	841.60
709.27	773.80
709.39	807.00
709.51	794.80
709.63	822.00
709.75	823.20
709.87	753.80
709.99	827.20
710.11	774.20
710.23	774.40
710.35	761.00
710.47	891.00
710.58	849.40
710.70	838.80
710.82	844.40
710.94	796.20
711.06	784.80
711.18	811.20
711.30	785.00
711.42	827.40
711.54	793.00
711.66	827.60
711.78	775.60
711.90	822.40
712.02	865.40
712.14	773.40
712.26	757.60
712.38	837.00
712.50	851.00
712.62	784.00
712.74	781.40
712.86	777.60
712.98	840.00
713.10	775.20
713.22	759.00
713.34	808.80
713.45	785.20
713.57	819.20
713.69	764.80
713.81	777.40
713.93	812.60
714.05	789.40
714.17	755.40
714.29	852.40
714.41	843.60
714.53	790.00
714.65	813.00
714.77	795.80
714.89	757.80
715.01	841.80
715.13	768.80
715.25	803.40
715.37	770.80
715.49	754.00
715.61	821.00
715.72	811.20
715.84	850.20
715.96	790.40
716.08	784.20
716.20	859.60
716.32	846.20
716.44	788.60
716.56	800.60
716.68	809.40
716.80	883.60
716.92	851.00
717.04	810.40
717.16	815.20
717.28	799.80
717.40	790.80
717.52	807.40
717.63	773.60
717.75	803.20
717.87	799.60
717.99	818.00
718.11	780.40
718.23	855.60
718.35	819.00
718.47	807.40
718.59	749.00
718.71	798.60
718.83	779.80
718.95	824.40
719.07	757.20
719.19	792.80
719.30	789.80
719.42	807.60
719.54	795.40
719.66	803.40
719.78	811.60
719.90	745.60
720.02	797.60
720.14	808.40
720.26	831.80
720.38	817.00
720.50	777.40
720.62	738.00
720.74	806.60
720.85	804.80
720.97	858.00
721.09	886.40
721.21	795.40
721.33	860.60
721.45	813.60
721.57	812.20
721.69	777.40
721.81	747.20
721.93	850.80
722.05	810.20
722.16	772.00
722.28	758.60
722.40	780.00
722.52	850.00
722.64	855.60
722.76	772.40
722.88	819.80
723.00	815.40
723.12	782.80
723.24	806.40
723.36	747.20
723.47	829.60
723.59	802.60
723.71	783.40
723.83	812.20
723.95	792.00
724.07	800.20
724.19	813.20
724.31	870.80
724.43	768.40
724.55	734.60
724.66	779.80
724.78	928.20
724.90	774.20
725.02	773.00
725.14	788.00
725.26	795.00
725.38	743.60
725.50	798.60
725.62	806.00
725.74	789.00
725.85	785.00
725.97	800.40
726.09	858.00
726.21	1142.80
726.33	842.20
726.45	798.80
726.57	775.20
726.69	805.80
726.81	804.00
726.92	789.80
727.04	804.80
727.16	820.20
727.28	792.60
727.40	790.20
727.52	816.20
727.64	916.80
727.76	883.60
727.88	832.60
727.99	766.40
728.11	766.40
728.23	789.20
728.35	782.20
728.47	781.60
728.59	780.20
728.71	818.60
728.83	813.00
728.94	830.00
729.06	884.20
729.18	862.00
729.30	821.40
729.42	813.40
729.54	868.20
729.66	877.00
729.78	795.60
729.90	805.80
730.01	781.80
730.13	731.20
730.25	794.60
730.37	793.80
730.49	820.40
730.61	806.80
730.73	810.20
730.84	835.00
730.96	825.40
731.08	809.00
731.20	810.00
731.32	806.60
731.44	944.20
731.56	797.80
731.68	778.60
731.79	813.00
731.91	770.20
732.03	785.00
732.15	798.80
732.27	773.40
732.39	782.20
732.51	829.80
732.62	778.00
732.74	794.40
732.86	845.00
732.98	820.60
733.10	793.40
733.22	817.40
733.34	825.60
733.45	745.80
733.57	802.20
733.69	760.20
733.81	781.20
733.93	804.20
734.05	736.20
734.17	802.00
734.28	802.80
734.40	803.00
734.52	783.60
734.64	796.40
734.76	875.40
734.88	805.40
735.00	759.60
735.11	794.80
735.23	843.40
735.35	785.60
735.47	746.40
735.59	838.40
735.71	800.80
735.83	801.80
735.94	817.40
736.06	807.80
736.18	851.40
736.30	839.20
736.42	825.80
736.54	817.20
736.65	831.20
736.77	940.40
736.89	843.80
737.01	808.20
737.13	900.00
737.25	742.20
737.36	767.00
737.48	792.80
737.60	801.80
737.72	785.20
737.84	804.40
737.96	843.00
738.08	799.00
738.19	883.80
738.31	791.80
738.43	819.40
738.55	803.60
738.67	805.00
738.79	777.20
738.90	804.60
739.02	818.40
739.14	786.20
739.26	799.80
739.38	816.80
739.50	820.80
739.61	802.00
739.73	803.00
739.85	811.00
739.97	821.60
740.09	858.00
740.20	760.00
740.32	806.20
740.44	826.20
740.56	762.40
740.68	794.60
740.80	810.20
740.91	800.20
741.03	835.80
741.15	824.40
741.27	795.80
741.39	839.80
741.51	820.60
741.62	839.00
741.74	802.40
741.86	801.60
741.98	786.40
742.10	808.00
742.21	805.00
742.33	807.60
742.45	770.80
742.57	856.40
742.69	794.20
742.80	831.40
742.92	790.00
743.04	797.40
743.16	789.60
743.28	855.00
743.40	768.60
743.51	776.80
743.63	771.20
743.75	805.20
743.87	796.00
743.99	817.00
744.10	799.60
744.22	799.60
744.34	783.60
744.46	830.20
744.58	818.80
744.69	740.20
744.81	801.20
744.93	758.20
745.05	761.00
745.17	873.20
745.28	869.40
745.40	827.40
745.52	795.00
745.64	803.20
745.76	843.40
745.87	791.20
745.99	784.80
746.11	811.20
746.23	769.00
746.35	789.80
746.46	778.80
746.58	906.80
746.70	809.60
746.82	814.20
746.94	806.00
747.05	772.80
747.17	759.00
747.29	750.40
747.41	791.00
747.53	922.40
747.64	790.60
747.76	843.60
747.88	853.40
748.00	840.40
748.12	815.60
748.23	792.40
748.35	818.60
748.47	841.40
748.59	834.80
748.70	785.20
748.82	774.00
748.94	766.20
749.06	794.40
749.18	795.00
749.29	778.20
749.41	815.60
749.53	801.40
749.65	796.00
749.76	836.80
749.88	784.40
750.00	814.80
750.12	839.20
750.24	817.40
750.35	802.20
750.47	761.40
750.59	831.80
750.71	794.20
750.82	828.00
750.94	779.40
751.06	799.00
751.18	790.80
751.30	837.00
751.41	830.20
751.53	839.20
751.65	774.40
751.77	791.60
751.88	819.40
752.00	847.00
752.12	756.60
752.24	848.60
752.35	819.80
752.47	832.00
752.59	845.00
752.71	883.40
752.83	788.60
752.94	866.80
753.06	787.00
753.18	810.80
753.30	784.40
753.41	745.40
753.53	794.20
753.65	788.80
753.77	847.40
753.88	787.80
754.00	819.40
754.12	809.60
754.24	869.40
754.35	788.60
754.47	759.40
754.59	829.80
754.71	825.20
754.82	796.40
754.94	797.40
755.06	852.20
755.18	827.00
755.29	808.20
755.41	793.20
755.53	832.00
755.65	773.80
755.76	813.00
755.88	808.00
756.00	862.60
756.12	783.20
756.23	715.20
756.35	777.80
756.47	838.80
756.59	784.60
756.70	781.80
756.82	787.60
756.94	793.00
757.06	819.60
757.17	822.60
757.29	805.40
757.41	759.80
757.53	820.60
757.64	807.80
757.76	812.40
757.88	824.40
758.00	824.60
758.11	794.40
758.23	771.00
758.35	812.40
758.47	767.80
758.58	822.40
758.70	772.40
758.82	781.00
758.94	777.80
759.05	796.00
759.17	763.80
759.29	793.60
759.40	862.00
759.52	790.40
759.64	795.20
759.76	810.80
759.87	823.40
759.99	819.40
760.11	779.80
760.23	817.00
760.34	833.60
760.46	817.00
760.58	797.80
760.70	808.80
760.81	858.00
760.93	812.60
761.05	826.60
761.16	822.60
761.28	796.00
761.40	795.40
761.52	775.80
761.63	856.80
761.75	809.60
761.87	785.60
761.98	754.40
762.10	821.20
762.22	812.00
762.34	839.40
762.45	788.00
762.57	836.00
762.69	921.80
762.81	803.00
762.92	829.80
763.04	753.60
763.16	825.20
763.27	836.60
763.39	797.60
763.51	831.60
763.63	824.60
763.74	784.80
763.86	759.20
763.98	773.80
764.09	787.40
764.21	812.20
764.33	767.00
764.44	783.40
764.56	809.40
764.68	784.80
764.80	809.40
764.91	753.00
765.03	860.00
765.15	811.60
765.26	800.00
765.38	768.40
765.50	837.00
765.62	807.80
765.73	805.00
765.85	808.00
765.97	764.20
766.08	813.60
766.20	812.60
766.32	814.00
766.43	837.80
766.55	831.00
766.67	804.00
766.79	807.40
766.90	774.40
767.02	742.20
767.14	765.00
767.25	768.80
767.37	882.40
767.49	820.00
767.60	801.80
767.72	850.40
767.84	823.80
767.95	790.20
768.07	773.80
768.19	824.20
768.31	820.60
768.42	814.40
768.54	796.00
768.66	795.80
768.77	835.60
768.89	803.80
769.01	786.40
769.12	823.60
769.24	808.60
769.36	776.00
769.47	773.20
769.59	761.00
769.71	818.00
769.82	793.40
769.94	786.00
770.06	763.40
770.17	839.80
770.29	804.20
770.41	833.80
770.53	820.40
770.64	765.40
770.76	811.00
770.88	827.60
770.99	830.40
771.11	774.80
771.23	820.20
771.34	803.80
771.46	890.40
771.58	861.80
771.69	827.80
771.81	810.80
771.93	834.80
772.04	784.40
772.16	841.20
772.28	814.60
772.39	856.20
772.51	804.00
772.63	825.80
772.74	802.60
772.86	806.40
772.98	905.60
773.09	775.60
773.21	789.40
773.33	823.20
773.44	829.20
773.56	800.40
773.68	801.00
773.79	842.40
773.91	786.60
774.03	805.40
774.14	803.60
774.26	850.60
774.38	776.40
774.49	772.20
774.61	801.00
774.73	800.80
774.84	789.80
774.96	782.40
775.08	805.00
775.19	822.60
775.31	846.40
775.43	817.20
775.54	783.80
775.66	743.20
775.77	842.00
775.89	778.20
776.01	834.60
776.12	845.20
776.24	820.00
776.36	773.20
776.47	786.80
776.59	807.80
776.71	850.80
776.82	746.20
776.94	761.00
777.06	786.60
777.17	867.40
777.29	779.80
777.41	777.00
777.52	824.00
777.64	813.20
777.75	833.80
777.87	747.20
777.99	791.40
778.10	844.00
778.22	785.40
778.34	823.60
778.45	808.00
778.57	845.40
778.69	847.00
778.80	822.40
778.92	894.60
779.04	813.60
779.15	806.40
779.27	846.60
779.38	835.00
779.50	863.00
779.62	758.40
779.73	800.40
779.85	761.00
779.97	901.20
780.08	806.20
780.20	803.80
780.31	834.20
780.43	838.00
780.55	791.00
780.66	822.60
780.78	826.80
780.90	902.60
781.01	792.60
781.13	796.00
781.25	805.20
781.36	853.60
781.48	788.20
781.59	803.20
781.71	848.60
781.83	826.20
781.94	781.20
782.06	790.20
782.18	852.80
782.29	806.60
782.41	757.80
782.52	851.00
782.64	850.40
782.76	828.60
782.87	820.20
782.99	813.20
783.10	932.80
783.22	940.00
783.34	811.40
783.45	814.80
783.57	806.60
783.69	788.20
783.80	811.40
783.92	844.20
784.03	800.60
784.15	774.60
784.27	804.20
784.38	797.60
784.50	814.00
784.61	808.80
784.73	783.40
784.85	786.80
784.96	787.40
785.08	859.60
785.19	846.00
785.31	797.20
785.43	775.60
785.54	780.80
785.66	846.20
785.77	822.80
785.89	831.00
786.01	757.40
786.12	795.40
786.24	829.20
786.35	876.80
786.47	808.60
786.59	795.00
786.70	770.40
786.82	814.20
786.93	828.60
787.05	807.80
787.17	833.00
787.28	803.00
787.40	819.80
787.51	825.40
787.63	823.20
787.75	768.80
787.86	821.60
787.98	838.60
788.09	807.00
788.21	817.40
788.33	837.20
788.44	830.20
788.56	783.00
788.67	837.40
788.79	793.20
788.91	810.00
789.02	791.00
789.14	792.20
789.25	882.80
789.37	841.20
789.48	796.20
789.60	821.60
789.72	782.60
789.83	828.60
789.95	819.40
790.06	765.40
790.18	778.20
790.30	834.60
790.41	827.40
790.53	790.60
790.64	778.20
790.76	775.20
790.87	794.40
790.99	805.80
791.11	801.00
791.22	784.20
791.34	807.20
791.45	840.20
791.57	842.00
791.68	805.20
791.80	786.20
791.92	831.40
792.03	779.60
792.15	773.00
792.26	791.60
792.38	760.20
792.49	815.20
792.61	796.80
792.73	818.00
792.84	807.20
792.96	898.60
793.07	793.60
793.19	1543.40
793.30	889.60
793.42	838.20
793.54	745.20
793.65	772.60
793.77	927.60
793.88	798.20
794.00	756.80
794.11	810.40
794.23	754.20
794.34	807.40
794.46	753.40
794.58	756.00
794.69	884.60
794.81	881.40
794.92	774.60
795.04	769.60
795.15	882.00
795.27	847.80
795.39	810.60
795.50	784.40
795.62	780.80
795.73	796.60
795.85	779.80
795.96	820.80
796.08	861.00
796.19	782.80
796.31	800.00
796.42	773.40
796.54	779.20
796.66	838.80
796.77	763.00
796.89	763.80
797.00	852.00
797.12	738.60
797.23	800.20
797.35	815.80
797.46	837.40
797.58	855.60
797.69	822.60
797.81	801.00
797.93	793.20
798.04	780.80
798.16	786.40
798.27	819.00
798.39	780.20
798.50	763.60
798.62	758.60
798.73	766.80
798.85	874.80
798.96	812.40
799.08	833.00
799.19	843.80
799.31	801.40
799.43	806.40
799.54	794.40
799.66	815.20
799.77	833.00
799.89	777.20
800.00	743.60
800.12	796.80
800.23	854.00
800.35	882.40
800.46	754.80
800.58	740.40
800.69	798.40
800.81	792.40
800.92	764.60
801.04	796.60
801.16	737.80
801.27	754.00
801.39	770.00
801.50	789.80
801.62	795.20
801.73	837.80
801.85	833.80
801.96	768.40
802.08	856.80
802.19	843.60
802.31	786.80
802.42	806.40
802.54	876.40
802.65	852.00
802.77	774.00
802.88	839.00
803.00	761.80
803.11	896.40
803.23	806.60
803.34	802.60
803.46	823.40
803.57	767.20
803.69	837.20
803.80	773.80
803.92	842.60
804.03	789.40
804.15	815.60
804.26	828.40
804.38	834.60
804.50	775.00
804.61	813.80
804.73	805.60
804.84	808.80
804.96	740.40
805.07	792.00
805.19	772.00
805.30	818.80
805.42	849.20
805.53	802.40
805.65	786.80
805.76	757.60
805.88	777.60
805.99	813.40
806.11	831.60
806.22	777.80
806.34	787.80
806.45	804.00
806.57	785.20
806.68	839.80
806.80	743.00
806.91	771.60
807.03	769.60
807.14	748.00
807.26	750.60
807.37	754.60
807.49	812.00
807.60	782.00
807.72	861.00
807.83	871.60
807.95	807.20
808.06	810.60
808.17	818.00
808.29	840.60
808.40	772.80
808.52	799.60
808.63	803.40
808.75	815.80
808.86	809.80
808.98	815.00
809.09	772.60
809.21	809.00
809.32	783.00
809.44	829.00
809.55	762.00
809.67	808.60
809.78	769.20
809.90	824.00
810.01	856.20
810.13	785.20
810.24	834.80
810.36	764.40
810.47	777.20
810.59	808.00
810.70	826.80
810.82	841.40
810.93	759.60
811.05	775.00
811.16	783.40
811.27	766.80
811.39	803.40
811.50	851.40
811.62	755.80
811.73	731.80
811.85	812.00
811.96	804.20
812.08	830.40
812.19	805.60
812.31	827.00
812.42	797.20
812.54	782.40
812.65	842.20
812.77	848.00
812.88	837.80
813.00	847.00
813.11	828.60
813.22	775.60
813.34	791.00
813.45	806.60
813.57	879.60
813.68	882.20
813.80	812.00
813.91	773.80
814.03	793.40
814.14	881.00
814.26	786.40
814.37	802.20
814.49	805.40
814.60	778.00
814.71	784.40
814.83	809.00
814.94	767.60
815.06	787.60
815.17	803.40
815.29	797.60
815.40	770.20
815.52	882.40
815.63	795.80
815.75	780.20
815.86	815.60
815.97	767.80
816.09	810.20
816.20	819.40
816.32	820.80
816.43	755.80
816.55	813.20
816.66	790.60
816.78	879.60
816.89	799.80
817.00	809.20
817.12	779.00
817.23	781.60
817.35	838.60
817.46	808.40
817.58	779.20
817.69	922.20
817.81	814.60
817.92	834.00
818.03	808.20
818.15	802.20
818.26	776.60
818.38	762.80
818.49	800.20
818.61	815.80
818.72	766.00
818.83	1996.40
818.95	972.80
819.06	791.00
819.18	796.20
819.29	816.80
819.41	820.80
819.52	822.00
819.64	809.60
819.75	778.20
819.86	758.60
819.98	792.00
820.09	825.60
820.21	807.60
820.32	774.00
820.44	819.00
820.55	867.80
820.66	793.40
820.78	832.40
820.89	802.60
821.01	822.40
821.12	812.20
821.23	821.20
821.35	788.20
821.46	848.00
821.58	807.00
821.69	792.40
821.81	785.80
821.92	860.80
822.03	811.20
822.15	823.80
822.26	770.80
822.38	772.60
822.49	829.80
822.61	815.40
822.72	813.20
822.83	849.80
822.95	815.80
823.06	822.40
823.18	850.40
823.29	874.00
823.40	835.20
823.52	804.20
823.63	765.80
823.75	886.20
823.86	808.60
823.97	771.60
824.09	846.80
824.20	772.20
824.32	823.80
824.43	804.60
824.55	841.40
824.66	900.00
824.77	809.20
824.89	824.80
825.00	868.40
825.12	809.40
825.23	838.40
825.34	772.80
825.46	767.20
825.57	834.20
825.69	794.60
825.80	741.60
825.91	787.40
826.03	760.40
826.14	823.80
826.26	779.60
826.37	803.00
826.48	795.20
826.60	810.00
826.71	785.60
826.83	818.00
826.94	819.60
827.05	864.00
827.17	845.00
827.28	802.40
827.39	786.80
827.51	773.40
827.62	807.20
827.74	807.20
827.85	798.60
827.96	791.40
828.08	800.20
828.19	893.20
828.31	808.00
828.42	756.80
828.53	821.20
828.65	850.00
828.76	861.20
828.87	824.20
828.99	778.60
