Wavelength (nm)	Intensity
377.35	824.33
377.48	582.00
377.62	613.67
377.75	613.00
377.88	811.33
378.02	790.67
378.15	802.00
378.28	774.00
378.41	834.67
378.55	802.33
378.68	794.33
378.81	778.67
378.95	796.00
379.08	783.33
379.21	757.33
379.35	813.67
379.48	808.67
379.61	890.00
379.74	835.33
379.88	802.00
380.01	874.00
380.14	933.00
380.28	877.33
380.41	799.00
380.54	843.33
380.68	850.33
380.81	771.00
380.94	873.67
381.07	902.00
381.21	897.33
381.34	820.33
381.47	774.00
381.61	965.00
381.74	843.33
381.87	807.33
382.00	852.33
382.14	918.33
382.27	866.33
382.40	797.67
382.54	891.00
382.67	890.67
382.80	804.67
382.93	822.67
383.07	833.33
383.20	845.67
383.33	873.67
383.47	824.67
383.60	792.67
383.73	976.00
383.86	862.67
384.00	833.33
384.13	830.33
384.26	867.67
384.40	890.33
384.53	834.67
384.66	894.67
384.79	854.33
384.93	831.00
385.06	835.33
385.19	860.67
385.33	952.33
385.46	873.00
385.59	827.00
385.72	856.33
385.86	806.67
385.99	838.33
386.12	840.00
386.25	816.67
386.39	885.33
386.52	897.67
386.65	839.00
386.79	840.33
386.92	838.67
387.05	921.00
387.18	798.33
387.32	820.33
387.45	870.67
387.58	851.00
387.71	837.00
387.85	830.67
387.98	856.33
388.11	867.33
388.25	863.67
388.38	848.33
388.51	877.67
388.64	890.33
388.78	829.00
388.91	809.00
389.04	848.00
389.17	938.33
389.31	866.00
389.44	886.33
389.57	908.33
389.70	878.33
389.84	834.00
389.97	835.67
390.10	841.67
390.24	880.33
390.37	846.33
390.50	843.00
390.63	917.67
390.77	846.33
390.90	853.67
391.03	850.00
391.16	814.33
391.30	830.00
391.43	846.33
391.56	853.00
391.69	823.00
391.83	912.33
391.96	857.67
392.09	845.33
392.22	935.00
392.36	866.00
392.49	828.00
392.62	858.00
392.75	880.67
392.89	911.00
393.02	832.00
393.15	836.67
393.28	806.00
393.42	947.67
393.55	818.67
393.68	843.00
393.81	802.33
393.95	857.00
394.08	850.67
394.21	848.33
394.34	899.00
394.48	890.33
394.61	897.33
394.74	885.67
394.87	914.00
395.01	885.67
395.14	897.67
395.27	857.33
395.40	971.67
395.54	953.33
395.67	868.67
395.80	861.67
395.93	892.00
396.07	859.00
396.20	844.67
396.33	805.67
396.46	852.33
396.59	869.00
396.73	863.00
396.86	839.67
396.99	917.67
397.12	875.00
397.26	896.67
397.39	864.67
397.52	1151.33
397.65	980.00
397.79	882.00
397.92	865.67
398.05	915.33
398.18	853.67
398.32	872.67
398.45	909.33
398.58	897.00
398.71	901.00
398.84	843.67
398.98	879.67
399.11	915.00
399.24	897.33
399.37	865.33
399.51	841.67
399.64	883.67
399.77	887.00
399.90	879.67
400.03	886.33
400.17	838.67
400.30	940.67
400.43	920.33
400.56	888.33
400.70	873.33
400.83	865.00
400.96	860.33
401.09	893.67
401.23	887.33
401.36	944.67
401.49	876.00
401.62	901.67
401.75	878.67
401.89	850.00
402.02	872.33
402.15	886.33
402.28	903.00
402.41	901.33
402.55	883.67
402.68	891.00
402.81	956.67
402.94	924.67
403.08	879.00
403.21	855.00
403.34	918.33
403.47	920.33
403.60	890.00
403.74	930.00
403.87	936.00
404.00	877.33
404.13	874.33
404.26	865.67
404.40	868.67
404.53	898.00
404.66	887.33
404.79	867.67
404.93	921.67
405.06	913.33
405.19	862.00
405.32	906.33
405.45	918.00
405.59	939.00
405.72	912.67
405.85	879.00
405.98	1054.33
406.11	874.67
406.25	873.67
406.38	888.00
406.51	939.67
406.64	902.33
406.77	860.00
406.91	867.33
407.04	921.67
407.17	901.00
407.30	925.33
407.43	905.33
407.57	983.33
407.70	956.67
407.83	886.67
407.96	916.00
408.09	873.00
408.23	991.00
408.36	914.67
408.49	907.00
408.62	1022.00
408.75	918.00
408.89	898.33
409.02	927.00
409.15	921.67
409.28	998.67
409.41	942.67
409.55	904.67
409.68	1035.33
409.81	940.00
409.94	892.00
410.07	925.67
410.20	935.33
410.34	913.33
410.47	922.33
410.60	923.33
410.73	954.67
410.86	898.67
411.00	935.67
411.13	905.67
411.26	937.33
411.39	934.67
411.52	954.00
411.66	928.00
411.79	914.00
411.92	908.00
412.05	921.33
412.18	919.67
412.31	949.67
412.45	956.00
412.58	963.00
412.71	895.67
412.84	950.33
412.97	999.33
413.11	935.67
413.24	940.67
413.37	979.67
413.50	1028.00
413.63	961.00
413.76	923.00
413.90	967.33
414.03	916.67
414.16	927.67
414.29	962.67
414.42	943.33
414.56	1038.67
414.69	923.00
414.82	937.33
414.95	932.00
415.08	957.67
415.21	951.33
415.35	953.67
415.48	870.33
415.61	990.67
415.74	984.67
415.87	907.00
416.00	951.67
416.14	1049.00
416.27	960.67
416.40	918.33
416.53	944.33
416.66	970.00
416.79	951.00
416.93	922.33
417.06	995.00
417.19	948.00
417.32	949.67
417.45	939.67
417.58	903.33
417.72	996.33
417.85	937.67
417.98	947.00
418.11	985.67
418.24	933.00
418.37	940.33
418.51	957.33
418.64	969.33
418.77	1034.00
418.90	977.33
419.03	931.33
419.16	968.67
419.29	1000.33
419.43	935.33
419.56	922.00
419.69	1061.00
419.82	1010.67
419.95	961.67
420.08	999.00
420.22	1021.00
420.35	1080.00
420.48	1000.33
420.61	968.00
420.74	917.67
420.87	1008.33
421.00	933.00
421.14	953.67
421.27	998.00
421.40	1039.67
421.53	987.67
421.66	970.00
421.79	973.33
421.93	975.00
422.06	982.00
422.19	963.67
422.32	1014.00
422.45	1009.67
422.58	981.67
422.71	960.67
422.85	1019.67
422.98	1014.67
423.11	928.67
423.24	937.67
423.37	943.00
423.50	952.67
423.63	991.67
423.77	963.33
423.90	960.33
424.03	1012.00
424.16	1013.67
424.29	986.67
424.42	934.33
424.55	963.33
424.69	955.00
424.82	993.33
424.95	994.33
425.08	964.33
425.21	1012.33
425.34	973.33
425.47	989.33
425.60	1005.67
425.74	944.00
425.87	966.33
426.00	986.67
426.13	1000.67
426.26	963.33
426.39	967.67
426.52	992.00
426.66	1069.33
426.79	1027.00
426.92	966.67
427.05	1089.33
427.18	1068.33
427.31	981.00
427.44	990.33
427.57	965.00
427.71	1002.00
427.84	996.00
427.97	1013.67
428.10	1052.67
428.23	1011.33
428.36	988.67
428.49	919.33
428.62	1144.00
428.76	1106.33
428.89	1023.33
429.02	986.00
429.15	1007.00
429.28	1106.00
429.41	1004.00
429.54	1012.00
429.67	996.67
429.81	1048.00
429.94	1013.67
430.07	992.33
430.20	1063.33
430.33	1074.67
430.46	979.00
430.59	987.33
430.72	1015.67
430.85	975.33
430.99	1022.67
431.12	990.00
431.25	1077.33
431.38	1093.67
431.51	1033.00
431.64	1029.67
431.77	1115.33
431.90	1106.00
432.03	1030.00
432.17	998.33
432.30	1039.67
432.43	1049.00
432.56	1025.33
432.69	1052.33
432.82	1047.33
432.95	1076.33
433.08	1035.33
433.21	1049.67
433.35	1026.33
433.48	1041.33
433.61	1004.67
433.74	1035.00
433.87	1017.00
434.00	1066.33
434.13	1021.00
434.26	1071.00
434.39	1063.00
434.53	1073.33
434.66	1035.33
434.79	1048.00
434.92	1030.67
435.05	1112.33
435.18	1031.00
435.31	1070.00
435.44	1111.33
435.57	1060.00
435.70	1036.00
435.84	1017.67
435.97	1110.33
436.10	1151.00
436.23	1034.00
436.36	1031.67
436.49	1049.67
436.62	1072.33
436.75	1042.00
436.88	1083.33
437.01	1026.67
437.14	1020.67
437.28	1010.67
437.41	1039.67
437.54	1121.33
437.67	1098.67
437.80	1041.00
437.93	1024.33
438.06	1170.33
438.19	1118.00
438.32	1027.00
438.45	1048.67
438.58	1097.00
438.72	1144.00
438.85	1106.67
438.98	1074.67
439.11	1094.33
439.24	1138.67
439.37	1133.67
439.50	1111.67
439.63	1138.00
439.76	1060.00
439.89	1062.67
440.02	1074.67
440.15	1104.67
440.29	1145.00
440.42	1089.67
440.55	1093.67
440.68	1163.33
440.81	1212.00
440.94	1100.33
441.07	1092.00
441.20	1195.33
441.33	1123.67
441.46	1086.00
441.59	1080.33
441.72	1090.33
441.85	1098.67
441.99	1140.33
442.12	1143.33
442.25	1187.00
442.38	1111.67
442.51	1122.33
442.64	1070.00
442.77	1107.67
442.90	1084.67
443.03	1065.00
443.16	1076.00
443.29	1117.67
443.42	1168.33
443.55	1104.00
443.68	1115.67
443.82	1072.33
443.95	1096.33
444.08	1109.67
444.21	1117.33
444.34	1104.33
444.47	1115.67
444.60	1120.67
444.73	1133.33
444.86	1122.00
444.99	1185.67
445.12	1144.67
445.25	1133.00
445.38	1127.33
445.51	1158.00
445.64	1141.67
445.78	1109.33
445.91	1078.33
446.04	1246.67
446.17	1183.33
446.30	1098.67
446.43	1163.67
446.56	1145.33
446.69	1114.67
446.82	1126.67
446.95	1172.67
447.08	1200.67
447.21	1153.33
447.34	1130.67
447.47	1185.67
447.60	1189.67
447.73	1164.33
447.86	1184.00
447.99	1167.33
448.13	1185.67
448.26	1180.00
448.39	1145.00
448.52	1182.67
448.65	1189.33
448.78	1157.67
448.91	1157.67
449.04	1198.00
449.17	1147.33
449.30	1183.33
449.43	1182.00
449.56	1176.67
449.69	1245.67
449.82	1176.00
449.95	1137.67
450.08	1228.00
450.21	1205.67
450.34	1187.67
450.47	1182.33
450.60	1213.67
450.73	1187.67
450.87	1175.33
451.00	1203.33
451.13	1229.00
451.26	1339.00
451.39	1186.00
451.52	1218.33
451.65	1190.67
451.78	1178.00
451.91	1186.00
452.04	1177.00
452.17	1286.00
452.30	1279.33
452.43	1183.33
452.56	1188.67
452.69	1265.00
452.82	1179.67
452.95	1244.00
453.08	1175.00
453.21	1145.67
453.34	1261.67
453.47	1195.33
453.60	1264.67
453.73	1299.00
453.86	1243.33
453.99	1231.00
454.12	1235.67
454.25	1211.33
454.38	1229.00
454.52	1191.00
454.65	1219.67
454.78	1223.33
454.91	1187.67
455.04	1238.33
455.17	1205.33
455.30	1217.67
455.43	1304.67
455.56	1229.33
455.69	1214.33
455.82	1262.33
455.95	1259.00
456.08	1211.33
456.21	1221.67
456.34	1208.33
456.47	1205.67
456.60	1246.33
456.73	1230.67
456.86	1249.00
456.99	1282.67
457.12	1244.00
457.25	1253.33
457.38	1324.00
457.51	1305.33
457.64	1291.67
457.77	1261.00
457.90	1274.33
458.03	1267.33
458.16	1253.00
458.29	1265.67
458.42	1280.33
458.55	1242.33
458.68	1247.67
458.81	1278.00
458.94	1356.00
459.07	1391.67
459.20	1256.67
459.33	1281.67
459.46	1350.00
459.59	1401.33
459.72	1372.33
459.85	1298.00
459.98	1373.00
460.11	1348.00
460.24	1315.33
460.37	1279.00
460.50	1368.67
460.63	1335.67
460.76	1307.00
460.89	1342.33
461.02	1352.33
461.15	1361.00
461.28	1340.33
461.41	1339.67
461.54	1412.67
461.67	1314.00
461.80	1352.00
461.93	1394.33
462.06	1383.67
462.19	1409.67
462.32	1343.67
462.45	1337.00
462.58	1375.67
462.71	1343.33
462.84	1361.33
462.97	1315.67
463.10	1367.33
463.23	1376.33
463.36	1400.33
463.49	1386.33
463.62	1330.67
463.75	1394.67
463.88	1372.67
464.01	1412.67
464.14	1350.67
464.27	1469.00
464.40	1386.67
464.53	1395.67
464.66	1437.33
464.79	1417.33
464.92	1421.33
465.05	1391.67
465.18	1425.00
465.31	1417.67
465.44	1402.33
465.57	1392.67
465.70	1394.67
465.83	1527.33
465.96	1443.00
466.09	1430.33
466.22	1496.67
466.35	1471.67
466.48	1428.67
466.61	1442.67
466.74	1441.67
466.87	1478.00
467.00	1493.33
467.13	1492.00
467.26	1515.33
467.39	1445.67
467.52	1442.67
467.65	1472.67
467.78	1525.00
467.91	1490.00
468.04	1504.00
468.17	1471.67
468.30	1482.33
468.43	1455.33
468.56	1492.00
468.69	1515.00
468.82	1545.33
468.95	1465.00
469.08	1522.67
469.21	1528.33
469.34	1573.33
469.47	1649.33
469.60	1616.33
469.73	1556.00
469.86	1564.33
469.99	1599.00
470.11	1520.00
470.24	1553.33
470.37	1592.00
470.50	1588.33
470.63	1549.33
470.76	1575.33
470.89	1639.00
471.02	1687.00
471.15	1581.33
471.28	1592.00
471.41	1684.67
471.54	1632.33
471.67	1604.33
471.80	1562.67
471.93	1671.33
472.06	1650.67
472.19	1624.00
472.32	1611.67
472.45	1745.33
472.58	1697.33
472.71	1666.00
472.84	1641.67
472.97	1650.33
473.10	1614.00
473.23	1699.33
473.36	1634.00
473.49	1741.67
473.62	1721.67
473.74	1720.67
473.87	1734.67
474.00	1686.67
474.13	1709.67
474.26	1737.33
474.39	1758.33
474.52	1732.00
474.65	1721.67
474.78	1751.00
474.91	1701.67
475.04	1763.33
475.17	1869.33
475.30	1794.67
475.43	1792.33
475.56	1824.00
475.69	1758.00
475.82	1836.33
475.95	1768.67
476.08	1872.67
476.21	1824.67
476.34	1847.00
476.46	1850.33
476.59	1890.67
476.72	1838.67
476.85	1849.33
476.98	1823.00
477.11	1898.00
477.24	1862.67
477.37	1809.67
477.50	1863.00
477.63	1888.67
477.76	1880.33
477.89	1836.33
478.02	1854.00
478.15	1899.33
478.28	1925.33
478.41	1946.00
478.54	1912.67
478.66	1964.33
478.79	1924.00
478.92	1941.00
479.05	1949.67
479.18	1945.00
479.31	1937.33
479.44	1963.33
479.57	1954.33
479.70	1954.33
479.83	1989.67
479.96	1970.33
480.09	2032.67
480.22	2125.67
480.35	2127.33
480.48	2069.00
480.60	2050.00
480.73	2026.00
480.86	2077.67
480.99	2052.67
481.12	2058.67
481.25	2072.00
481.38	2132.67
481.51	2076.00
481.64	2093.67
481.77	2138.33
481.90	2091.00
482.03	2100.33
482.16	2106.00
482.29	2153.67
482.41	2119.67
482.54	2154.00
482.67	2097.67
482.80	2142.67
482.93	2199.67
483.06	2132.00
483.19	2220.00
483.32	2189.67
483.45	2160.67
483.58	2192.33
483.71	2212.33
483.84	2246.33
483.97	2220.33
484.09	2187.00
484.22	2194.67
484.35	2192.00
484.48	2154.00
484.61	2199.67
484.74	2223.67
484.87	2259.67
485.00	2201.00
485.13	2271.67
485.26	2227.33
485.39	2293.00
485.52	2250.33
485.64	2313.67
485.77	2305.67
485.90	2335.00
486.03	2263.33
486.16	2311.33
486.29	2269.33
486.42	2313.67
486.55	2355.33
486.68	2318.67
486.81	2360.67
486.94	2364.33
487.06	2317.00
487.19	2380.33
487.32	2381.33
487.45	2371.33
487.58	2344.33
487.71	2390.67
487.84	2339.00
487.97	2419.67
488.10	2438.00
488.23	2390.00
488.35	2357.33
488.48	2380.33
488.61	2357.67
488.74	2404.00
488.87	2415.00
489.00	2451.00
489.13	2518.33
489.26	2479.00
489.39	2500.33
489.52	2521.33
489.64	2505.67
489.77	2498.67
489.90	2481.00
490.03	2491.33
490.16	2474.67
490.29	2470.33
490.42	2473.00
490.55	2495.00
490.68	2489.67
490.81	2508.00
490.93	2492.00
491.06	2581.33
491.19	2523.00
491.32	2574.33
491.45	2580.33
491.58	2512.33
491.71	2561.67
491.84	2536.33
491.97	2534.00
492.09	2630.67
492.22	2578.33
492.35	2599.00
492.48	2622.33
492.61	2613.33
492.74	2602.67
492.87	2624.33
493.00	2598.33
493.12	2597.33
493.25	2620.00
493.38	2624.67
493.51	2591.33
493.64	2596.00
493.77	2651.33
493.90	2681.33
494.03	2675.00
494.16	2719.67
494.28	2725.67
494.41	2669.67
494.54	2672.00
494.67	2793.67
494.80	2759.00
494.93	2703.67
495.06	2734.00
495.19	2734.33
495.31	2711.33
495.44	2709.00
495.57	2706.00
495.70	2761.67
495.83	2736.33
495.96	2685.33
496.09	2728.00
496.22	2811.67
496.34	2847.67
496.47	2750.33
496.60	2782.00
496.73	2819.33
496.86	2824.00
496.99	2739.00
497.12	2792.67
497.24	2740.00
497.37	2784.33
497.50	2783.67
497.63	2810.33
497.76	2819.00
497.89	2878.33
498.02	2846.67
498.15	2764.67
498.27	2837.33
498.40	2897.00
498.53	2902.00
498.66	2888.33
498.79	2885.00
498.92	2822.67
499.05	2880.67
499.17	2853.67
499.30	2894.33
499.43	2971.67
499.56	2907.67
499.69	2846.00
499.82	2909.67
499.95	2864.33
500.07	2858.33
500.20	2916.33
500.33	2941.67
500.46	3050.67
500.59	2940.67
500.72	2928.00
500.85	2972.00
500.97	2972.33
501.10	2984.67
501.23	2916.00
501.36	2963.00
501.49	3016.00
501.62	2985.67
501.75	2964.33
501.87	3020.67
502.00	2913.67
502.13	3012.67
502.26	3014.67
502.39	2957.00
502.52	2985.00
502.64	2959.00
502.77	3001.00
502.90	3068.00
503.03	3040.67
503.16	2991.67
503.29	3006.00
503.42	3089.33
503.54	3062.67
503.67	3055.67
503.80	3058.33
503.93	3112.33
504.06	2998.00
504.19	3050.67
504.31	3112.33
504.44	3088.00
504.57	3099.33
504.70	3082.67
504.83	3048.67
504.96	3123.00
505.08	3086.00
505.21	3124.33
505.34	3209.00
505.47	3164.00
505.60	3130.33
505.73	3184.67
505.85	3179.67
505.98	3259.00
506.11	3128.00
506.24	3098.67
506.37	3135.67
506.50	3151.67
506.62	3195.33
506.75	3184.33
506.88	3170.67
507.01	3184.33
507.14	3124.33
507.27	3180.00
507.39	3154.33
507.52	3175.00
507.65	3183.67
507.78	3234.33
507.91	3183.67
508.04	3277.33
508.16	3256.00
508.29	3236.33
508.42	3231.67
508.55	3190.67
508.68	3199.00
508.81	3287.00
508.93	3221.33
509.06	3239.00
509.19	3262.33
509.32	3293.33
509.45	3255.00
509.57	3303.00
509.70	3251.33
509.83	3285.33
509.96	3273.00
510.09	3287.33
510.22	3301.33
510.34	3324.67
510.47	3296.00
510.60	3418.00
510.73	3345.67
510.86	3374.00
510.98	3321.00
511.11	3297.67
511.24	3388.67
511.37	3373.33
511.50	3361.67
511.63	3369.33
511.75	3373.00
511.88	3343.67
512.01	3413.67
512.14	3369.67
512.27	3377.00
512.39	3380.00
512.52	3368.33
512.65	3388.00
512.78	3344.00
512.91	3392.33
513.03	3408.67
513.16	3432.00
513.29	3406.00
513.42	3414.33
513.55	3347.33
513.67	3440.67
513.80	3378.00
513.93	3388.33
514.06	3446.33
514.19	3462.33
514.31	3474.67
514.44	3469.00
514.57	3457.00
514.70	3476.33
514.83	3505.00
514.95	3439.33
515.08	3495.00
515.21	3514.00
515.34	3477.33
515.47	3510.33
515.59	3480.00
515.72	3515.00
515.85	3507.67
515.98	3573.67
516.11	3525.67
516.23	3564.33
516.36	3586.67
516.49	3568.67
516.62	3531.33
516.75	3606.00
516.87	3619.00
517.00	3510.00
517.13	3580.00
517.26	3627.67
517.39	3578.67
517.51	3511.33
517.64	3595.67
517.77	3648.67
517.90	3553.67
518.02	3580.67
518.15	3551.67
518.28	3527.00
518.41	3582.67
518.54	3594.00
518.66	3603.33
518.79	3581.67
518.92	3601.33
519.05	3608.00
519.18	3624.00
519.30	3682.33
519.43	3602.33
519.56	3613.33
519.69	3647.67
519.81	3699.33
519.94	3645.33
520.07	3600.67
520.20	3639.00
520.33	3666.67
520.45	3709.00
520.58	3699.67
520.71	3707.67
520.84	3721.33
520.96	3697.33
521.09	3695.00
521.22	3691.00
521.35	3746.67
521.48	3764.33
521.60	3694.33
521.73	3711.67
521.86	3762.33
521.99	3800.67
522.11	3749.00
522.24	3721.33
522.37	3744.33
522.50	3748.00
522.62	3806.33
522.75	3684.00
522.88	3757.00
523.01	3745.67
523.14	3756.67
523.26	3767.33
523.39	3829.33
523.52	3749.00
523.65	3884.33
523.77	3771.33
523.90	3799.67
524.03	3774.67
524.16	3770.33
524.28	3774.67
524.41	3785.00
524.54	3792.00
524.67	3762.00
524.79	3803.00
524.92	3836.00
525.05	3890.00
525.18	3810.67
525.31	3862.67
525.43	3794.33
525.56	3927.67
525.69	3833.67
525.82	3775.67
525.94	3892.33
526.07	3881.33
526.20	3881.33
526.33	3895.00
526.45	3983.33
526.58	3937.33
526.71	3901.33
526.84	3858.00
526.96	3885.33
527.09	3845.00
527.22	3866.00
527.35	3879.67
527.47	3860.33
527.60	3915.00
527.73	3867.67
527.86	3948.00
527.98	3933.00
528.11	3890.33
528.24	3867.00
528.37	3903.33
528.49	3852.67
528.62	3951.00
528.75	3980.67
528.88	3894.33
529.00	3928.00
529.13	3953.33
529.26	3965.67
529.39	3975.00
529.51	4079.00
529.64	4022.00
529.77	3926.67
529.90	3917.33
530.02	3946.33
530.15	3933.67
530.28	3911.33
530.40	3953.00
530.53	3962.33
530.66	4007.00
530.79	3998.00
530.91	3968.00
531.04	3937.00
531.17	3982.00
531.30	3991.00
531.42	3989.33
531.55	4001.67
531.68	4053.00
531.81	3982.67
531.93	3976.67
532.06	4042.00
532.19	3977.00
532.31	4046.67
532.44	4031.67
532.57	4062.00
532.70	4005.33
532.82	4068.67
532.95	4076.00
533.08	4103.00
533.21	4089.67
533.33	4020.67
533.46	4054.67
533.59	4041.67
533.71	4148.33
533.84	4064.00
533.97	4062.00
534.10	4048.00
534.22	4036.00
534.35	4088.67
534.48	4111.33
534.61	4152.00
534.73	4056.67
534.86	4067.67
534.99	4103.67
535.11	4161.00
535.24	4107.00
535.37	4087.67
535.50	4067.33
535.62	4107.00
535.75	4184.33
535.88	4135.67
536.00	4104.33
536.13	4140.00
536.26	4132.33
536.39	4134.00
536.51	4099.00
536.64	4154.33
536.77	4143.00
536.89	4164.00
537.02	4170.00
537.15	4191.33
537.28	4161.00
537.40	4190.67
537.53	4170.00
537.66	4206.67
537.78	4193.00
537.91	4172.33
538.04	4160.33
538.17	4232.67
538.29	4209.67
538.42	4276.67
538.55	4263.33
538.67	4244.67
538.80	4195.00
538.93	4251.00
539.05	4222.67
539.18	4295.00
539.31	4242.33
539.44	4265.33
539.56	4171.00
539.69	4226.33
539.82	4203.67
539.94	4206.00
540.07	4221.00
540.20	4316.67
540.32	4247.33
540.45	4285.33
540.58	4268.00
540.71	4315.00
540.83	4230.67
540.96	4276.67
541.09	4244.00
541.21	4368.00
541.34	4350.67
541.47	4245.67
541.59	4335.33
541.72	4372.00
541.85	4444.00
541.98	4363.67
542.10	4291.67
542.23	4334.67
542.36	4430.67
542.48	4343.67
542.61	4342.00
542.74	4293.67
542.86	4321.00
542.99	4346.33
543.12	4340.33
543.24	4351.33
543.37	4326.33
543.50	4342.33
543.62	4329.67
543.75	4379.67
543.88	4374.33
544.01	4391.67
544.13	4407.67
544.26	4401.33
544.39	4369.67
544.51	4376.00
544.64	4358.00
544.77	4377.67
544.89	4364.33
545.02	4400.33
545.15	4387.33
545.27	4486.33
545.40	4472.67
545.53	4438.67
545.65	4431.00
545.78	4329.33
545.91	4391.67
546.03	4403.67
546.16	4437.00
546.29	4446.67
546.41	4412.67
546.54	4455.00
546.67	4396.00
546.79	4491.00
546.92	4525.33
547.05	4407.00
547.17	4487.00
547.30	4436.67
547.43	4488.00
547.56	4460.00
547.68	4509.67
547.81	4452.33
547.94	4475.00
548.06	4470.67
548.19	4442.00
548.32	4560.00
548.44	4473.00
548.57	4493.00
548.70	4540.67
548.82	4552.00
548.95	4523.67
549.08	4540.00
549.20	4510.00
549.33	4571.00
549.45	4520.33
549.58	4491.67
549.71	4483.00
549.83	4568.33
549.96	4491.00
550.09	4536.00
550.21	4535.67
550.34	4564.00
550.47	4513.00
550.59	4557.00
550.72	4480.33
550.85	4567.33
550.97	4633.00
551.10	4524.33
551.23	4575.33
551.35	4671.00
551.48	4606.00
551.61	4597.00
551.73	4566.00
551.86	4677.33
551.99	4649.67
552.11	4631.33
552.24	4634.00
552.37	4610.00
552.49	4561.67
552.62	4615.00
552.75	4633.67
552.87	4603.00
553.00	4620.33
553.12	4641.33
553.25	4648.67
553.38	4679.67
553.50	4705.67
553.63	4682.33
553.76	4609.33
553.88	4667.00
554.01	4671.67
554.14	4665.33
554.26	4710.33
554.39	4744.67
554.52	4695.00
554.64	4714.33
554.77	4662.67
554.89	4734.33
555.02	4782.33
555.15	4715.33
555.27	4695.33
555.40	4681.00
555.53	4803.33
555.65	4735.33
555.78	4694.00
555.91	4761.67
556.03	4827.33
556.16	4741.67
556.29	4733.33
556.41	4805.67
556.54	4785.00
556.66	4738.00
556.79	4759.33
556.92	4797.67
557.04	4779.00
557.17	4754.33
557.30	4783.33
557.42	4793.00
557.55	4779.33
557.67	4825.33
557.80	4814.67
557.93	4810.33
558.05	4843.33
558.18	4778.00
558.31	4789.33
558.43	4856.67
558.56	4850.00
558.68	4822.00
558.81	4795.33
558.94	4865.00
559.06	4943.33
559.19	4865.67
559.32	4862.00
559.44	4832.33
559.57	4845.00
559.69	4839.00
559.82	4854.33
559.95	4858.67
560.07	4872.33
560.20	4831.00
560.33	4886.00
560.45	4926.00
560.58	4864.00
560.70	4913.33
560.83	4878.67
560.96	4903.33
561.08	4903.00
561.21	4924.00
561.33	4893.00
561.46	4860.67
561.59	5001.00
561.71	4944.67
561.84	4962.67
561.97	4913.33
562.09	4988.00
562.22	4941.33
562.34	4937.67
562.47	5009.00
562.60	4962.33
562.72	4971.00
562.85	5010.00
562.97	4992.00
563.10	4971.67
563.23	4974.33
563.35	4924.33
563.48	4995.00
563.60	4999.67
563.73	5007.67
563.86	4979.67
563.98	4988.00
564.11	5009.33
564.23	5039.00
564.36	5089.67
564.49	5043.67
564.61	5073.33
564.74	5054.33
564.86	5024.00
564.99	5094.00
565.12	5090.00
565.24	5136.67
565.37	5125.33
565.49	5109.00
565.62	5095.33
565.75	5115.33
565.87	5070.00
566.00	5220.00
566.12	5133.33
566.25	5071.33
566.38	5133.67
566.50	5101.00
566.63	5113.67
566.75	5095.67
566.88	5118.33
567.01	5092.00
567.13	5073.00
567.26	5097.00
567.38	5082.67
567.51	5151.67
567.64	5081.67
567.76	5172.00
567.89	5171.00
568.01	5123.00
568.14	5069.00
568.26	5134.33
568.39	5131.67
568.52	5137.00
568.64	5172.00
568.77	5146.67
568.89	5115.33
569.02	5155.33
569.15	5103.00
569.27	5131.33
569.40	5165.33
569.52	5201.00
569.65	5140.00
569.77	5159.00
569.90	5110.33
570.03	5085.67
570.15	5202.67
570.28	5165.67
570.40	5157.67
570.53	5173.33
570.66	5271.67
570.78	5257.67
570.91	5172.33
571.03	5156.67
571.16	5181.00
571.28	5146.33
571.41	5142.67
571.54	5153.00
571.66	5121.00
571.79	5153.00
571.91	5152.00
572.04	5149.00
572.16	5194.67
572.29	5205.33
572.42	5188.33
572.54	5201.00
572.67	5193.33
572.79	5232.67
572.92	5219.67
573.04	5213.00
573.17	5272.33
573.29	5168.00
573.42	5168.67
573.55	5237.00
573.67	5222.00
573.80	5202.00
573.92	5197.67
574.05	5188.67
574.17	5250.67
574.30	5222.00
574.43	5201.67
574.55	5190.00
574.68	5226.67
574.80	5199.67
574.93	5202.67
575.05	5190.67
575.18	5204.00
575.30	5227.67
575.43	5249.33
575.56	5293.00
575.68	5218.00
575.81	5233.33
575.93	5228.33
576.06	5253.33
576.18	5258.67
576.31	5257.00
576.43	5203.00
576.56	5329.67
576.69	5250.33
576.81	5267.67
576.94	5243.00
577.06	5266.67
577.19	5298.33
577.31	5262.33
577.44	5282.33
577.56	5314.00
577.69	5275.67
577.82	5294.33
577.94	5252.33
578.07	5212.33
578.19	5293.67
578.32	5302.67
578.44	5244.67
578.57	5269.33
578.69	5290.00
578.82	5310.67
578.94	5322.33
579.07	5328.67
579.19	5331.33
579.32	5308.67
579.45	5305.00
579.57	5259.67
579.70	5282.67
579.82	5287.00
579.95	5258.00
580.07	5349.33
580.20	5291.67
580.32	5316.00
580.45	5323.67
580.57	5319.00
580.70	5320.67
580.82	5336.00
580.95	5348.67
581.08	5254.00
581.20	5350.67
581.33	5296.00
581.45	5311.67
581.58	5312.33
581.70	5305.33
581.83	5229.67
581.95	5316.00
582.08	5335.00
582.20	5331.67
582.33	5304.00
582.45	5273.00
582.58	5263.67
582.70	5331.00
582.83	5332.33
582.95	5311.33
583.08	5367.67
583.21	5354.00
583.33	5369.33
583.46	5320.33
583.58	5283.33
583.71	5326.00
583.83	5340.00
583.96	5322.33
584.08	5374.67
584.21	5368.33
584.33	5344.00
584.46	5333.00
584.58	5263.33
584.71	5356.33
584.83	5371.67
584.96	5348.33
585.08	5323.00
585.21	5405.00
585.33	5402.33
585.46	5360.67
585.58	5390.67
585.71	5317.33
585.83	5348.67
585.96	5354.33
586.08	5389.00
586.21	5379.67
586.33	5398.33
586.46	5300.67
586.59	5431.33
586.71	5322.67
586.84	5404.67
586.96	5375.67
587.09	5292.67
587.21	5306.33
587.34	5393.67
587.46	5362.00
587.59	5296.00
587.71	5350.00
587.84	5344.00
587.96	5352.67
588.09	5314.67
588.21	5392.67
588.34	5367.33
588.46	5407.33
588.59	5384.67
588.71	5408.67
588.84	5368.67
588.96	5375.33
589.09	5451.67
589.21	5375.67
589.34	5345.33
589.46	5393.33
589.59	5404.00
589.71	5411.00
589.84	5345.67
589.96	5368.00
590.09	5381.00
590.21	5403.33
590.34	5360.33
590.46	5383.67
590.59	5359.00
590.71	5363.33
590.84	5413.33
590.96	5351.67
591.09	5435.67
591.21	5389.00
591.34	5380.00
591.46	5413.33
591.59	5466.33
591.71	5421.00
591.83	5407.67
591.96	5395.67
592.08	5399.00
592.21	5407.33
592.33	5424.67
592.46	5399.33
592.58	5402.67
592.71	5473.33
592.83	5501.67
592.96	5444.67
593.08	5460.00
593.21	5412.33
593.33	5354.67
593.46	5392.00
593.58	5415.00
593.71	5434.33
593.83	5455.67
593.96	5381.67
594.08	5532.67
594.21	5466.33
594.33	5388.00
594.46	5425.67
594.58	5363.00
594.71	5350.00
594.83	5414.00
594.96	5396.00
595.08	5570.67
595.20	5450.00
595.33	5473.33
595.45	5392.33
595.58	5516.33
595.70	5432.67
595.83	5427.67
595.95	5445.67
596.08	5435.33
596.20	5373.00
596.33	5395.67
596.45	5452.67
596.58	5389.00
596.70	5408.67
596.83	5436.00
596.95	5439.33
597.08	5471.67
597.20	5430.33
597.32	5470.67
597.45	5492.00
597.57	5458.67
597.70	5448.33
597.82	5452.67
597.95	5467.67
598.07	5463.33
598.20	5465.67
598.32	5447.67
598.45	5465.00
598.57	5518.67
598.70	5494.67
598.82	5483.33
598.94	5424.33
599.07	5492.33
599.19	5506.33
599.32	5451.00
599.44	5363.33
599.57	5500.67
599.69	5486.00
599.82	5500.00
599.94	5433.00
600.07	5540.33
600.19	5468.00
600.31	5486.67
600.44	5513.67
600.56	5546.33
600.69	5574.00
600.81	5473.67
600.94	5473.00
601.06	5498.33
601.19	5488.67
601.31	5523.00
601.44	5422.33
601.56	5538.00
601.68	5494.00
601.81	5520.67
601.93	5474.67
602.06	5508.00
602.18	5468.67
602.31	5492.67
602.43	5515.67
602.56	5541.33
602.68	5490.67
602.80	5508.00
602.93	5524.00
603.05	5495.67
603.18	5541.00
603.30	5472.67
603.43	5468.00
603.55	5491.67
603.68	5522.67
603.80	5537.00
603.92	5529.67
604.05	5505.33
604.17	5502.67
604.30	5478.00
604.42	5504.33
604.55	5538.33
604.67	5531.33
604.79	5496.00
604.92	5514.67
605.04	5506.00
605.17	5511.00
605.29	5531.00
605.42	5492.33
605.54	5563.67
605.66	5511.00
605.79	5539.00
605.91	5532.67
606.04	5534.00
606.16	5482.67
606.29	5525.00
606.41	5485.00
606.53	5499.67
606.66	5497.00
606.78	5523.33
606.91	5534.00
607.03	5504.67
607.16	5510.67
607.28	5497.33
607.40	5538.67
607.53	5532.33
607.65	5505.00
607.78	5523.00
607.90	5528.67
608.03	5629.33
608.15	5558.00
608.27	5554.33
608.40	5486.00
608.52	5555.67
608.65	5522.67
608.77	5559.67
608.89	5503.33
609.02	5617.67
609.14	5619.67
609.27	5558.00
609.39	5586.33
609.52	5502.67
609.64	5480.33
609.76	5530.33
609.89	5531.67
610.01	5590.67
610.14	5564.67
610.26	5542.67
610.38	5524.33
610.51	5579.67
610.63	5553.67
610.76	5541.33
610.88	5571.67
611.01	5586.67
611.13	5617.67
611.25	5618.67
611.38	5534.33
611.50	5543.00
611.63	5541.00
611.75	5574.00
611.87	5573.33
612.00	5535.00
612.12	5564.67
612.25	5543.67
612.37	5508.00
612.49	5576.33
612.62	5586.33
612.74	5601.33
612.87	5545.67
612.99	5534.33
613.11	5514.67
613.24	5506.33
613.36	5514.67
613.49	5556.00
613.61	5551.00
613.73	5522.67
613.86	5605.00
613.98	5489.00
614.11	5614.67
614.23	5602.67
614.35	5571.00
614.48	5634.00
614.60	5564.33
614.72	5546.00
614.85	5541.33
614.97	5554.67
615.10	5567.33
615.22	5563.67
615.34	5549.67
615.47	5592.67
615.59	5523.67
615.72	5537.33
615.84	5552.33
615.96	5557.33
616.09	5651.67
616.21	5540.67
616.34	5522.00
616.46	5551.00
616.58	5535.00
616.71	5570.67
616.83	5588.33
616.95	5575.67
617.08	5550.67
617.20	5531.33
617.33	5505.67
617.45	5543.67
617.57	5599.33
617.70	5554.67
617.82	5569.67
617.95	5569.00
618.07	5597.33
618.19	5533.67
618.32	5557.00
618.44	5519.67
618.56	5526.33
618.69	5532.33
618.81	5486.00
618.94	5615.67
619.06	5486.33
619.18	5569.67
619.31	5475.00
619.43	5521.33
619.55	5556.33
619.68	5564.67
619.80	5504.67
619.92	5583.33
620.05	5665.67
620.17	5635.33
620.30	5536.33
620.42	5549.67
620.54	5563.33
620.67	5556.33
620.79	5580.33
620.91	5543.33
621.04	5604.00
621.16	5518.67
621.29	5529.00
621.41	5478.00
621.53	5510.33
621.66	5534.33
621.78	5506.00
621.90	5572.00
622.03	5606.33
622.15	5513.00
622.27	5505.67
622.40	5523.00
622.52	5496.33
622.64	5525.67
622.77	5484.00
622.89	5548.33
623.02	5557.33
623.14	5541.00
623.26	5508.33
623.39	5544.67
623.51	5620.67
623.63	5532.00
623.76	5481.00
623.88	5583.00
624.00	5530.00
624.13	5497.67
624.25	5512.00
624.37	5465.00
624.50	5538.67
624.62	5549.00
624.75	5489.00
624.87	5506.67
624.99	5540.67
625.12	5494.67
625.24	5486.00
625.36	5609.33
625.49	5562.33
625.61	5529.33
625.73	5527.33
625.86	5566.67
625.98	5500.33
626.10	5498.33
626.23	5465.33
626.35	5569.00
626.47	5482.00
626.60	5477.00
626.72	5450.33
626.84	5495.00
626.97	5538.00
627.09	5479.00
627.21	5481.00
627.34	5566.67
627.46	5563.00
627.58	5500.67
627.71	5510.33
627.83	5567.00
627.95	5428.67
628.08	5501.67
628.20	5496.33
628.32	5461.00
628.45	5408.33
628.57	5433.33
628.69	5457.67
628.82	5505.00
628.94	5520.00
629.06	5477.33
629.19	5486.67
629.31	5506.33
629.43	5472.33
629.56	5508.00
629.68	5468.00
629.80	5505.33
629.93	5457.33
630.05	5440.00
630.17	5418.33
630.30	5461.00
630.42	5432.67
630.54	5469.00
630.67	5462.33
630.79	5464.67
630.91	5564.33
631.04	5489.67
631.16	5517.67
631.28	5468.67
631.41	5427.67
631.53	5446.33
631.65	5459.33
631.78	5452.33
631.90	5486.33
632.02	5484.67
632.14	5366.67
632.27	5495.67
632.39	5438.00
632.51	5459.67
632.64	5508.33
632.76	5447.67
632.88	5433.33
633.01	5428.33
633.13	5441.00
633.25	5469.00
633.38	5571.00
633.50	5396.00
633.62	5411.00
633.75	5352.67
633.87	5350.67
633.99	5445.33
634.11	5381.33
634.24	5394.00
634.36	5432.67
634.48	5437.67
634.61	5377.33
634.73	5457.67
634.85	5369.33
634.98	5383.33
635.10	5413.00
635.22	5409.33
635.35	5518.67
635.47	5415.00
635.59	5428.67
635.71	5457.33
635.84	5436.00
635.96	5410.33
636.08	5425.00
636.21	5383.67
636.33	5419.00
636.45	5378.00
636.58	5364.67
636.70	5332.00
636.82	5398.33
636.94	5402.00
637.07	5333.33
637.19	5444.67
637.31	5421.00
637.44	5409.33
637.56	5317.00
637.68	5422.00
637.81	5407.00
637.93	5375.67
638.05	5339.00
638.17	5447.67
638.30	5470.00
638.42	5402.00
638.54	5370.33
638.67	5398.00
638.79	5379.67
638.91	5380.00
639.03	5328.67
639.16	5350.67
639.28	5359.33
639.40	5372.33
639.53	5359.33
639.65	5405.67
639.77	5357.33
639.89	5379.67
640.02	5365.00
640.14	5357.33
640.26	5318.67
640.39	5400.33
640.51	5338.67
640.63	5366.67
640.75	5428.33
640.88	5349.00
641.00	5327.00
641.12	5330.00
641.24	5403.67
641.37	5307.00
641.49	5308.67
641.61	5453.00
641.74	5336.00
641.86	5386.00
641.98	5319.33
642.10	5373.00
642.23	5348.67
642.35	5309.33
642.47	5364.67
642.60	5358.00
642.72	5353.67
642.84	5293.33
642.96	5261.00
643.09	5290.00
643.21	5278.00
643.33	5302.33
643.45	5292.67
643.58	5348.00
643.70	5389.00
643.82	5322.67
643.94	5299.67
644.07	5331.33
644.19	5304.00
644.31	5367.33
644.44	5334.00
644.56	5304.00
644.68	5286.33
644.80	5297.67
644.93	5291.33
645.05	5337.00
645.17	5376.33
645.29	5328.00
645.42	5335.33
645.54	5314.00
645.66	5365.00
645.78	5322.67
645.91	5279.33
646.03	5310.67
646.15	5377.00
646.27	5277.67
646.40	5330.00
646.52	5347.33
646.64	5381.67
646.76	5298.33
646.89	5259.00
647.01	5358.00
647.13	5345.00
647.25	5362.00
647.38	5283.33
647.50	5305.67
647.62	5381.00
647.74	5284.67
647.87	5229.67
647.99	5305.67
648.11	5331.00
648.23	5317.67
648.36	5242.00
648.48	5358.33
648.60	5320.00
648.72	5263.33
648.85	5251.00
648.97	5333.33
649.09	5313.33
649.21	5296.67
649.34	5295.67
649.46	5324.00
649.58	5325.67
649.70	5322.33
649.83	5264.67
649.95	5345.33
650.07	5326.33
650.19	5328.33
650.32	5309.33
650.44	5334.67
650.56	5294.00
650.68	5294.33
650.81	5259.00
650.93	5278.67
651.05	5311.00
651.17	5261.33
651.29	5319.33
651.42	5277.00
651.54	5323.67
651.66	5252.00
651.78	5254.67
651.91	5322.00
652.03	5390.33
652.15	5313.00
652.27	5251.00
652.40	5283.00
652.52	5253.00
652.64	5295.00
652.76	5283.67
652.88	5366.33
653.01	5278.33
653.13	5259.67
653.25	5215.67
653.37	5291.33
653.50	5322.00
653.62	5305.00
653.74	5219.67
653.86	5304.67
653.98	5282.33
654.11	5236.00
654.23	5275.67
654.35	5242.67
654.47	5367.67
654.60	5239.33
654.72	5238.67
654.84	5223.00
654.96	5307.67
655.08	5273.00
655.21	5283.00
655.33	5250.00
655.45	5323.33
655.57	5250.00
655.70	5276.00
655.82	5276.33
655.94	5316.67
656.06	5293.67
656.18	5211.00
656.31	5294.67
656.43	5295.00
656.55	5257.00
656.67	5261.67
656.79	5241.00
656.92	5276.00
657.04	5292.33
657.16	5204.00
657.28	5334.00
657.40	5230.67
657.53	5292.33
657.65	5222.00
657.77	5298.00
657.89	5294.67
658.01	5231.33
658.14	5221.33
658.26	5276.00
658.38	5230.00
658.50	5193.67
658.62	5202.33
658.75	5347.33
658.87	5258.33
658.99	5252.67
659.11	5217.67
659.23	5271.67
659.36	5357.33
659.48	5274.33
659.60	5268.33
659.72	5275.67
659.84	5236.00
659.97	5276.00
660.09	5253.00
660.21	5363.67
660.33	5265.00
660.45	5177.67
660.58	5160.33
660.70	5204.00
660.82	5244.67
660.94	5142.33
661.06	5241.00
661.19	5289.67
661.31	5267.00
661.43	5229.00
661.55	5235.33
661.67	5286.67
661.80	5288.67
661.92	5214.33
662.04	5245.67
662.16	5223.33
662.28	5292.33
662.40	5252.00
662.53	5206.33
662.65	5290.33
662.77	5206.00
662.89	5228.00
663.01	5215.00
663.14	5201.33
663.26	5252.00
663.38	5219.67
663.50	5167.33
663.62	5216.00
663.74	5251.67
663.87	5218.33
663.99	5255.00
664.11	5253.00
664.23	5341.00
664.35	5188.00
664.48	5198.67
664.60	5201.33
664.72	5186.67
664.84	5207.67
664.96	5196.00
665.08	5279.00
665.21	5215.33
665.33	5256.33
665.45	5140.00
665.57	5211.67
665.69	5275.33
665.81	5232.00
665.94	5187.00
666.06	5154.33
666.18	5222.00
666.30	5236.33
666.42	5182.33
666.54	5251.67
666.67	5239.00
666.79	5198.33
666.91	5250.00
667.03	5190.00
667.15	5140.33
667.27	5182.00
667.40	5148.00
667.52	5180.00
667.64	5230.00
667.76	5197.33
667.88	5160.00
668.00	5245.00
668.13	5207.67
668.25	5177.00
668.37	5154.33
668.49	5185.00
668.61	5224.00
668.73	5178.67
668.85	5181.33
668.98	5203.67
669.10	5177.67
669.22	5158.33
669.34	5143.67
669.46	5234.67
669.58	5140.67
669.71	5172.33
669.83	5162.33
669.95	5131.00
670.07	5168.00
670.19	5149.67
670.31	5170.67
670.43	5157.33
670.56	5189.00
670.68	5250.67
670.80	5188.00
670.92	5169.00
671.04	5205.67
671.16	5145.67
671.28	5142.33
671.41	5162.00
671.53	5201.00
671.65	5168.00
671.77	5150.33
671.89	5305.67
672.01	5264.00
672.13	5215.00
672.26	5125.33
672.38	5172.00
672.50	5137.33
672.62	5166.67
672.74	5194.67
672.86	5168.00
672.98	5162.00
673.11	5160.33
673.23	5171.67
673.35	5202.00
673.47	5139.00
673.59	5114.67
673.71	5108.33
673.83	5196.33
673.96	5291.33
674.08	5136.33
674.20	5124.67
674.32	5156.33
674.44	5121.33
674.56	5184.00
674.68	5122.67
674.80	5199.00
674.93	5129.67
675.05	5117.33
675.17	5122.67
675.29	5179.00
675.41	5199.00
675.53	5140.00
675.65	5115.33
675.77	5116.67
675.90	5173.33
676.02	5144.33
676.14	5118.33
676.26	5176.00
676.38	5236.00
676.50	5132.00
676.62	5149.00
676.74	5091.33
676.87	5093.00
676.99	5152.33
677.11	5159.00
677.23	5098.33
677.35	5112.33
677.47	5124.67
677.59	5101.00
677.71	5174.67
677.83	5151.67
677.96	5100.00
678.08	5117.00
678.20	5091.00
678.32	5085.33
678.44	5119.33
678.56	5070.00
678.68	5240.67
678.80	5120.33
678.93	5094.00
679.05	5124.33
679.17	5088.00
679.29	5116.67
679.41	5092.00
679.53	5055.67
679.65	5071.33
679.77	5074.00
679.89	5079.00
680.01	5106.33
680.14	5093.00
680.26	5023.33
680.38	5075.00
680.50	5114.67
680.62	5167.33
680.74	5077.67
680.86	5072.33
680.98	5077.00
681.10	5089.00
681.22	5177.67
681.35	5047.67
681.47	5056.00
681.59	5032.33
681.71	5144.67
681.83	5078.67
681.95	5034.33
682.07	5106.67
682.19	5057.67
682.31	5027.67
682.43	5056.33
682.56	5084.00
682.68	5025.33
682.80	5033.00
682.92	5059.33
683.04	5067.00
683.16	5034.00
683.28	5041.33
683.40	5057.33
683.52	5062.00
683.64	5083.67
683.76	5005.33
683.89	5019.67
684.01	5025.33
684.13	5104.33
684.25	5056.00
684.37	5026.67
684.49	5070.33
684.61	5048.33
684.73	5050.00
684.85	5023.33
684.97	5015.00
685.09	5080.67
685.21	4985.33
685.34	5033.00
685.46	5158.67
685.58	5049.33
685.70	5041.33
685.82	5046.67
685.94	4970.67
686.06	4975.33
686.18	4986.67
686.30	4991.67
686.42	5010.00
686.54	5022.67
686.66	4965.67
686.79	5100.33
686.91	5009.00
687.03	5089.33
687.15	5054.33
687.27	5013.67
687.39	4990.00
687.51	5068.67
687.63	5017.00
687.75	5066.33
687.87	5055.67
687.99	5062.67
688.11	4976.67
688.23	5009.33
688.35	5034.33
688.48	5030.33
688.60	4982.67
688.72	4979.67
688.84	5017.00
688.96	4999.67
689.08	4998.67
689.20	4964.67
689.32	5103.00
689.44	5003.00
689.56	4920.00
689.68	4910.00
689.80	4958.33
689.92	4931.67
690.04	4949.67
690.16	5004.33
690.28	4982.33
690.41	4991.00
690.53	4905.00
690.65	4961.67
690.77	5020.67
690.89	5014.33
691.01	4945.33
691.13	4958.33
691.25	4923.67
691.37	4960.00
691.49	4946.33
691.61	4910.33
691.73	5015.00
691.85	4940.67
691.97	4928.33
692.09	4926.33
692.21	4988.67
692.33	4981.00
692.45	4976.67
692.57	4913.00
692.70	4933.67
692.82	4951.33
692.94	4909.33
693.06	4941.00
693.18	4918.00
693.30	4907.67
693.42	4938.00
693.54	4946.33
693.66	4932.67
693.78	4961.00
693.90	4891.00
694.02	4929.67
694.14	4944.00
694.26	4960.00
694.38	4949.33
694.50	4944.00
694.62	4920.33
694.74	4869.67
694.86	4911.67
694.98	4921.67
695.10	4904.67
695.22	4950.67
695.34	4896.67
695.46	4922.00
695.58	4912.00
695.71	4938.33
695.83	4922.00
695.95	4930.33
696.07	4973.67
696.19	4865.33
696.31	4881.67
696.43	4862.67
696.55	4994.67
696.67	4930.33
696.79	4909.67
696.91	4910.33
697.03	4900.67
697.15	5009.33
697.27	4904.00
697.39	4885.33
697.51	4949.00
697.63	4895.33
697.75	4866.33
697.87	4891.00
697.99	4867.67
698.11	4824.33
698.23	4838.00
698.35	4877.00
698.47	4862.67
698.59	4909.00
698.71	4880.33
698.83	4922.00
698.95	4871.00
699.07	4865.00
699.19	4883.67
699.31	4891.33
699.43	4858.67
699.55	4912.67
699.67	4842.67
699.79	4874.33
699.91	4831.67
700.03	4860.00
700.15	4897.67
700.27	4853.67
700.39	4882.67
700.51	4845.67
700.63	4873.67
700.75	4842.67
700.87	4895.33
700.99	4851.67
701.11	4891.33
701.24	4866.00
701.36	4929.67
701.48	4919.67
701.60	4921.67
701.72	4826.00
701.84	4931.67
701.96	4889.67
702.08	4862.00
702.20	4974.67
702.32	4891.00
702.44	4920.00
702.56	4854.33
702.68	4862.67
702.80	4900.67
702.92	4968.67
703.04	4931.67
703.16	4889.67
703.28	4899.00
703.40	4862.67
703.52	4916.00
703.64	4900.00
703.76	4866.67
703.88	4847.67
704.00	4865.00
704.12	4851.67
704.24	4904.67
704.36	4854.67
704.48	4882.00
704.60	4822.00
704.72	4871.00
704.84	4833.33
704.96	4885.33
705.07	4863.00
705.19	4795.67
705.31	4852.33
705.43	4866.67
705.55	4838.67
705.67	4886.33
705.79	4883.67
705.91	4813.33
706.03	4818.67
706.15	4859.00
706.27	4840.67
706.39	4850.33
706.51	4824.67
706.63	4827.33
706.75	4877.33
706.87	4872.67
706.99	4918.00
707.11	4837.67
707.23	4802.00
707.35	4838.67
707.47	4830.67
707.59	4854.00
707.71	4875.33
707.83	4851.33
707.95	4894.67
708.07	4860.67
708.19	4945.33
708.31	4883.33
708.43	4782.67
708.55	4831.00
708.67	4898.67
708.79	4864.00
708.91	4874.67
709.03	4875.33
709.15	4887.33
709.27	4812.00
709.39	4834.67
709.51	4814.67
709.63	4846.00
709.75	4848.33
709.87	4786.00
709.99	4867.33
710.11	4810.33
710.23	4826.67
710.35	4806.33
710.47	4944.67
710.58	4869.00
710.70	4879.00
710.82	4901.33
710.94	4853.33
711.06	4846.00
711.18	4868.67
711.30	4834.33
711.42	4866.33
711.54	4848.00
711.66	4861.00
711.78	4793.00
711.90	4866.00
712.02	4868.33
712.14	4777.33
712.26	4805.33
712.38	4875.67
712.50	4860.67
712.62	4818.33
712.74	4775.67
712.86	4804.67
712.98	4854.33
713.10	4772.33
713.22	4768.67
713.34	4827.33
713.45	4788.67
713.57	4829.67
713.69	4769.00
713.81	4795.67
713.93	4823.33
714.05	4811.67
714.17	4753.33
714.29	4861.67
714.41	4875.00
714.53	4824.00
714.65	4849.67
714.77	4808.67
714.89	4769.67
715.01	4838.33
715.13	4786.33
715.25	4801.67
715.37	4757.33
715.49	4755.00
715.61	4829.00
715.72	4835.33
715.84	4830.00
715.96	4757.67
716.08	4771.67
716.20	4851.33
716.32	4808.33
716.44	4787.00
716.56	4763.33
716.68	4786.67
716.80	4877.00
716.92	4847.00
717.04	4789.00
717.16	4797.00
717.28	4751.67
717.40	4762.67
717.52	4799.33
717.63	4772.67
717.75	4793.33
717.87	4813.00
717.99	4767.33
718.11	4753.00
718.23	4789.33
718.35	4793.67
718.47	4766.00
718.59	4739.00
718.71	4747.33
718.83	4741.67
718.95	4785.00
719.07	4727.33
719.19	4738.67
719.30	4746.00
719.42	4771.33
719.54	4738.33
719.66	4752.67
719.78	4770.33
719.90	4712.00
720.02	4757.00
720.14	4734.33
720.26	4788.67
720.38	4736.33
720.50	4725.00
720.62	4690.33
720.74	4774.33
720.85	4732.00
720.97	4800.67
721.09	4812.00
721.21	4719.67
721.33	4796.00
721.45	4733.67
721.57	4738.33
721.69	4692.00
721.81	4658.67
721.93	4792.00
722.05	4748.67
722.16	4704.00
722.28	4700.33
722.40	4696.33
722.52	4766.33
722.64	4799.67
722.76	4690.00
722.88	4749.00
723.00	4763.67
723.12	4716.67
723.24	4717.33
723.36	4664.67
723.47	4756.33
723.59	4729.67
723.71	4675.67
723.83	4732.00
723.95	4691.33
724.07	4737.67
724.19	4759.00
724.31	4790.67
724.43	4664.33
724.55	4644.33
724.66	4678.00
724.78	4842.67
724.90	4671.00
725.02	4693.67
725.14	4644.00
725.26	4740.00
725.38	4648.33
725.50	4715.67
725.62	4747.33
725.74	4714.00
725.85	4706.33
725.97	4704.33
726.09	4782.67
726.21	5022.67
726.33	4738.67
726.45	4714.00
726.57	4682.33
726.69	4719.00
726.81	4721.33
726.92	4715.67
727.04	4739.33
727.16	4741.33
727.28	4678.00
727.40	4681.33
727.52	4702.67
727.64	4829.33
727.76	4802.00
727.88	4737.33
727.99	4687.67
728.11	4660.00
728.23	4683.33
728.35	4693.67
728.47	4708.33
728.59	4713.33
728.71	4722.67
728.83	4696.00
728.94	4712.67
729.06	4764.67
729.18	4754.33
729.30	4718.67
729.42	4685.33
729.54	4794.33
729.66	4765.67
729.78	4669.67
729.90	4691.33
730.01	4700.00
730.13	4603.00
730.25	4676.67
730.37	4641.33
730.49	4729.00
730.61	4685.33
730.73	4705.33
730.84	4742.67
730.96	4689.67
731.08	4728.33
731.20	4701.33
731.32	4674.00
731.44	4830.67
731.56	4676.33
731.68	4649.00
731.79	4711.00
731.91	4669.33
732.03	4648.00
732.15	4697.33
732.27	4650.33
732.39	4635.00
732.51	4679.00
732.62	4628.33
732.74	4666.00
732.86	4701.33
732.98	4658.67
733.10	4647.33
733.22	4680.33
733.34	4674.33
733.45	4618.33
733.57	4674.33
733.69	4596.33
733.81	4645.33
733.93	4657.33
734.05	4585.33
734.17	4624.67
734.28	4651.00
734.40	4652.00
734.52	4648.33
734.64	4652.67
734.76	4717.00
734.88	4625.67
735.00	4609.33
735.11	4643.00
735.23	4707.33
735.35	4648.67
735.47	4591.00
735.59	4662.33
735.71	4648.00
735.83	4666.00
735.94	4667.00
736.06	4648.67
736.18	4681.00
736.30	4682.00
736.42	4679.67
736.54	4612.00
736.65	4670.00
736.77	4789.33
736.89	4692.00
737.01	4630.67
737.13	4697.67
737.25	4546.33
737.36	4586.33
737.48	4583.67
737.60	4610.67
737.72	4640.67
737.84	4609.00
737.96	4678.00
738.08	4597.00
738.19	4678.33
738.31	4601.67
738.43	4602.00
738.55	4605.00
738.67	4624.33
738.79	4588.00
738.90	4600.67
739.02	4618.67
739.14	4560.00
739.26	4576.67
739.38	4594.33
739.50	4586.00
739.61	4580.67
739.73	4608.67
739.85	4610.67
739.97	4596.33
740.09	4617.33
740.20	4503.00
740.32	4579.67
740.44	4575.33
740.56	4552.33
740.68	4576.67
740.80	4555.33
740.91	4574.67
741.03	4596.67
741.15	4593.00
741.27	4541.33
741.39	4612.33
741.51	4579.67
741.62	4602.33
741.74	4553.00
741.86	4534.33
741.98	4531.33
742.10	4574.00
742.21	4532.00
742.33	4564.00
742.45	4527.33
742.57	4612.00
742.69	4528.33
742.80	4567.67
742.92	4538.33
743.04	4544.00
743.16	4524.67
743.28	4573.00
743.40	4475.67
743.51	4499.67
743.63	4497.33
743.75	4539.67
743.87	4524.67
743.99	4551.33
744.10	4505.33
744.22	4498.67
744.34	4497.33
744.46	4536.33
744.58	4514.67
744.69	4418.00
744.81	4534.33
744.93	4453.67
745.05	4442.00
745.17	4521.33
745.28	4528.67
745.40	4503.67
745.52	4455.33
745.64	4470.33
745.76	4512.67
745.87	4467.33
745.99	4444.33
746.11	4451.00
746.23	4430.67
746.35	4472.33
746.46	4423.67
746.58	4571.00
746.70	4490.33
746.82	4445.00
746.94	4469.00
747.05	4403.67
747.17	4373.00
747.29	4381.00
747.41	4420.00
747.53	4586.67
747.64	4400.67
747.76	4446.33
747.88	4456.33
748.00	4455.67
748.12	4439.00
748.23	4408.67
748.35	4457.33
748.47	4459.67
748.59	4432.33
748.70	4392.00
748.82	4373.33
748.94	4376.33
749.06	4382.33
749.18	4407.33
749.29	4355.00
749.41	4398.67
749.53	4384.00
749.65	4397.00
749.76	4427.00
749.88	4363.33
750.00	4393.33
750.12	4420.00
750.24	4375.67
750.35	4380.67
750.47	4307.67
750.59	4391.67
750.71	4365.00
750.82	4391.33
750.94	4311.00
751.06	4362.67
751.18	4346.67
751.30	4361.00
751.41	4349.00
751.53	4375.00
751.65	4303.67
751.77	4297.00
751.88	4363.33
752.00	4356.67
752.12	4281.00
752.24	4367.67
752.35	4326.33
752.47	4359.33
752.59	4367.67
752.71	4384.00
752.83	4275.67
752.94	4334.00
753.06	4284.00
753.18	4316.67
753.30	4258.67
753.41	4220.33
753.53	4260.00
753.65	4242.00
753.77	4315.67
753.88	4251.67
754.00	4280.33
754.12	4286.00
754.24	4305.33
754.35	4257.67
754.47	4183.67
754.59	4302.33
754.71	4240.67
754.82	4252.33
754.94	4242.67
755.06	4268.33
755.18	4237.67
755.29	4275.67
755.41	4202.00
755.53	4248.33
755.65	4211.00
755.76	4225.67
755.88	4220.33
756.00	4284.67
756.12	4178.00
756.23	4080.33
756.35	4153.33
756.47	4232.33
756.59	4184.67
756.70	4148.33
756.82	4177.67
756.94	4181.00
757.06	4211.00
757.17	4209.33
757.29	4153.33
757.41	4110.67
757.53	4167.33
757.64	4150.33
757.76	4167.67
757.88	4176.67
758.00	4193.00
758.11	4129.33
758.23	4103.33
758.35	4164.00
758.47	4099.67
758.58	4162.67
758.70	4081.67
758.82	4125.33
758.94	4092.67
759.05	4153.33
759.17	4090.67
759.29	4073.00
759.40	4136.00
759.52	4066.00
759.64	4070.00
759.76	4103.67
759.87	4131.00
759.99	4122.00
760.11	4074.67
760.23	4106.00
760.34	4113.67
760.46	4080.67
760.58	4082.00
760.70	4066.33
760.81	4085.67
760.93	4087.67
761.05	4079.33
761.16	4051.67
761.28	4028.33
761.40	4021.00
761.52	3987.67
761.63	4081.67
761.75	4033.33
761.87	4019.00
761.98	3983.33
762.10	4023.00
762.22	4022.00
762.34	4039.00
762.45	3996.00
762.57	4046.67
762.69	4122.33
762.81	3990.33
762.92	4010.67
763.04	3943.67
763.16	4015.00
763.27	4068.33
763.39	3972.67
763.51	4011.67
763.63	4000.33
763.74	3953.67
763.86	3914.33
763.98	3941.00
764.09	3929.00
764.21	3993.67
764.33	3898.33
764.44	3919.00
764.56	3930.33
764.68	3936.67
764.80	3964.67
764.91	3852.67
765.03	3981.67
765.15	3928.33
765.26	3916.33
765.38	3848.00
765.50	3931.33
765.62	3907.33
765.73	3889.33
765.85	3914.67
765.97	3816.00
766.08	3896.33
766.20	3901.00
766.32	3876.33
766.43	3906.67
766.55	3914.33
766.67	3863.00
766.79	3844.67
766.90	3827.67
767.02	3827.00
767.14	3842.67
767.25	3814.00
767.37	3965.33
767.49	3890.00
767.60	3874.67
767.72	3890.67
767.84	3831.67
767.95	3811.00
768.07	3830.33
768.19	3844.67
768.31	3835.00
768.42	3813.67
768.54	3811.33
768.66	3813.00
768.77	3839.33
768.89	3819.00
769.01	3805.33
769.12	3817.67
769.24	3816.33
769.36	3760.33
769.47	3740.33
769.59	3736.00
769.71	3810.33
769.82	3757.67
769.94	3741.00
770.06	3724.67
770.17	3819.00
770.29	3758.33
770.41	3775.00
770.53	3773.67
770.64	3701.33
770.76	3753.33
770.88	3770.00
770.99	3768.00
771.11	3698.33
771.23	3725.67
771.34	3723.00
771.46	3786.67
771.58	3775.33
771.69	3774.00
771.81	3731.00
771.93	3725.33
772.04	3671.67
772.16	3743.00
772.28	3731.67
772.39	3739.33
772.51	3679.00
772.63	3722.67
772.74	3659.33
772.86	3684.00
772.98	3768.67
773.09	3652.67
773.21	3641.67
773.33	3679.67
773.44	3683.00
773.56	3642.00
773.68	3640.67
773.79	3682.33
773.91	3632.00
774.03	3636.00
774.14	3613.33
774.26	3661.67
774.38	3590.67
774.49	3584.67
774.61	3605.67
774.73	3588.67
774.84	3575.00
774.96	3564.00
775.08	3575.67
775.19	3597.33
775.31	3622.67
775.43	3572.67
775.54	3556.33
775.66	3496.67
775.77	3616.33
775.89	3535.00
776.01	3586.67
776.12	3605.67
776.24	3567.00
776.36	3489.33
776.47	3525.00
776.59	3552.67
776.71	3583.67
776.82	3480.67
776.94	3509.67
777.06	3519.33
777.17	3566.33
777.29	3479.00
777.41	3482.33
777.52	3547.67
777.64	3504.67
777.75	3546.67
777.87	3413.00
777.99	3448.67
778.10	3521.33
778.22	3475.33
778.34	3475.67
778.45	3480.33
778.57	3497.67
778.69	3490.00
778.80	3463.00
778.92	3547.00
779.04	3448.33
779.15	3448.67
779.27	3485.00
779.38	3492.00
779.50	3491.67
779.62	3381.33
779.73	3417.00
779.85	3354.33
779.97	3491.33
780.08	3405.00
780.20	3390.33
780.31	3434.33
780.43	3416.67
780.55	3371.67
780.66	3408.00
780.78	3428.33
780.90	3480.67
781.01	3344.00
781.13	3363.00
781.25	3352.67
781.36	3424.67
781.48	3326.67
781.59	3344.00
781.71	3370.33
781.83	3355.00
781.94	3352.33
782.06	3319.00
782.18	3392.00
782.29	3350.00
782.41	3292.67
782.52	3375.67
782.64	3383.67
782.76	3313.67
782.87	3342.33
782.99	3301.33
783.10	3430.00
783.22	3437.33
783.34	3317.33
783.45	3298.00
783.57	3276.67
783.69	3252.33
783.80	3292.33
783.92	3324.33
784.03	3285.33
784.15	3263.33
784.27	3267.67
784.38	3241.33
784.50	3243.67
784.61	3261.33
784.73	3224.33
784.85	3232.33
784.96	3204.67
785.08	3292.67
785.19	3248.67
785.31	3238.33
785.43	3211.00
785.54	3184.67
785.66	3248.33
785.77	3219.33
785.89	3223.67
786.01	3172.33
786.12	3193.33
786.24	3210.33
786.35	3260.00
786.47	3194.33
786.59	3174.67
786.70	3150.33
786.82	3174.00
786.93	3192.33
787.05	3161.67
787.17	3191.33
787.28	3179.33
787.40	3172.33
787.51	3195.33
787.63	3194.00
787.75	3120.00
787.86	3180.33
787.98	3169.67
788.09	3132.33
788.21	3156.00
788.33	3177.33
788.44	3161.33
788.56	3109.33
788.67	3163.33
788.79	3091.33
788.91	3108.33
789.02	3060.67
789.14	3088.00
789.25	3165.67
789.37	3148.33
789.48	3064.67
789.60	3110.33
789.72	3052.00
789.83	3111.00
789.95	3081.67
790.06	3034.67
790.18	3034.67
790.30	3077.00
790.41	3077.67
790.53	3053.67
790.64	2993.00
790.76	3003.67
790.87	3030.67
790.99	3052.33
791.11	3043.00
791.22	3000.00
791.34	3035.67
791.45	3083.33
791.57	3051.67
791.68	3006.67
791.80	2995.67
791.92	3047.33
792.03	3003.33
792.15	2979.67
792.26	2989.00
792.38	2953.00
792.49	3008.67
792.61	3007.67
792.73	2994.00
792.84	2960.00
792.96	3060.00
793.07	2983.33
793.19	3719.67
793.30	3077.00
793.42	2994.00
793.54	2917.00
793.65	2893.00
793.77	3090.33
793.88	2944.00
794.00	2917.67
794.11	2967.00
794.23	2935.00
794.34	2948.67
794.46	2871.33
794.58	2903.00
794.69	3028.00
794.81	2992.67
794.92	2871.67
795.04	2874.33
795.15	2994.67
795.27	2958.67
795.39	2907.67
795.50	2861.00
795.62	2864.67
795.73	2855.00
795.85	2875.00
795.96	2895.00
796.08	2946.33
796.19	2866.67
796.31	2874.67
796.42	2821.33
796.54	2840.00
796.66	2911.00
796.77	2821.67
796.89	2811.00
797.00	2905.33
797.12	2784.67
797.23	2859.00
797.35	2866.67
797.46	2876.33
797.58	2895.67
797.69	2860.00
797.81	2826.00
797.93	2827.00
798.04	2801.00
798.16	2792.33
798.27	2823.00
798.39	2774.33
798.50	2754.33
798.62	2777.67
798.73	2774.00
798.85	2873.00
798.96	2799.33
799.08	2819.00
799.19	2820.33
799.31	2790.00
799.43	2787.67
799.54	2763.67
799.66	2783.33
799.77	2815.33
799.89	2724.67
800.00	2694.00
800.12	2744.00
800.23	2780.33
800.35	2801.67
800.46	2680.33
800.58	2676.67
800.69	2724.67
800.81	2693.67
800.92	2681.33
801.04	2716.67
801.16	2658.33
801.27	2665.67
801.39	2669.67
801.50	2687.00
801.62	2700.00
801.73	2751.67
801.85	2739.33
801.96	2660.67
802.08	2737.33
802.19	2748.00
802.31	2676.33
802.42	2685.33
802.54	2772.33
802.65	2720.67
802.77	2620.00
802.88	2694.33
803.00	2616.00
803.11	2762.33
803.23	2667.67
803.34	2640.33
803.46	2673.67
803.57	2611.33
803.69	2704.33
803.80	2644.67
803.92	2685.00
804.03	2630.33
804.15	2651.00
804.26	2666.67
804.38	2664.33
804.50	2599.33
804.61	2625.33
804.73	2601.67
804.84	2622.67
804.96	2550.33
805.07	2601.67
805.19	2560.33
805.30	2613.00
805.42	2619.33
805.53	2597.00
805.65	2541.33
805.76	2519.00
805.88	2536.67
805.99	2570.67
806.11	2568.33
806.22	2510.00
806.34	2497.33
806.45	2517.00
806.57	2480.33
806.68	2537.00
806.80	2430.33
806.91	2471.00
807.03	2418.00
807.14	2401.00
807.26	2371.67
807.37	2398.33
807.49	2436.00
807.60	2398.33
807.72	2475.00
807.83	2474.67
807.95	2399.33
808.06	2385.00
808.17	2393.00
808.29	2389.00
808.40	2314.33
808.52	2343.00
808.63	2343.00
808.75	2338.67
808.86	2308.33
808.98	2314.67
809.09	2264.00
809.21	2301.00
809.32	2252.00
809.44	2295.67
809.55	2226.33
809.67	2256.67
809.78	2217.33
809.90	2244.67
810.01	2261.00
810.13	2176.33
810.24	2220.67
810.36	2136.33
810.47	2122.33
810.59	2165.00
810.70	2170.00
810.82	2167.00
810.93	2090.67
811.05	2104.33
811.16	2097.00
811.27	2081.00
811.39	2094.00
811.50	2134.00
811.62	2004.67
811.73	1979.67
811.85	2056.33
811.96	2052.33
812.08	2058.33
812.19	2006.33
812.31	2014.33
812.42	1998.00
812.54	1952.33
812.65	1998.00
812.77	1992.00
812.88	1978.67
813.00	1961.33
813.11	1933.33
813.22	1879.33
813.34	1898.00
813.45	1903.33
813.57	1957.00
813.68	1957.00
813.80	1870.33
813.91	1814.00
814.03	1827.33
814.14	1902.33
814.26	1797.33
814.37	1814.33
814.49	1802.00
814.60	1781.00
814.71	1778.67
814.83	1761.67
814.94	1706.67
815.06	1737.67
815.17	1744.33
815.29	1724.67
815.40	1699.67
815.52	1786.00
815.63	1693.67
815.75	1677.67
815.86	1696.00
815.97	1641.67
816.09	1660.67
816.20	1678.67
816.32	1671.00
816.43	1588.33
816.55	1633.67
816.66	1594.33
816.78	1673.33
816.89	1599.33
817.00	1596.67
817.12	1572.00
817.23	1570.33
817.35	1606.33
817.46	1566.00
817.58	1537.67
817.69	1651.67
817.81	1529.67
817.92	1547.67
818.03	1502.67
818.15	1511.33
818.26	1462.67
818.38	1433.67
818.49	1471.67
818.61	1481.67
818.72	1415.33
818.83	2258.33
818.95	1542.00
819.06	1410.00
819.18	1407.67
819.29	1405.67
819.41	1402.00
819.52	1405.33
819.64	1384.33
819.75	1346.67
819.86	1313.67
819.98	1346.00
820.09	1369.33
820.21	1335.33
820.32	1302.00
820.44	1348.33
820.55	1376.00
820.66	1277.33
820.78	1319.33
820.89	1296.67
821.01	1292.67
821.12	1287.00
821.23	1280.67
821.35	1249.67
821.46	1282.33
821.58	1244.00
821.69	1225.33
821.81	1195.00
821.92	1261.67
822.03	1198.00
822.15	1193.67
822.26	1149.33
822.38	1143.33
822.49	1194.00
822.61	1181.33
822.72	1160.00
822.83	1200.00
822.95	1142.33
823.06	1143.67
823.18	1176.67
823.29	1182.00
823.40	1133.67
823.52	1103.00
823.63	1041.00
823.75	1169.00
823.86	1091.00
823.97	1032.00
824.09	1091.33
824.20	1026.00
824.32	1063.33
824.43	1048.00
824.55	1077.33
824.66	1128.33
824.77	1016.00
824.89	1032.33
825.00	1073.33
825.12	1020.67
825.23	1029.67
825.34	955.33
825.46	964.00
825.57	1014.33
825.69	961.33
825.80	907.33
825.91	925.67
826.03	898.33
826.14	964.33
826.26	897.67
826.37	936.00
826.48	920.67
826.60	929.00
826.71	877.00
826.83	905.33
826.94	918.00
827.05	949.33
827.17	933.67
827.28	883.00
827.39	865.00
827.51	831.67
827.62	870.33
827.74	866.67
827.85	862.67
827.96	843.00
828.08	857.33
828.19	944.33
828.31	840.67
828.42	793.00
828.53	857.00
828.65	885.67
828.76	890.67
828.87	851.67
828.99	807.00
