Wavelength (nm)	Intensity
377.35	816.40
377.48	602.10
377.62	623.20
377.75	622.90
377.88	848.30
378.02	829.90
378.15	827.00
378.28	795.90
378.41	879.60
378.55	847.30
378.68	819.80
378.81	804.70
378.95	834.90
379.08	819.70
379.21	785.10
379.35	850.50
379.48	857.60
379.61	914.50
379.74	827.00
379.88	803.20
380.01	892.80
380.14	955.90
380.28	871.40
380.41	790.70
380.54	850.30
380.68	860.80
380.81	767.40
380.94	865.00
381.07	909.20
381.21	911.20
381.34	825.20
381.47	767.80
381.61	984.80
381.74	838.90
381.87	789.30
382.00	845.90
382.14	925.70
382.27	880.10
382.40	811.20
382.54	899.10
382.67	901.70
382.80	807.20
382.93	806.00
383.07	824.90
383.20	833.60
383.33	872.40
383.47	803.80
383.60	784.50
383.73	990.10
383.86	868.60
384.00	826.30
384.13	815.70
384.26	871.00
384.40	884.20
384.53	827.90
384.66	877.90
384.79	853.60
384.93	816.20
385.06	819.20
385.19	838.70
385.33	962.30
385.46	871.00
385.59	810.70
385.72	847.30
385.86	776.40
385.99	823.90
386.12	821.70
386.25	798.20
386.39	885.20
386.52	895.90
386.65	832.30
386.79	812.00
386.92	821.10
387.05	924.60
387.18	786.70
387.32	797.70
387.45	871.00
387.58	851.20
387.71	817.50
387.85	809.00
387.98	853.00
388.11	870.50
388.25	838.80
388.38	828.90
388.51	865.70
388.64	884.50
388.78	812.00
388.91	783.80
389.04	836.90
389.17	947.00
389.31	840.80
389.44	858.80
389.57	895.40
389.70	864.70
389.84	815.60
389.97	804.30
390.10	817.50
390.24	869.50
390.37	827.20
390.50	811.50
390.63	909.70
390.77	843.00
390.90	837.40
391.03	829.20
391.16	796.50
391.30	818.50
391.43	813.10
391.56	809.80
391.69	800.40
391.83	887.30
391.96	836.70
392.09	813.30
392.22	931.60
392.36	862.80
392.49	800.40
392.62	821.10
392.75	858.70
392.89	896.00
393.02	798.70
393.15	799.10
393.28	787.40
393.42	939.70
393.55	787.20
393.68	817.90
393.81	767.20
393.95	819.00
394.08	812.90
394.21	809.50
394.34	877.60
394.48	866.80
394.61	869.60
394.74	841.70
394.87	887.80
395.01	859.90
395.14	859.40
395.27	802.40
395.40	934.50
395.54	938.00
395.67	835.00
395.80	816.50
395.93	869.80
396.07	815.00
396.20	807.40
396.33	761.40
396.46	817.50
396.59	834.10
396.73	821.50
396.86	795.30
396.99	886.20
397.12	854.00
397.26	849.70
397.39	830.20
397.52	1153.90
397.65	954.10
397.79	837.30
397.92	820.00
398.05	889.10
398.18	818.50
398.32	831.90
398.45	858.60
398.58	860.80
398.71	864.70
398.84	784.40
398.98	814.40
399.11	871.10
399.24	857.40
399.37	814.60
399.51	793.50
399.64	835.10
399.77	846.20
399.90	830.10
400.03	827.70
400.17	793.00
400.30	904.20
400.43	860.10
400.56	831.20
400.70	844.40
400.83	812.10
400.96	799.20
401.09	838.30
401.23	847.40
401.36	904.60
401.49	812.50
401.62	844.00
401.75	833.70
401.89	809.40
402.02	813.30
402.15	826.40
402.28	859.20
402.41	857.70
402.55	812.70
402.68	818.60
402.81	915.60
402.94	886.20
403.08	805.90
403.21	791.30
403.34	879.50
403.47	878.30
403.60	818.10
403.74	855.90
403.87	881.70
404.00	812.90
404.13	806.20
404.26	782.00
404.40	800.80
404.53	856.00
404.66	818.10
404.79	796.30
404.93	872.50
405.06	848.30
405.19	785.00
405.32	839.10
405.45	861.20
405.59	885.20
405.72	831.50
405.85	800.10
405.98	1007.60
406.11	806.80
406.25	801.60
406.38	815.40
406.51	867.90
406.64	838.60
406.77	788.90
406.91	783.80
407.04	861.10
407.17	827.60
407.30	847.00
407.43	829.00
407.57	922.20
407.70	895.70
407.83	802.10
407.96	831.80
408.09	800.30
408.23	929.40
408.36	830.80
408.49	815.30
408.62	958.20
408.75	854.60
408.89	810.70
409.02	848.10
409.15	845.00
409.28	929.20
409.41	857.30
409.55	812.00
409.68	964.40
409.81	853.50
409.94	812.00
410.07	832.70
410.20	847.10
410.34	827.10
410.47	833.50
410.60	837.10
410.73	876.30
410.86	813.50
411.00	831.20
411.13	802.10
411.26	846.20
411.39	844.90
411.52	854.60
411.66	817.50
411.79	824.00
411.92	801.80
412.05	818.80
412.18	811.70
412.31	865.80
412.45	873.40
412.58	872.50
412.71	791.80
412.84	857.20
412.97	922.90
413.11	835.60
413.24	855.40
413.37	886.60
413.50	951.80
413.63	852.60
413.76	823.40
413.90	873.30
414.03	826.60
414.16	817.60
414.29	849.30
414.42	839.20
414.56	954.90
414.69	817.70
414.82	829.10
414.95	842.00
415.08	862.60
415.21	826.70
415.35	844.30
415.48	762.20
415.61	887.90
415.74	886.80
415.87	787.10
416.00	851.20
416.14	964.30
416.27	845.20
416.40	807.70
416.53	838.00
416.66	870.30
416.79	841.90
416.93	796.20
417.06	895.40
417.19	848.10
417.32	820.30
417.45	810.70
417.58	793.30
417.72	888.70
417.85	810.30
417.98	830.30
418.11	876.50
418.24	814.90
418.37	815.80
418.51	827.70
418.64	838.80
418.77	923.30
418.90	845.40
419.03	796.60
419.16	860.60
419.29	885.00
419.43	809.90
419.56	791.40
419.69	953.50
419.82	901.70
419.95	834.20
420.08	872.90
420.22	912.20
420.35	970.00
420.48	876.30
420.61	823.80
420.74	786.60
420.87	875.60
421.00	797.10
421.14	821.70
421.27	879.90
421.40	922.20
421.53	855.50
421.66	826.80
421.79	835.10
421.93	841.20
422.06	834.10
422.19	804.80
422.32	887.80
422.45	890.60
422.58	845.90
422.71	817.80
422.85	892.00
422.98	888.80
423.11	792.90
423.24	771.70
423.37	799.80
423.50	814.90
423.63	828.70
423.77	800.80
423.90	809.60
424.03	866.70
424.16	862.90
424.29	828.70
424.42	779.70
424.55	814.40
424.69	802.10
424.82	830.90
424.95	854.40
425.08	812.20
425.21	846.40
425.34	812.50
425.47	837.20
425.60	856.40
425.74	783.30
425.87	825.50
426.00	838.80
426.13	856.80
426.26	799.60
426.39	802.30
426.52	828.60
426.66	912.10
426.79	859.90
426.92	805.00
427.05	931.20
427.18	898.30
427.31	826.80
427.44	824.80
427.57	810.20
427.71	846.20
427.84	792.70
427.97	825.20
428.10	902.50
428.23	853.20
428.36	820.40
428.49	743.30
428.62	977.20
428.76	939.10
428.89	843.70
429.02	789.00
429.15	836.90
429.28	945.60
429.41	815.10
429.54	825.50
429.67	817.70
429.81	872.70
429.94	830.80
430.07	818.80
430.20	886.90
430.33	911.50
430.46	806.50
430.59	799.50
430.72	838.90
430.85	790.90
430.99	826.10
431.12	796.80
431.25	898.70
431.38	918.60
431.51	836.10
431.64	830.00
431.77	921.80
431.90	918.20
432.03	833.90
432.17	805.10
432.30	848.60
432.43	861.40
432.56	829.40
432.69	854.00
432.82	853.40
432.95	899.20
433.08	835.00
433.21	833.50
433.35	831.20
433.48	840.40
433.61	800.70
433.74	822.30
433.87	818.20
434.00	878.50
434.13	809.00
434.26	860.30
434.39	866.40
434.53	873.10
434.66	828.30
434.79	828.00
434.92	818.20
435.05	916.40
435.18	810.30
435.31	854.20
435.44	908.80
435.57	852.40
435.70	829.50
435.84	801.50
435.97	912.90
436.10	942.20
436.23	811.10
436.36	805.30
436.49	827.70
436.62	861.10
436.75	826.80
436.88	856.30
437.01	818.80
437.14	802.20
437.28	781.60
437.41	812.50
437.54	906.60
437.67	873.70
437.80	812.90
437.93	791.90
438.06	970.10
438.19	896.00
438.32	792.40
438.45	807.40
438.58	869.50
438.72	925.90
438.85	871.30
438.98	823.80
439.11	859.70
439.24	921.40
439.37	895.00
439.50	862.50
439.63	897.70
439.76	825.30
439.89	806.20
440.02	823.90
440.15	869.60
440.29	910.00
440.42	837.60
440.55	828.20
440.68	925.20
440.81	974.00
440.94	844.80
441.07	838.80
441.20	943.00
441.33	861.60
441.46	827.20
441.59	809.00
441.72	843.90
441.85	855.60
441.99	872.70
442.12	867.40
442.25	939.70
442.38	875.60
442.51	856.80
442.64	791.40
442.77	847.00
442.90	829.50
443.03	791.70
443.16	816.30
443.29	846.50
443.42	919.70
443.55	818.90
443.68	841.70
443.82	791.80
443.95	823.30
444.08	823.80
444.21	823.20
444.34	813.80
444.47	843.00
444.60	829.60
444.73	847.90
444.86	847.90
444.99	917.80
445.12	859.10
445.25	844.20
445.38	855.10
445.51	883.60
445.64	843.80
445.78	809.50
445.91	783.90
446.04	960.20
446.17	879.80
446.30	786.10
446.43	866.70
446.56	841.10
446.69	804.20
446.82	806.80
446.95	892.00
447.08	892.20
447.21	842.50
447.34	814.20
447.47	894.70
447.60	887.60
447.73	836.10
447.86	864.00
447.99	844.00
448.13	859.10
448.26	875.60
448.39	832.50
448.52	876.40
448.65	890.00
448.78	831.80
448.91	826.70
449.04	877.00
449.17	829.60
449.30	858.00
449.43	842.80
449.56	842.80
449.69	910.80
449.82	835.90
449.95	791.80
450.08	901.60
450.21	878.60
450.34	836.80
450.47	835.40
450.60	878.60
450.73	855.70
450.87	824.00
451.00	847.90
451.13	882.70
451.26	1010.30
451.39	825.00
451.52	852.30
451.65	838.70
451.78	830.70
451.91	819.70
452.04	806.60
452.17	934.60
452.30	931.90
452.43	822.00
452.56	821.10
452.69	899.70
452.82	804.70
452.95	873.90
453.08	806.60
453.21	766.10
453.34	885.50
453.47	816.40
453.60	884.80
453.73	942.10
453.86	880.90
453.99	857.00
454.12	853.80
454.25	841.60
454.38	867.20
454.52	808.80
454.65	820.50
454.78	823.60
454.91	792.00
455.04	818.20
455.17	798.70
455.30	817.40
455.43	910.60
455.56	826.90
455.69	793.80
455.82	873.80
455.95	857.10
456.08	796.00
456.21	797.20
456.34	791.90
456.47	784.80
456.60	826.30
456.73	808.00
456.86	834.60
456.99	870.50
457.12	816.00
457.25	815.20
457.38	909.70
457.51	881.30
457.64	852.30
457.77	820.80
457.90	835.50
458.03	828.40
458.16	830.40
458.29	829.20
458.42	832.90
458.55	787.20
458.68	804.90
458.81	828.20
458.94	910.80
459.07	950.60
459.20	796.20
459.33	807.50
459.46	915.30
459.59	944.00
459.72	907.20
459.85	832.50
459.98	927.10
460.11	880.70
460.24	840.50
460.37	801.10
460.50	890.30
460.63	867.50
460.76	825.50
460.89	840.20
461.02	874.30
461.15	882.30
461.28	840.80
461.41	817.00
461.54	921.50
461.67	811.40
461.80	847.80
461.93	886.40
462.06	880.80
462.19	905.20
462.32	828.20
462.45	818.40
462.58	880.20
462.71	838.60
462.84	833.70
462.97	780.10
463.10	841.20
463.23	860.20
463.36	871.70
463.49	846.50
463.62	792.00
463.75	869.80
463.88	820.10
464.01	831.80
464.14	810.40
464.27	945.90
464.40	834.60
464.53	826.10
464.66	881.80
464.79	872.50
464.92	850.50
465.05	805.60
465.18	846.30
465.31	845.60
465.44	830.00
465.57	817.10
465.70	831.90
465.83	962.10
465.96	846.90
466.09	815.60
466.22	897.40
466.35	871.30
466.48	819.80
466.61	820.40
466.74	839.30
466.87	898.80
467.00	873.50
467.13	862.40
467.26	888.50
467.39	797.00
467.52	796.70
467.65	827.10
467.78	921.40
467.91	856.90
468.04	849.00
468.17	815.80
468.30	830.00
468.43	805.70
468.56	814.50
468.69	850.60
468.82	878.90
468.95	807.40
469.08	826.90
469.21	834.80
469.34	892.40
469.47	960.60
469.60	925.30
469.73	847.40
469.86	868.00
469.99	899.30
470.11	810.80
470.24	817.90
470.37	883.60
470.50	858.20
470.63	823.30
470.76	842.30
470.89	892.90
471.02	966.40
471.15	826.80
471.28	833.50
471.41	954.10
471.54	880.70
471.67	829.40
471.80	775.60
471.93	890.20
472.06	871.60
472.19	834.90
472.32	810.00
472.45	963.80
472.58	903.90
472.71	850.70
472.84	824.70
472.97	827.30
473.10	803.50
473.23	882.90
473.36	791.10
473.49	911.30
473.62	900.10
473.74	868.40
473.87	884.80
474.00	822.90
474.13	828.10
474.26	858.10
474.39	873.30
474.52	852.60
474.65	842.90
474.78	852.00
474.91	797.30
475.04	881.30
475.17	983.60
475.30	869.00
475.43	860.10
475.56	912.30
475.69	857.10
475.82	874.90
475.95	815.60
476.08	928.30
476.21	867.30
476.34	888.00
476.46	886.30
476.59	927.00
476.72	848.00
476.85	837.10
476.98	813.40
477.11	912.60
477.24	857.80
477.37	785.70
477.50	828.80
477.63	865.50
477.76	822.90
477.89	780.40
478.02	804.80
478.15	855.60
478.28	838.20
478.41	863.60
478.54	833.70
478.66	902.70
478.79	847.80
478.92	840.10
479.05	851.80
479.18	865.80
479.31	825.90
479.44	822.20
479.57	818.20
479.70	844.20
479.83	870.30
479.96	836.30
480.09	871.70
480.22	990.90
480.35	973.20
480.48	894.50
480.60	855.30
480.73	837.50
480.86	884.40
480.99	840.80
481.12	843.80
481.25	859.80
481.38	921.40
481.51	837.20
481.64	853.70
481.77	885.90
481.90	852.40
482.03	857.50
482.16	841.70
482.29	927.50
482.41	864.00
482.54	877.10
482.67	828.30
482.80	856.40
482.93	911.00
483.06	826.90
483.19	915.70
483.32	894.60
483.45	863.90
483.58	866.20
483.71	884.80
483.84	905.20
483.97	891.30
484.09	865.10
484.22	839.60
484.35	825.00
484.48	805.40
484.61	836.00
484.74	853.60
484.87	871.10
485.00	814.80
485.13	872.90
485.26	815.80
485.39	890.40
485.52	857.00
485.64	921.90
485.77	885.10
485.90	908.90
486.03	818.00
486.16	869.80
486.29	823.60
486.42	862.70
486.55	873.10
486.68	849.30
486.81	882.70
486.94	873.80
487.06	852.20
487.19	887.50
487.32	879.60
487.45	876.40
487.58	839.60
487.71	861.80
487.84	821.20
487.97	899.70
488.10	929.50
488.23	846.40
488.35	805.70
488.48	850.90
488.61	821.20
488.74	838.40
488.87	837.30
489.00	871.50
489.13	967.40
489.26	891.80
489.39	891.50
489.52	904.60
489.64	898.80
489.77	874.40
489.90	866.40
490.03	863.70
490.16	849.40
490.29	839.00
490.42	841.30
490.55	878.60
490.68	831.10
490.81	841.60
490.93	804.60
491.06	931.40
491.19	892.70
491.32	873.30
491.45	892.60
491.58	822.40
491.71	863.40
491.84	844.20
491.97	851.40
492.09	935.70
492.22	895.00
492.35	876.10
492.48	899.50
492.61	885.10
492.74	872.00
492.87	885.30
493.00	872.20
493.12	840.00
493.25	876.10
493.38	857.60
493.51	832.80
493.64	828.10
493.77	860.70
493.90	881.70
494.03	890.20
494.16	931.00
494.28	940.40
494.41	857.30
494.54	866.40
494.67	989.90
494.80	947.80
494.93	866.40
495.06	886.30
495.19	904.50
495.31	870.60
495.44	853.00
495.57	833.10
495.70	895.60
495.83	867.20
495.96	825.10
496.09	871.40
496.22	948.90
496.34	974.70
496.47	865.30
496.60	890.90
496.73	924.40
496.86	916.50
496.99	838.40
497.12	871.60
497.24	809.30
497.37	879.10
497.50	856.50
497.63	841.20
497.76	868.50
497.89	944.40
498.02	907.50
498.15	791.20
498.27	875.30
498.40	930.10
498.53	938.20
498.66	883.40
498.79	928.10
498.92	827.20
499.05	872.50
499.17	872.30
499.30	917.00
499.43	974.10
499.56	894.50
499.69	824.30
499.82	892.70
499.95	857.90
500.07	844.60
500.20	871.40
500.33	920.60
500.46	1026.40
500.59	877.60
500.72	891.00
500.85	938.60
500.97	923.00
501.10	918.70
501.23	842.50
501.36	891.20
501.49	951.70
501.62	896.50
501.75	877.20
501.87	935.30
502.00	823.70
502.13	891.80
502.26	884.50
502.39	847.20
502.52	863.10
502.64	820.00
502.77	851.10
502.90	917.90
503.03	873.60
503.16	847.50
503.29	842.10
503.42	938.80
503.54	893.60
503.67	876.80
503.80	882.60
503.93	936.60
504.06	846.90
504.19	871.30
504.31	929.50
504.44	900.90
504.57	908.50
504.70	888.20
504.83	834.20
504.96	902.80
505.08	884.60
505.21	886.30
505.34	984.50
505.47	942.70
505.60	920.40
505.73	932.40
505.85	922.10
505.98	1024.00
506.11	887.30
506.24	848.10
506.37	844.80
506.50	894.70
506.62	934.50
506.75	866.60
506.88	849.70
507.01	899.10
507.14	838.90
507.27	871.70
507.39	848.60
507.52	859.60
507.65	860.60
507.78	884.40
507.91	849.70
508.04	950.20
508.16	943.20
508.29	894.50
508.42	862.80
508.55	849.30
508.68	855.40
508.81	922.40
508.93	861.80
509.06	869.30
509.19	929.80
509.32	911.10
509.45	886.10
509.57	906.60
509.70	857.50
509.83	886.00
509.96	843.10
510.09	887.10
510.22	882.30
510.34	879.50
510.47	874.60
510.60	991.80
510.73	898.80
510.86	907.40
510.98	872.80
511.11	871.70
511.24	936.50
511.37	913.40
511.50	868.80
511.63	897.80
511.75	900.20
511.88	879.60
512.01	904.50
512.14	896.90
512.27	904.90
512.39	883.00
512.52	870.30
512.65	898.10
512.78	865.30
512.91	887.30
513.03	884.10
513.16	932.60
513.29	898.40
513.42	867.10
513.55	847.20
513.67	909.00
513.80	835.40
513.93	861.60
514.06	867.40
514.19	904.60
514.31	902.10
514.44	924.50
514.57	875.70
514.70	898.40
514.83	953.90
514.95	865.40
515.08	897.60
515.21	923.70
515.34	897.20
515.47	883.70
515.59	858.70
515.72	920.00
515.85	919.40
515.98	944.50
516.11	895.90
516.23	926.70
516.36	963.00
516.49	913.60
516.62	894.70
516.75	958.90
516.87	959.90
517.00	864.30
517.13	918.50
517.26	953.90
517.39	926.00
517.51	835.80
517.64	889.60
517.77	974.10
517.90	863.80
518.02	883.70
518.15	850.50
518.28	813.20
518.41	892.90
518.54	891.30
518.66	899.80
518.79	860.00
518.92	875.10
519.05	861.90
519.18	879.10
519.30	924.40
519.43	845.60
519.56	862.40
519.69	876.90
519.81	944.20
519.94	879.70
520.07	823.50
520.20	869.20
520.33	907.20
520.45	964.20
520.58	902.30
520.71	903.10
520.84	943.90
520.96	916.30
521.09	897.90
521.22	866.30
521.35	935.60
521.48	930.40
521.60	870.00
521.73	891.60
521.86	957.90
521.99	990.70
522.11	908.40
522.24	887.60
522.37	924.80
522.50	919.80
522.62	951.80
522.75	838.30
522.88	913.90
523.01	877.90
523.14	918.90
523.26	911.70
523.39	963.60
523.52	878.90
523.65	992.10
523.77	936.00
523.90	909.40
524.03	885.30
524.16	877.10
524.28	880.60
524.41	888.20
524.54	900.30
524.67	859.10
524.79	880.90
524.92	920.10
525.05	978.70
525.18	866.90
525.31	934.40
525.43	869.00
525.56	1014.80
525.69	882.60
525.82	831.40
525.94	944.80
526.07	948.70
526.20	926.50
526.33	937.90
526.45	1026.80
526.58	1004.00
526.71	915.50
526.84	890.40
526.96	910.30
527.09	867.70
527.22	885.90
527.35	885.40
527.47	852.20
527.60	970.00
527.73	866.90
527.86	920.30
527.98	923.90
528.11	932.90
528.24	872.30
528.37	883.80
528.49	856.40
528.62	913.40
528.75	931.70
528.88	872.50
529.00	938.60
529.13	959.60
529.26	898.30
529.39	930.20
529.51	1042.70
529.64	1015.20
529.77	879.90
529.90	881.60
530.02	888.00
530.15	874.20
530.28	827.70
530.40	867.60
530.53	898.20
530.66	934.30
530.79	884.90
530.91	891.20
531.04	877.20
531.17	900.70
531.30	890.40
531.42	894.40
531.55	914.30
531.68	969.80
531.81	879.60
531.93	895.30
532.06	914.50
532.19	872.50
532.31	890.80
532.44	893.60
532.57	934.50
532.70	881.30
532.82	912.70
532.95	927.20
533.08	975.20
533.21	938.00
533.33	871.90
533.46	881.80
533.59	893.20
533.71	1016.30
533.84	911.80
533.97	886.80
534.10	887.10
534.22	876.00
534.35	896.90
534.48	904.50
534.61	932.80
534.73	838.70
534.86	869.50
534.99	910.40
535.11	964.70
535.24	930.30
535.37	880.90
535.50	864.80
535.62	880.80
535.75	969.10
535.88	903.50
536.00	880.60
536.13	889.10
536.26	898.00
536.39	879.80
536.51	857.20
536.64	932.10
536.77	904.60
536.89	894.20
537.02	908.60
537.15	931.00
537.28	907.70
537.40	913.60
537.53	882.20
537.66	944.10
537.78	919.40
537.91	869.70
538.04	884.20
538.17	950.70
538.29	933.40
538.42	980.60
538.55	961.10
538.67	938.30
538.80	885.20
538.93	918.00
539.05	914.60
539.18	980.00
539.31	951.00
539.44	918.90
539.56	839.50
539.69	902.50
539.82	894.60
539.94	901.70
540.07	876.60
540.20	974.70
540.32	876.80
540.45	894.70
540.58	892.40
540.71	956.90
540.83	866.10
540.96	895.30
541.09	902.70
541.21	990.60
541.34	971.40
541.47	874.40
541.59	907.30
541.72	991.40
541.85	1064.40
541.98	953.50
542.10	900.90
542.23	928.70
542.36	1037.40
542.48	923.90
542.61	905.30
542.74	871.00
542.86	890.70
542.99	898.70
543.12	881.80
543.24	922.10
543.37	856.00
543.50	902.20
543.62	876.50
543.75	903.20
543.88	900.80
544.01	917.00
544.13	935.40
544.26	947.20
544.39	881.00
544.51	885.70
544.64	867.40
544.77	936.00
544.89	893.10
545.02	912.00
545.15	887.50
545.27	1003.60
545.40	971.70
545.53	936.90
545.65	932.50
545.78	840.60
545.91	867.00
546.03	895.40
546.16	900.60
546.29	897.00
546.41	867.80
546.54	896.90
546.67	878.70
546.79	954.90
546.92	994.00
547.05	861.40
547.17	912.50
547.30	885.20
547.43	946.30
547.56	870.70
547.68	897.80
547.81	865.90
547.94	942.80
548.06	898.60
548.19	875.30
548.32	973.30
548.44	924.40
548.57	926.40
548.70	943.40
548.82	958.90
548.95	942.90
549.08	907.40
549.20	897.80
549.33	1004.70
549.45	923.00
549.58	905.00
549.71	864.20
549.83	967.20
549.96	873.60
550.09	915.00
550.21	894.40
550.34	928.80
550.47	905.00
550.59	898.30
550.72	838.10
550.85	917.00
550.97	977.30
551.10	891.80
551.23	896.00
551.35	981.90
551.48	927.10
551.61	906.30
551.73	896.70
551.86	986.80
551.99	984.70
552.11	914.20
552.24	940.10
552.37	926.10
552.49	888.80
552.62	897.70
552.75	943.90
552.87	898.10
553.00	897.70
553.12	924.10
553.25	900.90
553.38	943.00
553.50	973.90
553.63	904.20
553.76	846.80
553.88	920.00
554.01	906.40
554.14	911.60
554.26	935.00
554.39	999.90
554.52	924.80
554.64	913.20
554.77	892.40
554.89	950.60
555.02	971.80
555.15	923.90
555.27	916.90
555.40	922.80
555.53	980.70
555.65	915.40
555.78	878.80
555.91	954.10
556.03	993.80
556.16	884.60
556.29	917.60
556.41	989.30
556.54	983.10
556.66	914.70
556.79	891.50
556.92	929.00
557.04	932.10
557.17	897.80
557.30	897.90
557.42	909.10
557.55	917.30
557.67	928.10
557.80	904.00
557.93	919.80
558.05	934.90
558.18	881.10
558.31	920.00
558.43	974.00
558.56	944.20
558.68	918.40
558.81	888.00
558.94	911.10
559.06	1041.90
559.19	908.60
559.32	905.70
559.44	885.00
559.57	925.70
559.69	888.00
559.82	892.40
559.95	905.00
560.07	904.70
560.20	842.30
560.33	912.20
560.45	934.70
560.58	870.00
560.70	921.00
560.83	879.80
560.96	908.60
561.08	912.40
561.21	937.00
561.33	888.30
561.46	869.30
561.59	957.60
561.71	904.30
561.84	925.60
561.97	887.90
562.09	952.30
562.22	895.90
562.34	886.10
562.47	960.80
562.60	943.00
562.72	921.80
562.85	915.70
562.97	917.50
563.10	915.70
563.23	883.30
563.35	887.10
563.48	933.50
563.60	917.30
563.73	942.50
563.86	869.40
563.98	890.20
564.11	924.90
564.23	912.80
564.36	978.50
564.49	927.10
564.61	989.90
564.74	927.80
564.86	893.40
564.99	976.20
565.12	961.00
565.24	974.40
565.37	961.80
565.49	974.00
565.62	994.00
565.75	958.30
565.87	885.80
566.00	1067.00
566.12	989.40
566.25	934.40
566.38	954.70
566.50	935.00
566.63	974.10
566.75	911.60
566.88	894.20
567.01	888.80
567.13	921.20
567.26	913.80
567.38	904.60
567.51	973.90
567.64	904.10
567.76	940.80
567.89	936.90
568.01	897.20
568.14	883.40
568.26	922.90
568.39	926.30
568.52	927.60
568.64	968.70
568.77	910.40
568.89	904.00
569.02	903.50
569.15	922.60
569.27	914.40
569.40	945.30
569.52	958.30
569.65	918.90
569.77	909.50
569.90	872.10
570.03	874.30
570.15	994.90
570.28	923.50
570.40	913.60
570.53	915.50
570.66	989.80
570.78	966.90
570.91	932.20
571.03	889.60
571.16	930.60
571.28	883.90
571.41	865.60
571.54	874.20
571.66	867.50
571.79	894.40
571.91	893.60
572.04	883.20
572.16	938.60
572.29	962.60
572.42	899.60
572.54	942.50
572.67	892.40
572.79	932.80
572.92	911.10
573.04	955.60
573.17	973.40
573.29	932.50
573.42	918.10
573.55	961.60
573.67	951.90
573.80	914.10
573.92	887.20
574.05	930.20
574.17	985.10
574.30	922.50
574.43	910.80
574.55	908.50
574.68	931.90
574.80	910.60
574.93	916.50
575.05	879.70
575.18	912.10
575.30	916.80
575.43	956.50
575.56	988.80
575.68	949.70
575.81	912.60
575.93	891.20
576.06	951.60
576.18	968.70
576.31	920.30
576.43	899.30
576.56	1028.40
576.69	983.90
576.81	942.40
576.94	911.00
577.06	930.80
577.19	969.50
577.31	933.00
577.44	948.80
577.56	978.80
577.69	946.90
577.82	946.70
577.94	903.20
578.07	874.60
578.19	961.00
578.32	959.00
578.44	907.80
578.57	917.20
578.69	987.20
578.82	941.90
578.94	964.70
579.07	989.00
579.19	970.00
579.32	950.30
579.45	943.40
579.57	928.30
579.70	898.70
579.82	939.70
579.95	920.40
580.07	999.70
580.20	925.40
580.32	924.90
580.45	968.50
580.57	972.20
580.70	938.30
580.82	947.50
580.95	956.30
581.08	893.50
581.20	980.40
581.33	925.40
581.45	944.00
581.58	945.70
581.70	952.40
581.83	851.40
581.95	942.90
582.08	962.60
582.20	921.60
582.33	927.90
582.45	908.40
582.58	926.30
582.70	959.00
582.83	902.10
582.95	932.80
583.08	981.80
583.21	990.30
583.33	944.00
583.46	908.70
583.58	892.90
583.71	972.40
583.83	939.40
583.96	954.30
584.08	973.10
584.21	968.30
584.33	957.70
584.46	925.30
584.58	897.60
584.71	978.80
584.83	968.40
584.96	934.20
585.08	917.70
585.21	1046.00
585.33	1002.00
585.46	957.80
585.58	984.40
585.71	921.20
585.83	938.10
585.96	976.00
586.08	975.50
586.21	960.90
586.33	968.40
586.46	891.70
586.59	975.50
586.71	911.30
586.84	954.60
586.96	939.20
587.09	882.20
587.21	921.50
587.34	971.50
587.46	911.50
587.59	893.00
587.71	931.50
587.84	918.90
587.96	875.20
588.09	900.60
588.21	965.60
588.34	924.90
588.46	938.90
588.59	911.40
588.71	959.50
588.84	952.40
588.96	932.60
589.09	1041.90
589.21	946.30
589.34	907.60
589.46	936.60
589.59	956.00
589.71	1003.50
589.84	893.90
589.96	913.90
590.09	936.50
590.21	978.00
590.34	946.30
590.46	950.90
590.59	913.90
590.71	929.90
590.84	980.20
590.96	906.40
591.09	956.60
591.21	951.10
591.34	920.30
591.46	919.50
591.59	998.80
591.71	975.40
591.83	935.50
591.96	883.00
592.08	925.80
592.21	970.50
592.33	942.10
592.46	921.70
592.58	950.30
592.71	991.00
592.83	1029.90
592.96	971.90
593.08	1003.70
593.21	911.80
593.33	898.50
593.46	929.90
593.58	931.30
593.71	986.40
593.83	995.20
593.96	910.50
594.08	1062.50
594.21	952.00
594.33	924.70
594.46	908.90
594.58	896.70
594.71	869.00
594.83	941.10
594.96	927.90
595.08	1113.40
595.20	985.50
595.33	953.90
595.45	911.00
595.58	1032.90
595.70	963.70
595.83	922.90
595.95	940.10
596.08	958.30
596.20	903.80
596.33	896.90
596.45	930.60
596.58	911.80
596.70	903.50
596.83	925.10
596.95	918.40
597.08	950.60
597.20	905.50
597.32	913.60
597.45	950.70
597.57	934.80
597.70	978.00
597.82	932.10
597.95	938.70
598.07	944.50
598.20	960.30
598.32	937.70
598.45	934.40
598.57	993.30
598.70	1011.10
598.82	934.70
598.94	925.40
599.07	994.10
599.19	946.90
599.32	921.60
599.44	848.90
599.57	987.80
599.69	965.30
599.82	936.20
599.94	907.40
600.07	995.90
600.19	969.30
600.31	916.70
600.44	975.10
600.56	1058.10
600.69	1047.00
600.81	925.40
600.94	935.20
601.06	958.00
601.19	978.40
601.31	984.80
601.44	897.00
601.56	1004.90
601.68	986.00
601.81	956.80
601.93	951.70
602.06	975.00
602.18	909.10
602.31	934.90
602.43	1004.20
602.56	984.60
602.68	949.50
602.80	950.20
602.93	952.10
603.05	921.90
603.18	960.20
603.30	910.80
603.43	914.30
603.55	949.50
603.68	967.40
603.80	954.60
603.92	945.70
604.05	931.60
604.17	924.00
604.30	910.50
604.42	930.40
604.55	938.40
604.67	979.60
604.79	922.50
604.92	935.30
605.04	927.50
605.17	932.80
605.29	923.40
605.42	920.30
605.54	1015.10
605.66	962.00
605.79	960.40
605.91	941.90
606.04	953.20
606.16	924.20
606.29	952.80
606.41	916.10
606.53	941.40
606.66	892.80
606.78	934.20
606.91	926.50
607.03	928.60
607.16	921.60
607.28	907.10
607.40	951.50
607.53	975.10
607.65	913.70
607.78	919.50
607.90	952.20
608.03	1061.50
608.15	967.70
608.27	967.10
608.40	898.30
608.52	969.40
608.65	956.30
608.77	981.70
608.89	947.80
609.02	1030.00
609.14	1045.70
609.27	971.30
609.39	978.90
609.52	928.90
609.64	884.80
609.76	921.40
609.89	932.50
610.01	1008.80
610.14	988.30
610.26	946.20
610.38	912.20
610.51	992.10
610.63	940.70
610.76	915.00
610.88	972.20
611.01	1014.70
611.13	1057.30
611.25	984.80
611.38	922.60
611.50	947.60
611.63	975.90
611.75	956.30
611.87	962.00
612.00	937.60
612.12	1004.40
612.25	942.60
612.37	922.00
612.49	1025.10
612.62	1001.80
612.74	1013.70
612.87	952.60
612.99	954.10
613.11	902.50
613.24	936.70
613.36	943.40
613.49	966.90
613.61	956.10
613.73	937.20
613.86	987.40
613.98	927.80
614.11	991.00
614.23	988.10
614.35	996.00
614.48	1000.80
614.60	971.90
614.72	950.10
614.85	973.80
614.97	967.20
615.10	963.70
615.22	945.40
615.34	964.30
615.47	1007.50
615.59	930.10
615.72	949.50
615.84	965.20
615.96	931.50
616.09	1051.20
616.21	945.20
616.34	932.00
616.46	949.20
616.58	985.60
616.71	974.30
616.83	989.00
616.95	984.30
617.08	985.50
617.20	953.70
617.33	914.00
617.45	946.90
617.57	980.10
617.70	966.50
617.82	932.60
617.95	957.70
618.07	1032.60
618.19	967.50
618.32	965.90
618.44	933.70
618.56	919.40
618.69	888.10
618.81	901.20
618.94	994.60
619.06	951.00
619.18	946.60
619.31	909.30
619.43	922.00
619.55	976.10
619.68	965.40
619.80	912.80
619.92	973.70
620.05	1095.50
620.17	1011.20
620.30	951.70
620.42	980.10
620.54	1004.10
620.67	934.60
620.79	959.30
620.91	971.10
621.04	1024.10
621.16	942.90
621.29	925.10
621.41	904.70
621.53	938.60
621.66	945.50
621.78	933.50
621.90	1002.60
622.03	1061.00
622.15	956.40
622.27	945.30
622.40	968.80
622.52	937.10
622.64	939.10
622.77	914.50
622.89	979.70
623.02	1000.90
623.14	972.00
623.26	982.20
623.39	984.90
623.51	1014.30
623.63	948.10
623.76	925.60
623.88	1029.00
624.00	970.70
624.13	918.60
624.25	919.00
624.37	916.40
624.50	1002.80
624.62	980.30
624.75	913.80
624.87	920.70
624.99	982.50
625.12	927.30
625.24	944.40
625.36	1043.60
625.49	1001.00
625.61	969.90
625.73	967.50
625.86	1008.40
625.98	968.70
626.10	928.20
626.23	907.80
626.35	977.70
626.47	945.60
626.60	919.30
626.72	929.60
626.84	944.50
626.97	981.40
627.09	955.40
627.21	947.10
627.34	1085.90
627.46	1059.40
627.58	961.50
627.71	974.80
627.83	996.20
627.95	918.40
628.08	953.80
628.20	985.50
628.32	904.90
628.45	880.10
628.57	891.50
628.69	923.80
628.82	982.30
628.94	1024.50
629.06	955.00
629.19	934.90
629.31	993.80
629.43	919.40
629.56	969.50
629.68	962.60
629.80	1008.10
629.93	922.30
630.05	926.90
630.17	920.90
630.30	949.10
630.42	931.60
630.54	982.90
630.67	957.10
630.79	936.30
630.91	1079.20
631.04	975.80
631.16	970.50
631.28	977.50
631.41	939.60
631.53	921.40
631.65	955.60
631.78	981.80
631.90	966.80
632.02	952.30
632.14	876.60
632.27	1028.30
632.39	972.00
632.51	933.20
632.64	1004.50
632.76	963.40
632.88	944.20
633.01	966.30
633.13	943.20
633.25	968.50
633.38	1075.30
633.50	907.50
633.62	905.20
633.75	897.20
633.87	885.20
633.99	972.70
634.11	913.90
634.24	943.50
634.36	956.80
634.48	951.40
634.61	939.80
634.73	989.60
634.85	943.60
634.98	932.60
635.10	942.70
635.22	953.90
635.35	1080.50
635.47	973.40
635.59	950.00
635.71	986.50
635.84	1005.00
635.96	943.10
636.08	988.50
636.21	934.30
636.33	978.50
636.45	955.20
636.58	929.80
636.70	904.50
636.82	988.30
636.94	938.10
637.07	896.80
637.19	996.30
637.31	996.10
637.44	985.40
637.56	906.90
637.68	978.10
637.81	979.10
637.93	961.50
638.05	918.90
638.17	1014.30
638.30	1076.90
638.42	957.00
638.54	926.20
638.67	953.90
638.79	965.00
638.91	931.40
639.03	947.80
639.16	942.30
639.28	961.80
639.40	957.20
639.53	934.50
639.65	997.60
639.77	959.90
639.89	962.40
640.02	958.00
640.14	972.90
640.26	921.50
640.39	991.70
640.51	927.90
640.63	979.50
640.75	1015.30
640.88	956.30
641.00	935.20
641.12	929.50
641.24	1044.60
641.37	952.10
641.49	922.60
641.61	1068.90
641.74	935.70
641.86	972.40
641.98	913.80
642.10	976.40
642.23	984.60
642.35	937.00
642.47	972.20
642.60	972.70
642.72	994.40
642.84	898.20
642.96	919.00
643.09	919.00
643.21	920.50
643.33	921.60
643.45	927.80
643.58	1006.40
643.70	1049.10
643.82	951.30
643.94	945.70
644.07	968.10
644.19	973.20
644.31	970.80
644.44	965.00
644.56	957.10
644.68	918.40
644.80	921.50
644.93	916.50
645.05	929.50
645.17	981.60
645.29	969.70
645.42	959.90
645.54	972.30
645.66	993.70
645.78	952.20
645.91	935.90
646.03	990.40
646.15	1041.00
646.27	940.40
646.40	969.70
646.52	997.60
646.64	1014.50
646.76	956.80
646.89	900.40
647.01	993.60
647.13	987.90
647.25	991.20
647.38	949.00
647.50	933.40
647.62	1001.70
647.74	910.10
647.87	919.10
647.99	971.40
648.11	991.80
648.23	956.10
648.36	909.70
648.48	1032.30
648.60	974.90
648.72	930.60
648.85	922.40
648.97	1015.50
649.09	986.30
649.21	936.70
649.34	974.80
649.46	986.40
649.58	981.70
649.70	993.20
649.83	940.50
649.95	988.30
650.07	992.70
650.19	1003.50
650.32	966.00
650.44	1018.70
650.56	998.20
650.68	949.80
650.81	943.80
650.93	956.80
651.05	1033.60
651.17	933.40
651.29	982.30
651.42	965.50
651.54	993.40
651.66	931.20
651.78	937.00
651.91	1000.60
652.03	1088.90
652.15	994.10
652.27	936.90
652.40	979.60
652.52	959.60
652.64	967.20
652.76	945.40
652.88	1070.10
653.01	979.00
653.13	920.50
653.25	888.50
653.37	1005.50
653.50	1012.90
653.62	990.40
653.74	914.60
653.86	1015.80
653.98	1002.30
654.11	934.50
654.23	956.00
654.35	948.90
654.47	1086.70
654.60	950.20
654.72	950.70
654.84	928.00
654.96	1020.70
655.08	942.40
655.21	982.80
655.33	980.50
655.45	1023.80
655.57	971.70
655.70	969.40
655.82	1022.80
655.94	1057.80
656.06	994.90
656.18	929.00
656.31	1035.80
656.43	1003.10
656.55	938.60
656.67	957.50
656.79	970.30
656.92	1025.60
657.04	985.50
657.16	956.10
657.28	1093.90
657.40	992.60
657.53	996.70
657.65	960.40
657.77	1031.70
657.89	1028.70
658.01	958.80
658.14	933.10
658.26	997.30
658.38	959.00
658.50	926.10
658.62	935.20
658.75	1106.90
658.87	1020.60
658.99	996.90
659.11	936.80
659.23	1029.10
659.36	1086.00
659.48	1020.80
659.60	988.10
659.72	995.30
659.84	983.50
659.97	993.30
660.09	1002.60
660.21	1095.00
660.33	1032.00
660.45	928.60
660.58	894.00
660.70	952.10
660.82	970.80
660.94	924.30
661.06	970.10
661.19	1039.60
661.31	1021.10
661.43	972.00
661.55	959.50
661.67	1019.10
661.80	1056.00
661.92	979.10
662.04	978.20
662.16	982.00
662.28	1046.00
662.40	974.50
662.53	979.60
662.65	1006.20
662.77	953.60
662.89	968.00
663.01	950.60
663.14	981.60
663.26	1013.20
663.38	975.30
663.50	934.80
663.62	961.50
663.74	986.20
663.87	950.60
663.99	988.30
664.11	1021.40
664.23	1111.00
664.35	968.70
664.48	962.80
664.60	978.60
664.72	974.00
664.84	933.70
664.96	966.30
665.08	1040.90
665.21	1007.70
665.33	1012.20
665.45	926.20
665.57	985.50
665.69	1062.20
665.81	978.90
665.94	942.10
666.06	947.60
666.18	1005.50
666.30	965.20
666.42	953.50
666.54	991.80
666.67	1007.30
666.79	944.20
666.91	1008.80
667.03	975.60
667.15	937.60
667.27	969.00
667.40	937.80
667.52	972.20
667.64	1027.60
667.76	961.70
667.88	934.50
668.00	1024.10
668.13	1035.40
668.25	951.80
668.37	945.10
668.49	972.40
668.61	1031.80
668.73	976.50
668.85	984.00
668.98	1006.20
669.10	994.20
669.22	959.50
669.34	968.50
669.46	1023.40
669.58	967.80
669.71	985.60
669.83	976.70
669.95	972.80
670.07	990.90
670.19	956.70
670.31	964.40
670.43	967.30
670.56	1006.10
670.68	1025.30
670.80	1000.70
670.92	999.90
671.04	1051.10
671.16	965.00
671.28	960.00
671.41	977.20
671.53	1031.50
671.65	967.10
671.77	968.70
671.89	1136.90
672.01	1085.10
672.13	1024.00
672.26	950.70
672.38	997.00
672.50	962.70
672.62	978.40
672.74	999.70
672.86	977.30
672.98	1001.90
673.11	983.80
673.23	992.50
673.35	1056.00
673.47	988.30
673.59	986.50
673.71	946.10
673.83	1014.40
673.96	1101.30
674.08	984.30
674.20	943.20
674.32	984.30
674.44	991.10
674.56	1002.30
674.68	1001.70
674.80	1031.20
674.93	998.50
675.05	981.60
675.17	988.40
675.29	1034.90
675.41	1041.90
675.53	988.10
675.65	976.50
675.77	983.60
675.90	1046.90
676.02	963.40
676.14	947.70
676.26	1066.50
676.38	1106.50
676.50	996.60
676.62	1009.40
676.74	955.90
676.87	979.40
676.99	995.40
677.11	1031.40
677.23	1010.80
677.35	1027.20
677.47	944.40
677.59	965.20
677.71	1020.10
677.83	1033.00
677.96	990.40
678.08	986.40
678.20	996.10
678.32	958.30
678.44	983.90
678.56	984.90
678.68	1140.20
678.80	1034.90
678.93	976.00
679.05	992.10
679.17	995.90
679.29	1055.00
679.41	990.10
679.53	959.20
679.65	972.10
679.77	1010.30
679.89	985.60
680.01	1024.10
680.14	1027.00
680.26	939.20
680.38	976.00
680.50	1014.00
680.62	1082.80
680.74	1022.40
680.86	984.00
680.98	994.70
681.10	1029.90
681.22	1096.00
681.35	979.00
681.47	978.70
681.59	973.20
681.71	1083.90
681.83	993.80
681.95	959.00
682.07	1062.30
682.19	1020.70
682.31	977.80
682.43	950.80
682.56	1028.50
682.68	954.40
682.80	959.50
682.92	1015.70
683.04	999.30
683.16	988.00
683.28	967.20
683.40	1021.80
683.52	1003.20
683.64	1030.20
683.76	964.40
683.89	970.60
684.01	1002.30
684.13	1064.00
684.25	989.60
684.37	999.70
684.49	1040.70
684.61	988.00
684.73	993.20
684.85	986.00
684.97	962.10
685.09	1066.90
685.21	964.50
685.34	1001.00
685.46	1140.60
685.58	1028.70
685.70	1009.60
685.82	1039.90
685.94	971.10
686.06	969.40
686.18	962.00
686.30	983.50
686.42	962.10
686.54	1040.80
686.66	960.70
686.79	1067.00
686.91	1029.90
687.03	1126.80
687.15	1024.30
687.27	995.40
687.39	994.70
687.51	1078.80
687.63	1014.20
687.75	1040.00
687.87	1029.30
687.99	1085.20
688.11	966.80
688.23	1019.50
688.35	1055.80
688.48	1040.60
688.60	968.20
688.72	991.60
688.84	1022.70
688.96	1040.10
689.08	1006.70
689.20	995.20
689.32	1128.90
689.44	1024.70
689.56	954.70
689.68	978.50
689.80	998.90
689.92	974.10
690.04	984.10
690.16	1035.00
690.28	1032.70
690.41	1026.10
690.53	977.20
690.65	1036.20
690.77	1066.60
690.89	1061.50
691.01	1004.60
691.13	981.10
691.25	965.60
691.37	998.60
691.49	955.40
691.61	952.90
691.73	1093.10
691.85	1016.70
691.97	987.40
692.09	973.40
692.21	1051.70
692.33	1080.40
692.45	1013.80
692.57	983.80
692.70	1011.10
692.82	1038.10
692.94	949.00
693.06	982.50
693.18	1020.50
693.30	997.10
693.42	976.30
693.54	1008.80
693.66	1023.30
693.78	1034.50
693.90	984.00
694.02	1006.00
694.14	1031.70
694.26	992.80
694.38	1012.10
694.50	1019.20
694.62	1028.00
694.74	968.50
694.86	970.30
694.98	1011.60
695.10	1028.10
695.22	1065.00
695.34	979.50
695.46	985.00
695.58	990.60
695.71	1027.40
695.83	983.70
695.95	988.30
696.07	1070.10
696.19	978.10
696.31	982.60
696.43	964.00
696.55	1090.90
696.67	1026.00
696.79	992.70
696.91	999.70
697.03	991.90
697.15	1097.50
697.27	1012.60
697.39	976.90
697.51	1052.30
697.63	982.90
697.75	981.70
697.87	1010.00
697.99	957.90
698.11	932.30
698.23	963.40
698.35	978.80
698.47	995.50
698.59	1029.10
698.71	995.70
698.83	1047.70
698.95	981.00
699.07	1024.70
699.19	990.50
699.31	1008.60
699.43	983.20
699.55	1038.70
699.67	991.70
699.79	997.10
699.91	986.10
700.03	1017.10
700.15	1011.30
700.27	969.20
700.39	1012.90
700.51	968.00
700.63	996.50
700.75	992.60
700.87	1025.50
700.99	997.90
701.11	1030.50
701.24	1006.70
701.36	1053.00
701.48	1057.10
701.60	1038.00
701.72	980.40
701.84	1089.00
701.96	1026.20
702.08	1004.90
702.20	1095.50
702.32	1049.50
702.44	1046.60
702.56	1001.50
702.68	1001.30
702.80	1015.40
702.92	1117.50
703.04	1071.60
703.16	1013.20
703.28	1026.20
703.40	1004.70
703.52	1021.90
703.64	1032.00
703.76	1032.50
703.88	1002.80
704.00	993.30
704.12	1001.70
704.24	1066.60
704.36	1028.90
704.48	1022.70
704.60	974.00
704.72	1012.40
704.84	1009.40
704.96	1043.60
705.07	1017.40
705.19	976.60
705.31	1005.40
705.43	1044.10
705.55	988.80
705.67	1037.60
705.79	1019.10
705.91	949.60
706.03	1014.40
706.15	1028.60
706.27	1006.20
706.39	1002.00
706.51	987.40
706.63	1002.40
706.75	1048.60
706.87	1023.40
706.99	1076.50
707.11	1022.60
707.23	1009.40
707.35	1031.60
707.47	1012.30
707.59	1051.40
707.71	1066.50
707.83	1009.80
707.95	1049.20
708.07	1008.50
708.19	1149.70
708.31	1025.20
708.43	985.30
708.55	1045.00
708.67	1083.00
708.79	1029.90
708.91	1051.30
709.03	1037.00
709.15	1078.00
709.27	993.70
709.39	1025.40
709.51	1013.30
709.63	1042.40
709.75	1042.80
709.87	974.70
709.99	1066.00
710.11	1001.30
710.23	1001.20
710.35	973.00
710.47	1131.20
710.58	1086.70
710.70	1075.30
710.82	1072.40
710.94	1029.00
711.06	1021.80
711.18	1025.30
711.30	1002.90
711.42	1070.60
711.54	1021.60
711.66	1042.00
711.78	989.10
711.90	1057.30
712.02	1096.40
712.14	990.60
712.26	974.40
712.38	1081.20
712.50	1092.80
712.62	1011.10
712.74	997.40
712.86	1001.30
712.98	1069.80
713.10	1013.10
713.22	983.30
713.34	1031.50
713.45	1010.30
713.57	1033.30
713.69	990.80
713.81	1009.90
713.93	1037.70
714.05	1016.20
714.17	991.10
714.29	1096.60
714.41	1087.80
714.53	1013.20
714.65	1043.30
714.77	1031.10
714.89	987.80
715.01	1073.00
715.13	998.60
715.25	1037.90
715.37	996.50
715.49	973.80
715.61	1040.90
715.72	1047.30
715.84	1084.10
715.96	1015.10
716.08	1009.00
716.20	1100.40
716.32	1083.50
716.44	1024.10
716.56	1025.00
716.68	1041.80
716.80	1129.50
716.92	1083.70
717.04	1043.20
717.16	1058.40
717.28	1027.90
717.40	1012.50
717.52	1026.70
717.63	1009.70
717.75	1041.40
717.87	1037.30
717.99	1042.50
718.11	1022.30
718.23	1094.70
718.35	1047.40
718.47	1025.50
718.59	974.30
718.71	1033.70
718.83	1003.10
718.95	1054.70
719.07	991.50
719.19	1029.90
719.30	1016.20
719.42	1039.40
719.54	1029.90
719.66	1043.50
719.78	1031.40
719.90	969.60
720.02	1032.30
720.14	1048.60
720.26	1062.20
720.38	1050.80
720.50	1007.40
720.62	959.00
720.74	1026.50
720.85	1030.20
720.97	1096.30
721.09	1135.10
721.21	1023.80
721.33	1096.30
721.45	1042.60
721.57	1053.80
721.69	1004.10
721.81	979.20
721.93	1100.10
722.05	1055.20
722.16	995.70
722.28	962.20
722.40	1014.90
722.52	1086.80
722.64	1095.40
722.76	996.30
722.88	1057.40
723.00	1065.80
723.12	1013.60
723.24	1042.90
723.36	976.00
723.47	1082.90
723.59	1046.60
723.71	1016.30
723.83	1053.10
723.95	1014.20
724.07	1027.50
724.19	1046.50
724.31	1114.50
724.43	1009.20
724.55	957.90
724.66	996.10
724.78	1187.70
724.90	1002.70
725.02	995.50
725.14	1005.60
725.26	1031.10
725.38	964.30
725.50	1022.80
725.62	1038.90
725.74	1037.10
725.85	1029.10
725.97	1033.80
726.09	1092.20
726.21	1365.60
726.33	1080.20
726.45	1024.50
726.57	1005.90
726.69	1047.30
726.81	1046.10
726.92	1026.30
727.04	1041.20
727.16	1057.20
727.28	1032.60
727.40	1032.20
727.52	1039.30
727.64	1169.20
727.76	1130.90
727.88	1059.10
727.99	1000.80
728.11	998.20
728.23	1026.00
728.35	1008.00
728.47	1007.90
728.59	1027.60
728.71	1056.10
728.83	1037.90
728.94	1063.10
729.06	1134.50
729.18	1105.90
729.30	1062.40
729.42	1044.50
729.54	1126.10
729.66	1135.40
729.78	1038.00
729.90	1041.40
730.01	1019.40
730.13	958.00
730.25	1023.90
730.37	1018.30
730.49	1057.20
730.61	1050.20
730.73	1050.20
730.84	1072.70
730.96	1062.50
731.08	1061.30
731.20	1052.40
731.32	1047.00
731.44	1208.80
731.56	1045.00
731.68	1002.80
731.79	1052.50
731.91	1021.40
732.03	1027.30
732.15	1031.40
732.27	1007.00
732.39	1026.00
732.51	1081.60
732.62	1009.60
732.74	1030.60
732.86	1095.80
732.98	1061.30
733.10	1035.70
733.22	1045.80
733.34	1076.90
733.45	988.60
733.57	1034.70
733.69	995.80
733.81	1031.70
733.93	1055.00
734.05	968.90
734.17	1027.40
734.28	1046.40
734.40	1049.50
734.52	1026.50
734.64	1024.20
734.76	1120.20
734.88	1052.20
735.00	1017.30
735.11	1038.80
735.23	1104.80
735.35	1033.60
735.47	981.90
735.59	1067.10
735.71	1037.20
735.83	1058.70
735.94	1063.90
736.06	1046.90
736.18	1099.20
736.30	1095.10
736.42	1060.20
736.54	1057.70
736.65	1083.30
736.77	1199.90
736.89	1095.20
737.01	1055.40
737.13	1162.00
737.25	980.90
737.36	997.80
737.48	1040.90
737.60	1048.60
737.72	1029.60
737.84	1034.30
737.96	1082.00
738.08	1042.10
738.19	1140.30
738.31	1027.90
738.43	1049.80
738.55	1054.30
738.67	1052.40
738.79	1009.50
738.90	1038.90
739.02	1063.20
739.14	1034.20
739.26	1039.40
739.38	1045.00
739.50	1083.30
739.61	1048.30
739.73	1040.20
739.85	1038.30
739.97	1073.00
740.09	1118.20
740.20	994.80
740.32	1054.80
740.44	1079.50
740.56	1011.40
740.68	1032.20
740.80	1049.60
740.91	1050.50
741.03	1092.30
741.15	1067.60
741.27	1033.10
741.39	1101.80
741.51	1058.60
741.62	1078.50
741.74	1042.60
741.86	1045.90
741.98	1016.60
742.10	1060.80
742.21	1059.90
742.33	1059.00
742.45	1013.80
742.57	1100.10
742.69	1023.40
742.80	1083.10
742.92	1043.90
743.04	1037.10
743.16	1027.90
743.28	1108.10
743.40	1014.20
743.51	1010.20
743.63	1010.20
743.75	1051.30
743.87	1045.60
743.99	1065.50
744.10	1041.40
744.22	1049.60
744.34	1026.30
744.46	1068.50
744.58	1050.80
744.69	982.10
744.81	1047.60
744.93	999.30
745.05	1002.60
745.17	1128.50
745.28	1132.80
745.40	1066.10
745.52	1037.40
745.64	1060.50
745.76	1099.70
745.87	1038.50
745.99	1018.20
746.11	1061.20
746.23	1013.70
746.35	1042.90
746.46	1023.10
746.58	1159.00
746.70	1067.90
746.82	1057.50
746.94	1041.30
747.05	1020.40
747.17	994.40
747.29	988.50
747.41	1030.70
747.53	1178.90
747.64	1033.70
747.76	1097.50
747.88	1096.90
748.00	1101.80
748.12	1060.60
748.23	1042.30
748.35	1058.50
748.47	1076.30
748.59	1096.30
748.70	1026.10
748.82	1006.80
748.94	1021.50
749.06	1034.80
749.18	1032.70
749.29	1004.90
749.41	1062.50
749.53	1057.00
749.65	1033.80
749.76	1074.30
749.88	1038.40
750.00	1070.70
750.12	1089.10
750.24	1067.00
750.35	1053.10
750.47	1011.30
750.59	1063.40
750.71	1043.20
750.82	1082.60
750.94	1022.90
751.06	1032.40
751.18	1019.30
751.30	1088.80
751.41	1083.70
751.53	1074.40
751.65	1021.80
751.77	1031.70
751.88	1059.50
752.00	1083.80
752.12	1002.80
752.24	1106.60
752.35	1075.90
752.47	1073.60
752.59	1084.40
752.71	1125.80
752.83	1030.60
752.94	1108.30
753.06	1023.90
753.18	1053.80
753.30	1024.10
753.41	978.30
753.53	1028.30
753.65	1031.90
753.77	1099.50
753.88	1015.50
754.00	1054.10
754.12	1058.30
754.24	1118.70
754.35	1024.70
754.47	987.10
754.59	1080.20
754.71	1075.10
754.82	1044.70
754.94	1030.70
755.06	1105.50
755.18	1068.90
755.29	1069.30
755.41	1024.20
755.53	1075.70
755.65	1022.70
755.76	1057.80
755.88	1045.60
756.00	1116.20
756.12	1028.00
756.23	943.40
756.35	1011.80
756.47	1084.90
756.59	1019.30
756.70	1013.00
756.82	1010.20
756.94	1023.00
757.06	1060.10
757.17	1056.70
757.29	1034.80
757.41	993.50
757.53	1060.30
757.64	1043.00
757.76	1039.90
757.88	1064.20
758.00	1066.00
758.11	1019.10
758.23	994.90
758.35	1068.40
758.47	1007.20
758.58	1056.50
758.70	999.70
758.82	1024.10
758.94	1003.00
759.05	1041.30
759.17	995.50
759.29	1033.40
759.40	1114.20
759.52	1028.80
759.64	1023.30
759.76	1052.70
759.87	1067.30
759.99	1058.20
760.11	1022.30
760.23	1051.50
760.34	1085.20
760.46	1055.10
760.58	1024.90
760.70	1043.30
760.81	1095.70
760.93	1049.60
761.05	1067.40
761.16	1060.90
761.28	1026.60
761.40	1010.90
761.52	998.10
761.63	1093.90
761.75	1050.10
761.87	1019.10
761.98	990.30
762.10	1073.70
762.22	1047.80
762.34	1077.60
762.45	1019.30
762.57	1074.30
762.69	1176.00
762.81	1030.00
762.92	1056.00
763.04	988.00
763.16	1057.00
763.27	1073.10
763.39	1018.40
763.51	1071.70
763.63	1065.00
763.74	1010.70
763.86	981.90
763.98	1008.30
764.09	1028.10
764.21	1039.90
764.33	988.50
764.44	1010.80
764.56	1045.20
764.68	1003.90
764.80	1030.60
764.91	977.50
765.03	1107.40
765.15	1017.50
765.26	1026.70
765.38	1001.50
765.50	1074.00
765.62	1033.50
765.73	1026.00
765.85	1049.30
765.97	986.80
766.08	1025.60
766.20	1047.60
766.32	1047.70
766.43	1086.30
766.55	1061.60
766.67	1017.40
766.79	1038.60
766.90	1002.30
767.02	959.60
767.14	986.70
767.25	993.60
767.37	1133.70
767.49	1058.80
767.60	1022.00
767.72	1085.80
767.84	1060.10
767.95	1018.20
768.07	992.40
768.19	1053.00
768.31	1059.80
768.42	1048.90
768.54	1017.50
768.66	1029.40
768.77	1071.40
768.89	1042.40
769.01	1009.40
769.12	1050.40
769.24	1048.10
769.36	995.10
769.47	993.70
769.59	988.10
769.71	1048.10
769.82	1020.30
769.94	1009.50
770.06	988.10
770.17	1071.80
770.29	1031.40
770.41	1047.80
770.53	1051.70
770.64	991.20
770.76	1029.30
770.88	1043.90
770.99	1062.80
771.11	997.50
771.23	1043.20
771.34	1026.30
771.46	1137.40
771.58	1103.50
771.69	1054.30
771.81	1026.90
771.93	1068.40
772.04	1004.60
772.16	1055.10
772.28	1022.10
772.39	1076.10
772.51	1028.80
772.63	1054.80
772.74	1010.80
772.86	1020.60
772.98	1151.80
773.09	1003.80
773.21	1003.90
773.33	1045.70
773.44	1056.80
773.56	1022.60
773.68	1024.50
773.79	1080.00
773.91	1014.00
774.03	1031.60
774.14	1016.10
774.26	1084.40
774.38	997.10
774.49	983.80
774.61	1018.30
774.73	1035.50
774.84	1006.90
774.96	993.90
775.08	1017.60
775.19	1052.80
775.31	1079.90
775.43	1031.40
775.54	998.00
775.66	969.60
775.77	1069.70
775.89	991.10
776.01	1050.60
776.12	1073.10
776.24	1040.40
776.36	975.00
776.47	987.40
776.59	1032.90
776.71	1075.30
776.82	957.60
776.94	971.20
777.06	1003.80
777.17	1095.10
777.29	980.40
777.41	992.20
777.52	1042.60
777.64	1019.60
777.75	1044.50
777.87	964.00
777.99	1001.60
778.10	1063.40
778.22	1002.70
778.34	1017.30
778.45	1005.90
778.57	1065.00
778.69	1056.40
778.80	1027.70
778.92	1128.70
779.04	1040.80
779.15	1009.70
779.27	1048.60
779.38	1042.50
779.50	1072.70
779.62	964.30
779.73	1016.90
779.85	960.70
779.97	1132.60
780.08	1022.50
780.20	1012.70
780.31	1047.70
780.43	1059.60
780.55	991.30
780.66	1023.60
780.78	1048.00
780.90	1139.60
781.01	994.50
781.13	1008.80
781.25	1006.70
781.36	1076.60
781.48	993.50
781.59	1005.40
781.71	1055.70
781.83	1051.10
781.94	984.10
782.06	987.10
782.18	1059.50
782.29	993.40
782.41	958.60
782.52	1052.50
782.64	1063.70
782.76	1032.30
782.87	1033.90
782.99	1003.70
783.10	1141.30
783.22	1167.60
783.34	1025.30
783.45	1019.50
783.57	1012.80
783.69	985.30
783.80	1024.50
783.92	1028.40
784.03	1013.20
784.15	991.30
784.27	1010.40
784.38	979.40
784.50	979.00
784.61	1014.20
784.73	981.90
784.85	993.90
784.96	987.70
785.08	1061.50
785.19	1048.80
785.31	994.60
785.43	972.90
785.54	974.80
785.66	1020.70
785.77	1013.00
785.89	1042.90
786.01	958.40
786.12	996.30
786.24	1007.60
786.35	1084.70
786.47	1023.80
786.59	991.40
786.70	961.40
786.82	1018.90
786.93	1028.90
787.05	1002.60
787.17	1008.70
787.28	1003.50
787.40	1028.70
787.51	1023.70
787.63	1029.70
787.75	968.80
787.86	1021.50
787.98	1026.50
788.09	1002.60
788.21	1027.00
788.33	1038.20
788.44	1026.10
788.56	974.40
788.67	1034.00
788.79	993.50
788.91	1002.80
789.02	982.90
789.14	997.50
789.25	1108.10
789.37	1028.40
789.48	981.70
789.60	1020.40
789.72	970.40
789.83	1028.90
789.95	1014.50
790.06	954.70
790.18	972.90
790.30	1040.50
790.41	1016.40
790.53	982.40
790.64	953.10
790.76	958.80
790.87	996.00
790.99	1009.50
791.11	1010.80
791.22	986.60
791.34	999.20
791.45	1041.20
791.57	1034.60
791.68	981.90
791.80	970.90
791.92	1033.30
792.03	976.70
792.15	952.30
792.26	979.50
792.38	953.30
792.49	1024.00
792.61	986.10
792.73	1000.50
792.84	997.40
792.96	1105.30
793.07	991.00
793.19	1820.40
793.30	1079.90
793.42	1037.30
793.54	931.90
793.65	947.60
793.77	1136.20
793.88	984.00
794.00	938.90
794.11	988.40
794.23	940.50
794.34	1005.80
794.46	933.80
794.58	943.50
794.69	1088.60
794.81	1086.40
794.92	960.50
795.04	955.30
795.15	1078.70
795.27	1030.10
795.39	993.70
795.50	960.90
795.62	962.40
795.73	978.50
795.85	963.30
795.96	1005.50
796.08	1055.70
796.19	976.30
796.31	977.60
796.42	942.20
796.54	973.00
796.66	1038.90
796.77	948.50
796.89	935.40
797.00	1039.00
797.12	906.20
797.23	971.10
797.35	994.40
797.46	1020.50
797.58	1045.80
797.69	1001.30
797.81	970.30
797.93	983.60
798.04	965.50
798.16	959.20
798.27	991.40
798.39	949.20
798.50	939.80
798.62	928.80
798.73	944.50
798.85	1061.90
798.96	996.60
799.08	1007.30
799.19	1011.60
799.31	993.20
799.43	979.70
799.54	954.40
799.66	992.60
799.77	1022.20
799.89	951.70
800.00	916.50
800.12	963.40
800.23	1038.80
800.35	1072.60
800.46	917.50
800.58	901.10
800.69	977.90
800.81	969.20
800.92	936.20
801.04	975.10
801.16	904.90
801.27	923.00
801.39	935.60
801.50	951.00
801.62	975.00
801.73	1018.80
801.85	1010.90
801.96	931.60
802.08	1033.00
802.19	1035.50
802.31	958.20
802.42	971.90
802.54	1062.30
802.65	1030.90
802.77	941.00
802.88	996.30
803.00	926.10
803.11	1088.60
803.23	979.20
803.34	970.10
803.46	998.90
803.57	935.40
803.69	1001.10
803.80	926.60
803.92	1027.20
804.03	966.60
804.15	981.10
804.26	1001.70
804.38	1012.80
804.50	938.80
804.61	984.00
804.73	970.80
804.84	976.10
804.96	905.10
805.07	959.10
805.19	931.00
805.30	994.70
805.42	1022.50
805.53	962.00
805.65	937.50
805.76	920.00
805.88	949.40
805.99	970.30
806.11	987.00
806.22	942.40
806.34	953.50
806.45	956.50
806.57	944.70
806.68	1006.00
806.80	887.10
806.91	925.30
807.03	918.10
807.14	888.80
807.26	901.60
807.37	899.70
807.49	960.00
807.60	938.20
807.72	1029.10
807.83	1030.70
807.95	970.90
808.06	978.90
808.17	970.00
808.29	981.20
808.40	916.80
808.52	955.00
808.63	959.10
808.75	957.60
808.86	947.10
808.98	968.70
809.09	925.30
809.21	956.30
809.32	922.50
809.44	975.50
809.55	903.60
809.67	956.10
809.78	911.60
809.90	981.70
810.01	1013.80
810.13	917.00
810.24	960.10
810.36	876.40
810.47	970.30
810.59	945.20
810.70	961.00
810.82	984.00
810.93	901.60
811.05	909.00
811.16	909.10
811.27	911.00
811.39	942.20
811.50	973.20
811.62	877.20
811.73	861.60
811.85	949.20
811.96	933.90
812.08	947.50
812.19	939.90
812.31	956.50
812.42	920.60
812.54	905.60
812.65	973.40
812.77	979.80
812.88	954.40
813.00	953.40
813.11	951.30
813.22	888.30
813.34	895.30
813.45	923.20
813.57	1012.50
813.68	1026.60
813.80	924.40
813.91	883.20
814.03	915.40
814.14	1011.30
814.26	894.40
814.37	917.40
814.49	914.50
814.60	901.00
814.71	891.50
814.83	906.20
814.94	865.70
815.06	902.20
815.17	907.50
815.29	896.60
815.40	866.50
815.52	996.50
815.63	900.90
815.75	884.50
815.86	926.90
815.97	866.80
816.09	900.80
816.20	923.60
816.32	927.10
816.43	853.20
816.55	909.20
816.66	887.00
816.78	995.20
816.89	900.50
817.00	898.40
817.12	872.60
817.23	870.20
817.35	946.80
817.46	904.20
817.58	857.70
817.69	994.20
817.81	898.30
817.92	925.50
818.03	896.20
818.15	902.80
818.26	863.60
818.38	849.50
818.49	878.40
818.61	903.30
818.72	851.90
818.83	1945.00
818.95	1029.60
819.06	866.80
819.18	875.10
819.29	897.60
819.41	878.20
819.52	903.00
819.64	896.00
819.75	854.40
819.86	835.40
819.98	862.60
820.09	913.10
820.21	879.20
820.32	844.30
820.44	898.70
820.55	956.10
820.66	859.00
820.78	910.00
820.89	876.60
821.01	901.80
821.12	881.40
821.23	881.60
821.35	865.20
821.46	933.60
821.58	872.20
821.69	852.70
821.81	844.20
821.92	934.00
822.03	864.60
822.15	873.90
822.26	831.10
822.38	841.00
822.49	878.00
822.61	874.30
822.72	887.70
822.83	925.40
822.95	866.00
823.06	869.80
823.18	922.00
823.29	948.10
823.40	891.30
823.52	855.10
823.63	816.60
823.75	964.30
823.86	866.30
823.97	814.90
824.09	904.60
824.20	829.10
824.32	866.80
824.43	846.00
824.55	900.30
824.66	954.60
824.77	847.30
824.89	869.60
825.00	927.70
825.12	869.20
825.23	880.40
825.34	814.00
825.46	829.40
825.57	893.30
825.69	837.80
825.80	786.10
825.91	824.00
826.03	806.40
826.14	871.40
826.26	813.30
826.37	856.60
826.48	837.00
826.60	854.40
826.71	821.70
826.83	861.50
826.94	866.20
827.05	892.30
827.17	884.80
827.28	843.60
827.39	833.60
827.51	802.40
827.62	834.80
827.74	854.90
827.85	837.60
827.96	820.60
828.08	835.20
828.19	945.80
828.31	841.80
828.42	788.90
828.53	859.80
828.65	903.10
828.76	902.50
828.87	858.10
828.99	809.40
