Wavelength (nm)	Intensity
377.35	816.00
377.48	605.00
377.62	619.00
377.75	628.25
377.88	848.75
378.02	826.25
378.15	829.00
378.28	795.00
378.41	876.25
378.55	840.00
378.68	821.25
378.81	807.25
378.95	839.00
379.08	823.00
379.21	787.50
379.35	855.00
379.48	857.00
379.61	915.00
379.74	830.25
379.88	800.75
380.01	893.50
380.14	951.00
380.28	869.00
380.41	787.50
380.54	853.25
380.68	863.50
380.81	766.75
380.94	860.50
381.07	901.50
381.21	905.25
381.34	827.75
381.47	772.25
381.61	986.00
381.74	840.50
381.87	789.75
382.00	839.25
382.14	928.75
382.27	880.50
382.40	805.50
382.54	895.00
382.67	904.50
382.80	808.75
382.93	801.25
383.07	818.00
383.20	830.75
383.33	875.00
383.47	802.75
383.60	786.50
383.73	981.00
383.86	871.50
384.00	824.50
384.13	816.25
384.26	874.25
384.40	885.00
384.53	824.50
384.66	872.25
384.79	847.00
384.93	821.25
385.06	821.75
385.19	839.50
385.33	957.75
385.46	866.50
385.59	803.50
385.72	845.75
385.86	780.75
385.99	832.75
386.12	828.00
386.25	798.00
386.39	884.75
386.52	898.75
386.65	829.25
386.79	810.75
386.92	823.50
387.05	928.50
387.18	791.00
387.32	799.75
387.45	874.00
387.58	854.00
387.71	818.00
387.85	807.75
387.98	849.50
388.11	869.25
388.25	833.50
388.38	826.25
388.51	864.25
388.64	883.25
388.78	817.00
388.91	784.75
389.04	834.00
389.17	942.50
389.31	845.00
389.44	858.00
389.57	895.50
389.70	862.25
389.84	819.00
389.97	802.00
390.10	815.50
390.24	872.75
390.37	826.75
390.50	812.00
390.63	909.75
390.77	840.50
390.90	839.00
391.03	834.00
391.16	794.50
391.30	819.75
391.43	810.50
391.56	807.00
391.69	807.50
391.83	887.75
391.96	835.25
392.09	813.00
392.22	929.50
392.36	865.50
392.49	798.00
392.62	821.00
392.75	861.50
392.89	892.00
393.02	794.50
393.15	796.75
393.28	783.25
393.42	938.50
393.55	790.50
393.68	821.50
393.81	768.25
393.95	818.50
394.08	812.50
394.21	812.00
394.34	882.50
394.48	869.00
394.61	868.25
394.74	840.75
394.87	888.25
395.01	863.75
395.14	858.75
395.27	800.50
395.40	934.75
395.54	940.25
395.67	838.25
395.80	817.50
395.93	870.75
396.07	819.00
396.20	812.75
396.33	760.50
396.46	817.25
396.59	833.50
396.73	822.00
396.86	798.75
396.99	885.00
397.12	850.00
397.26	848.75
397.39	831.00
397.52	1152.25
397.65	955.00
397.79	835.00
397.92	815.00
398.05	894.25
398.18	821.25
398.32	834.25
398.45	866.25
398.58	864.50
398.71	861.25
398.84	776.25
398.98	808.25
399.11	868.00
399.24	855.50
399.37	816.75
399.51	794.75
399.64	833.00
399.77	845.00
399.90	830.25
400.03	826.25
400.17	788.50
400.30	905.00
400.43	862.50
400.56	835.00
400.70	844.25
400.83	809.25
400.96	797.50
401.09	841.00
401.23	846.00
401.36	905.50
401.49	810.25
401.62	841.75
401.75	834.25
401.89	805.00
402.02	812.75
402.15	826.75
402.28	856.00
402.41	862.75
402.55	813.50
402.68	817.75
402.81	918.50
402.94	885.75
403.08	809.75
403.21	792.00
403.34	874.75
403.47	879.75
403.60	819.25
403.74	852.75
403.87	885.25
404.00	814.25
404.13	807.00
404.26	782.75
404.40	798.50
404.53	855.50
404.66	817.25
404.79	796.25
404.93	874.75
405.06	846.50
405.19	788.00
405.32	839.50
405.45	860.50
405.59	886.75
405.72	835.00
405.85	804.75
405.98	1015.25
406.11	805.00
406.25	800.75
406.38	819.50
406.51	864.00
406.64	833.00
406.77	782.25
406.91	783.75
407.04	859.50
407.17	825.00
407.30	841.75
407.43	822.00
407.57	926.00
407.70	893.50
407.83	795.75
407.96	830.50
408.09	799.25
408.23	926.75
408.36	828.00
408.49	810.75
408.62	951.50
408.75	857.00
408.89	809.25
409.02	849.00
409.15	849.00
409.28	932.00
409.41	855.25
409.55	816.00
409.68	961.00
409.81	853.75
409.94	812.00
410.07	839.25
410.20	854.50
410.34	828.25
410.47	834.75
410.60	838.25
410.73	878.25
410.86	813.50
411.00	834.50
411.13	805.75
411.26	850.50
411.39	844.75
411.52	851.75
411.66	823.00
411.79	824.75
411.92	803.00
412.05	815.00
412.18	815.75
412.31	865.25
412.45	876.00
412.58	872.50
412.71	789.25
412.84	855.50
412.97	921.50
413.11	841.25
413.24	858.75
413.37	892.50
413.50	951.25
413.63	858.00
413.76	821.75
413.90	872.00
414.03	830.25
414.16	814.50
414.29	846.50
414.42	838.50
414.56	951.75
414.69	817.25
414.82	828.00
414.95	843.25
415.08	865.50
415.21	827.25
415.35	845.00
415.48	760.50
415.61	889.50
415.74	889.25
415.87	787.75
416.00	856.00
416.14	962.75
416.27	850.00
416.40	806.00
416.53	829.25
416.66	869.75
416.79	838.25
416.93	793.50
417.06	894.00
417.19	849.75
417.32	821.50
417.45	810.00
417.58	786.50
417.72	897.75
417.85	811.75
417.98	829.75
418.11	875.75
418.24	817.25
418.37	825.50
418.51	829.50
418.64	838.50
418.77	921.50
418.90	841.75
419.03	792.75
419.16	865.50
419.29	881.50
419.43	813.25
419.56	789.75
419.69	951.25
419.82	910.50
419.95	835.25
420.08	879.00
420.22	914.75
420.35	967.75
420.48	874.00
420.61	825.00
420.74	780.50
420.87	871.50
421.00	793.00
421.14	820.25
421.27	877.75
421.40	914.00
421.53	849.00
421.66	828.75
421.79	837.50
421.93	845.25
422.06	832.00
422.19	807.25
422.32	888.00
422.45	902.00
422.58	851.50
422.71	818.25
422.85	889.25
422.98	888.75
423.11	792.75
423.24	771.00
423.37	802.50
423.50	816.25
423.63	829.00
423.77	805.00
423.90	812.00
424.03	868.75
424.16	861.25
424.29	831.50
424.42	778.75
424.55	812.00
424.69	800.00
424.82	830.75
424.95	854.50
425.08	812.50
425.21	842.25
425.34	814.25
425.47	835.00
425.60	860.25
425.74	780.50
425.87	817.50
426.00	836.50
426.13	857.75
426.26	796.25
426.39	803.50
426.52	831.25
426.66	917.00
426.79	862.75
426.92	800.75
427.05	923.50
427.18	899.00
427.31	828.00
427.44	821.00
427.57	811.75
427.71	850.25
427.84	787.50
427.97	824.75
428.10	901.50
428.23	853.25
428.36	818.25
428.49	744.75
428.62	977.00
428.76	940.25
428.89	845.00
429.02	792.00
429.15	836.50
429.28	942.00
429.41	814.25
429.54	822.25
429.67	811.75
429.81	869.50
429.94	839.00
430.07	818.50
430.20	883.75
430.33	911.75
430.46	809.75
430.59	803.25
430.72	839.25
430.85	790.75
430.99	821.50
431.12	789.75
431.25	907.00
431.38	914.25
431.51	834.50
431.64	833.25
431.77	924.00
431.90	913.00
432.03	833.75
432.17	806.25
432.30	850.50
432.43	860.75
432.56	828.00
432.69	850.75
432.82	850.00
432.95	904.00
433.08	829.50
433.21	838.75
433.35	832.00
433.48	838.00
433.61	796.75
433.74	816.25
433.87	819.25
434.00	875.00
434.13	807.25
434.26	855.00
434.39	872.75
434.53	876.50
434.66	825.00
434.79	826.25
434.92	818.75
435.05	914.25
435.18	814.00
435.31	854.25
435.44	909.25
435.57	851.00
435.70	828.50
435.84	802.75
435.97	913.50
436.10	939.50
436.23	811.00
436.36	802.50
436.49	825.75
436.62	864.25
436.75	827.75
436.88	854.50
437.01	813.50
437.14	801.50
437.28	782.50
437.41	817.00
437.54	904.00
437.67	869.25
437.80	816.75
437.93	785.50
438.06	976.50
438.19	902.50
438.32	790.25
438.45	812.25
438.58	872.75
438.72	925.25
438.85	869.50
438.98	819.75
439.11	855.25
439.24	919.75
439.37	890.25
439.50	864.25
439.63	896.25
439.76	828.75
439.89	811.00
440.02	826.50
440.15	863.50
440.29	912.00
440.42	838.25
440.55	837.50
440.68	927.75
440.81	977.25
440.94	848.25
441.07	836.00
441.20	940.75
441.33	862.75
441.46	828.00
441.59	809.25
441.72	844.00
441.85	858.25
441.99	875.00
442.12	866.25
442.25	943.25
442.38	880.25
442.51	850.50
442.64	794.50
442.77	852.50
442.90	826.25
443.03	794.75
443.16	821.75
443.29	845.25
443.42	918.50
443.55	821.25
443.68	840.50
443.82	791.25
443.95	820.75
444.08	821.50
444.21	820.75
444.34	813.25
444.47	845.50
444.60	832.25
444.73	845.25
444.86	845.75
444.99	915.00
445.12	866.00
445.25	849.00
445.38	859.75
445.51	882.75
445.64	848.75
445.78	812.00
445.91	786.25
446.04	957.25
446.17	883.75
446.30	785.50
446.43	867.50
446.56	837.75
446.69	801.00
446.82	806.50
446.95	887.75
447.08	891.75
447.21	839.75
447.34	811.75
447.47	895.75
447.60	883.25
447.73	835.25
447.86	867.00
447.99	845.00
448.13	856.25
448.26	874.75
448.39	833.00
448.52	877.50
448.65	897.75
448.78	833.25
448.91	831.25
449.04	886.25
449.17	829.25
449.30	860.00
449.43	841.00
449.56	842.25
449.69	910.50
449.82	833.75
449.95	789.25
450.08	903.50
450.21	871.00
450.34	834.75
450.47	837.25
450.60	875.50
450.73	852.75
450.87	822.50
451.00	851.00
451.13	881.25
451.26	1009.75
451.39	819.50
451.52	852.50
451.65	841.25
451.78	829.50
451.91	821.50
452.04	811.50
452.17	930.00
452.30	941.25
452.43	828.00
452.56	817.75
452.69	894.25
452.82	803.25
452.95	874.25
453.08	811.75
453.21	763.00
453.34	892.00
453.47	819.50
453.60	887.50
453.73	935.75
453.86	881.75
453.99	857.50
454.12	856.25
454.25	844.00
454.38	867.25
454.52	812.25
454.65	821.50
454.78	818.00
454.91	791.75
455.04	815.50
455.17	791.50
455.30	820.50
455.43	910.00
455.56	833.25
455.69	792.75
455.82	876.00
455.95	853.50
456.08	802.00
456.21	795.00
456.34	794.00
456.47	778.50
456.60	826.50
456.73	814.50
456.86	834.25
456.99	870.50
457.12	817.00
457.25	822.00
457.38	909.75
457.51	882.00
457.64	842.75
457.77	823.00
457.90	836.75
458.03	841.25
458.16	832.50
458.29	828.00
458.42	838.25
458.55	785.25
458.68	803.25
458.81	828.75
458.94	912.00
459.07	956.25
459.20	793.25
459.33	812.50
459.46	918.75
459.59	944.50
459.72	903.50
459.85	828.75
459.98	929.00
460.11	879.75
460.24	838.50
460.37	794.25
460.50	887.00
460.63	864.50
460.76	825.25
460.89	843.75
461.02	882.25
461.15	885.75
461.28	840.50
461.41	811.75
461.54	913.50
461.67	810.00
461.80	840.50
461.93	884.25
462.06	878.25
462.19	907.25
462.32	829.25
462.45	812.75
462.58	880.50
462.71	839.75
462.84	833.50
462.97	785.50
463.10	838.25
463.23	861.25
463.36	869.50
463.49	847.25
463.62	789.25
463.75	863.75
463.88	821.00
464.01	833.75
464.14	809.00
464.27	945.75
464.40	834.00
464.53	826.50
464.66	886.00
464.79	868.50
464.92	851.25
465.05	805.25
465.18	848.00
465.31	843.75
465.44	829.00
465.57	812.50
465.70	834.50
465.83	963.50
465.96	849.75
466.09	816.75
466.22	901.00
466.35	864.00
466.48	814.50
466.61	823.25
466.74	841.75
466.87	896.50
467.00	867.50
467.13	858.25
467.26	893.00
467.39	796.25
467.52	796.25
467.65	833.50
467.78	923.50
467.91	861.75
468.04	848.75
468.17	812.50
468.30	829.25
468.43	808.50
468.56	819.25
468.69	854.75
468.82	883.75
468.95	805.75
469.08	822.25
469.21	834.00
469.34	889.75
469.47	967.50
469.60	930.25
469.73	847.25
469.86	865.75
469.99	903.00
470.11	814.75
470.24	820.50
470.37	883.00
470.50	852.25
470.63	830.50
470.76	837.50
470.89	892.50
471.02	960.25
471.15	825.75
471.28	836.25
471.41	955.50
471.54	880.25
471.67	832.50
471.80	776.75
471.93	893.75
472.06	872.00
472.19	836.25
472.32	806.75
472.45	968.50
472.58	901.75
472.71	848.50
472.84	823.50
472.97	833.75
473.10	803.50
473.23	885.50
473.36	789.75
473.49	917.00
473.62	908.25
473.74	873.50
473.87	884.75
474.00	828.50
474.13	830.00
474.26	856.75
474.39	869.75
474.52	855.50
474.65	836.00
474.78	847.50
474.91	794.25
475.04	876.50
475.17	988.50
475.30	867.75
475.43	860.50
475.56	913.00
475.69	856.00
475.82	872.00
475.95	816.25
476.08	924.50
476.21	856.50
476.34	882.00
476.46	883.25
476.59	925.25
476.72	844.75
476.85	837.75
476.98	814.50
477.11	907.75
477.24	857.50
477.37	782.75
477.50	827.75
477.63	861.25
477.76	828.50
477.89	777.50
478.02	802.00
478.15	854.75
478.28	834.25
478.41	860.25
478.54	834.75
478.66	902.50
478.79	844.00
478.92	837.00
479.05	850.75
479.18	861.75
479.31	821.75
479.44	827.25
479.57	817.00
479.70	837.75
479.83	871.50
479.96	842.50
480.09	875.25
480.22	989.50
480.35	977.50
480.48	898.75
480.60	854.50
480.73	839.00
480.86	891.25
480.99	844.25
481.12	840.50
481.25	857.50
481.38	917.75
481.51	836.00
481.64	848.75
481.77	885.25
481.90	849.25
482.03	857.00
482.16	842.50
482.29	928.00
482.41	857.75
482.54	873.25
482.67	833.25
482.80	859.00
482.93	909.00
483.06	825.50
483.19	920.50
483.32	901.00
483.45	869.75
483.58	871.00
483.71	885.25
483.84	907.25
483.97	892.75
484.09	860.75
484.22	838.25
484.35	822.00
484.48	809.75
484.61	836.50
484.74	859.75
484.87	873.00
485.00	816.50
485.13	872.00
485.26	815.75
485.39	889.00
485.52	867.00
485.64	920.00
485.77	887.25
485.90	907.50
486.03	818.25
486.16	871.50
486.29	824.75
486.42	865.75
486.55	871.00
486.68	855.25
486.81	881.75
486.94	873.25
487.06	856.50
487.19	881.25
487.32	878.75
487.45	870.00
487.58	840.25
487.71	856.50
487.84	821.75
487.97	900.75
488.10	932.00
488.23	848.00
488.35	807.00
488.48	858.50
488.61	820.75
488.74	841.00
488.87	839.25
489.00	872.50
489.13	969.50
489.26	893.25
489.39	891.25
489.52	901.75
489.64	902.50
489.77	876.25
489.90	863.25
490.03	859.25
490.16	851.50
490.29	837.25
490.42	840.75
490.55	879.25
490.68	830.25
490.81	836.50
490.93	803.00
491.06	933.50
491.19	891.25
491.32	870.00
491.45	888.25
491.58	827.50
491.71	858.00
491.84	845.25
491.97	849.75
492.09	931.25
492.22	896.00
492.35	876.00
492.48	896.00
492.61	886.00
492.74	876.50
492.87	880.75
493.00	870.50
493.12	837.00
493.25	874.00
493.38	857.50
493.51	830.75
493.64	823.50
493.77	860.75
493.90	883.25
494.03	890.50
494.16	935.75
494.28	942.25
494.41	859.00
494.54	863.25
494.67	983.50
494.80	942.25
494.93	867.00
495.06	891.25
495.19	901.50
495.31	865.00
495.44	855.25
495.57	830.00
495.70	898.00
495.83	873.50
495.96	828.75
496.09	872.75
496.22	946.25
496.34	968.00
496.47	856.50
496.60	887.00
496.73	920.25
496.86	916.75
496.99	834.00
497.12	872.75
497.24	812.25
497.37	881.00
497.50	860.75
497.63	842.00
497.76	873.00
497.89	942.75
498.02	905.25
498.15	801.00
498.27	875.75
498.40	924.25
498.53	931.50
498.66	881.25
498.79	926.75
498.92	830.50
499.05	870.00
499.17	870.00
499.30	918.00
499.43	973.75
499.56	891.00
499.69	829.75
499.82	896.00
499.95	860.25
500.07	845.50
500.20	876.25
500.33	917.00
500.46	1018.25
500.59	876.00
500.72	889.75
500.85	935.50
500.97	924.00
501.10	915.75
501.23	844.75
501.36	894.50
501.49	954.00
501.62	897.75
501.75	882.75
501.87	927.75
502.00	830.00
502.13	893.50
502.26	884.25
502.39	846.50
502.52	864.75
502.64	823.50
502.77	857.75
502.90	918.25
503.03	871.25
503.16	853.00
503.29	845.50
503.42	940.75
503.54	886.00
503.67	872.00
503.80	885.00
503.93	931.75
504.06	840.25
504.19	869.00
504.31	932.25
504.44	898.50
504.57	908.50
504.70	885.50
504.83	835.50
504.96	905.00
505.08	880.50
505.21	885.50
505.34	984.00
505.47	936.75
505.60	921.50
505.73	931.00
505.85	923.00
505.98	1025.75
506.11	889.25
506.24	841.00
506.37	844.00
506.50	901.75
506.62	931.50
506.75	868.50
506.88	847.75
507.01	899.00
507.14	836.50
507.27	869.75
507.39	848.50
507.52	859.50
507.65	864.00
507.78	881.25
507.91	845.25
508.04	953.00
508.16	942.50
508.29	894.00
508.42	865.25
508.55	848.75
508.68	852.25
508.81	922.75
508.93	863.00
509.06	867.25
509.19	929.25
509.32	909.50
509.45	885.50
509.57	908.50
509.70	861.25
509.83	882.00
509.96	840.75
510.09	888.50
510.22	877.25
510.34	881.50
510.47	872.50
510.60	987.50
510.73	899.75
510.86	904.75
510.98	875.25
511.11	875.50
511.24	940.00
511.37	911.25
511.50	872.75
511.63	894.75
511.75	900.00
511.88	879.25
512.01	907.75
512.14	896.00
512.27	903.25
512.39	882.50
512.52	869.50
512.65	896.00
512.78	867.00
512.91	884.25
513.03	884.50
513.16	936.75
513.29	909.25
513.42	868.00
513.55	847.25
513.67	912.50
513.80	842.00
513.93	864.00
514.06	867.50
514.19	899.00
514.31	900.25
514.44	923.75
514.57	873.75
514.70	897.75
514.83	949.25
514.95	866.00
515.08	896.75
515.21	927.25
515.34	900.25
515.47	884.25
515.59	858.25
515.72	921.25
515.85	911.00
515.98	943.00
516.11	896.00
516.23	928.75
516.36	967.75
516.49	914.50
516.62	892.75
516.75	960.00
516.87	961.25
517.00	866.75
517.13	922.00
517.26	954.00
517.39	924.00
517.51	837.75
517.64	888.75
517.77	976.50
517.90	860.00
518.02	882.00
518.15	853.00
518.28	813.50
518.41	887.00
518.54	885.00
518.66	901.25
518.79	863.50
518.92	872.00
519.05	862.75
519.18	883.00
519.30	921.00
519.43	842.75
519.56	866.00
519.69	873.25
519.81	944.00
519.94	876.50
520.07	817.50
520.20	863.25
520.33	905.00
520.45	966.50
520.58	901.00
520.71	899.00
520.84	942.50
520.96	913.25
521.09	897.25
521.22	868.00
521.35	929.75
521.48	928.75
521.60	870.75
521.73	888.25
521.86	952.50
521.99	984.75
522.11	910.00
522.24	888.00
522.37	927.00
522.50	923.50
522.62	960.50
522.75	844.50
522.88	914.25
523.01	879.50
523.14	917.75
523.26	913.25
523.39	959.50
523.52	877.25
523.65	985.75
523.77	931.50
523.90	912.50
524.03	883.50
524.16	876.75
524.28	881.25
524.41	888.50
524.54	895.25
524.67	859.50
524.79	878.00
524.92	919.25
525.05	981.00
525.18	868.25
525.31	938.00
525.43	873.25
525.56	1008.75
525.69	878.50
525.82	829.75
525.94	948.25
526.07	949.25
526.20	925.75
526.33	941.75
526.45	1021.50
526.58	1002.50
526.71	914.00
526.84	890.75
526.96	904.00
527.09	863.75
527.22	879.75
527.35	880.75
527.47	849.50
527.60	972.75
527.73	865.25
527.86	919.50
527.98	929.25
528.11	932.50
528.24	872.75
528.37	883.50
528.49	847.00
528.62	915.50
528.75	935.50
528.88	877.50
529.00	941.00
529.13	957.50
529.26	896.50
529.39	927.25
529.51	1043.00
529.64	1012.00
529.77	877.00
529.90	883.00
530.02	887.50
530.15	872.25
530.28	824.75
530.40	864.00
530.53	896.00
530.66	936.25
530.79	878.50
530.91	885.50
531.04	875.75
531.17	895.25
531.30	893.00
531.42	885.50
531.55	912.75
531.68	973.25
531.81	877.50
531.93	894.00
532.06	913.50
532.19	874.00
532.31	889.50
532.44	892.50
532.57	933.00
532.70	885.00
532.82	914.75
532.95	919.75
533.08	976.00
533.21	937.00
533.33	872.50
533.46	881.50
533.59	891.50
533.71	1022.25
533.84	913.50
533.97	882.00
534.10	887.75
534.22	880.50
534.35	896.00
534.48	903.50
534.61	930.50
534.73	844.25
534.86	867.75
534.99	910.25
535.11	961.25
535.24	933.75
535.37	885.00
535.50	868.25
535.62	883.50
535.75	964.25
535.88	907.25
536.00	880.00
536.13	888.00
536.26	905.50
536.39	880.50
536.51	856.00
536.64	929.50
536.77	902.50
536.89	891.00
537.02	908.75
537.15	926.75
537.28	900.75
537.40	915.25
537.53	885.75
537.66	947.75
537.78	920.75
537.91	865.50
538.04	884.25
538.17	948.75
538.29	932.75
538.42	977.50
538.55	958.25
538.67	934.00
538.80	882.00
538.93	924.50
539.05	911.50
539.18	982.25
539.31	949.25
539.44	922.00
539.56	846.50
539.69	904.25
539.82	891.00
539.94	899.00
540.07	877.25
540.20	976.00
540.32	877.00
540.45	897.50
540.58	896.75
540.71	951.00
540.83	864.25
540.96	896.75
541.09	902.50
541.21	987.00
541.34	970.75
541.47	872.50
541.59	904.75
541.72	988.25
541.85	1061.50
541.98	947.75
542.10	897.50
542.23	932.00
542.36	1034.50
542.48	927.25
542.61	905.25
542.74	873.75
542.86	886.75
542.99	898.25
543.12	888.25
543.24	921.75
543.37	860.00
543.50	901.00
543.62	873.25
543.75	899.75
543.88	900.75
544.01	911.75
544.13	933.00
544.26	948.25
544.39	882.50
544.51	879.00
544.64	869.00
544.77	938.75
544.89	896.50
545.02	910.75
545.15	890.50
545.27	1008.50
545.40	964.75
545.53	933.75
545.65	933.75
545.78	843.00
545.91	866.00
546.03	889.75
546.16	899.50
546.29	892.75
546.41	868.75
546.54	891.50
546.67	876.75
546.79	956.50
546.92	998.25
547.05	864.75
547.17	912.50
547.30	881.75
547.43	944.75
547.56	868.25
547.68	892.25
547.81	866.00
547.94	944.25
548.06	901.75
548.19	870.75
548.32	975.00
548.44	928.75
548.57	926.00
548.70	945.00
548.82	957.75
548.95	943.00
549.08	910.00
549.20	892.00
549.33	1005.00
549.45	920.00
549.58	903.00
549.71	863.75
549.83	961.25
549.96	876.00
550.09	910.25
550.21	888.50
550.34	933.50
550.47	910.25
550.59	900.75
550.72	841.25
550.85	920.75
550.97	973.50
551.10	889.50
551.23	891.00
551.35	975.00
551.48	927.50
551.61	913.00
551.73	904.00
551.86	984.50
551.99	983.75
552.11	910.00
552.24	938.50
552.37	918.75
552.49	882.50
552.62	893.75
552.75	946.75
552.87	899.00
553.00	891.75
553.12	921.00
553.25	897.75
553.38	946.00
553.50	976.50
553.63	907.50
553.76	844.75
553.88	921.00
554.01	902.75
554.14	911.50
554.26	934.25
554.39	995.25
554.52	923.25
554.64	913.00
554.77	897.00
554.89	950.50
555.02	972.75
555.15	923.00
555.27	921.50
555.40	918.00
555.53	975.50
555.65	915.75
555.78	878.25
555.91	953.25
556.03	995.25
556.16	892.75
556.29	915.50
556.41	985.75
556.54	982.00
556.66	917.75
556.79	895.75
556.92	935.00
557.04	934.75
557.17	897.50
557.30	898.75
557.42	909.50
557.55	907.75
557.67	925.75
557.80	911.75
557.93	917.75
558.05	931.25
558.18	874.75
558.31	912.50
558.43	975.50
558.56	944.50
558.68	917.50
558.81	889.50
558.94	906.75
559.06	1047.25
559.19	908.75
559.32	900.00
559.44	885.00
559.57	922.50
559.69	887.75
559.82	894.25
559.95	905.00
560.07	905.75
560.20	840.00
560.33	913.00
560.45	936.00
560.58	875.75
560.70	925.50
560.83	874.75
560.96	903.75
561.08	906.50
561.21	939.75
561.33	897.50
561.46	869.50
561.59	956.50
561.71	904.50
561.84	927.00
561.97	889.00
562.09	948.75
562.22	892.25
562.34	886.00
562.47	964.50
562.60	943.00
562.72	919.25
562.85	913.00
562.97	919.25
563.10	919.25
563.23	885.75
563.35	896.50
563.48	938.00
563.60	920.50
563.73	944.25
563.86	865.50
563.98	892.50
564.11	923.75
564.23	914.50
564.36	979.00
564.49	928.25
564.61	992.00
564.74	929.50
564.86	893.00
564.99	972.75
565.12	959.25
565.24	980.50
565.37	962.75
565.49	973.75
565.62	999.50
565.75	963.25
565.87	881.25
566.00	1063.25
566.12	992.25
566.25	937.75
566.38	962.00
566.50	929.75
566.63	974.00
566.75	916.50
566.88	898.25
567.01	888.25
567.13	927.00
567.26	916.50
567.38	905.00
567.51	974.25
567.64	901.50
567.76	935.00
567.89	937.00
568.01	893.25
568.14	880.75
568.26	918.50
568.39	924.25
568.52	930.25
568.64	970.75
568.77	907.25
568.89	908.00
569.02	906.25
569.15	918.25
569.27	921.25
569.40	946.00
569.52	964.25
569.65	929.50
569.77	910.00
569.90	872.00
570.03	866.25
570.15	994.75
570.28	919.75
570.40	911.25
570.53	918.00
570.66	988.75
570.78	969.75
570.91	936.50
571.03	889.50
571.16	927.75
571.28	888.75
571.41	865.00
571.54	865.25
571.66	867.75
571.79	897.75
571.91	894.00
572.04	884.25
572.16	933.75
572.29	963.75
572.42	901.50
572.54	947.75
572.67	893.75
572.79	935.25
572.92	912.75
573.04	954.25
573.17	962.00
573.29	935.25
573.42	920.00
573.55	967.25
573.67	948.75
573.80	912.25
573.92	889.25
574.05	932.25
574.17	979.25
574.30	919.75
574.43	910.00
574.55	904.50
574.68	938.75
574.80	908.25
574.93	916.25
575.05	888.50
575.18	913.25
575.30	919.25
575.43	955.75
575.56	991.50
575.68	945.75
575.81	918.75
575.93	889.00
576.06	951.25
576.18	975.00
576.31	920.00
576.43	906.50
576.56	1029.75
576.69	986.00
576.81	946.00
576.94	906.25
577.06	934.00
577.19	970.25
577.31	929.50
577.44	954.25
577.56	976.25
577.69	950.75
577.82	946.50
577.94	900.50
578.07	878.25
578.19	962.50
578.32	958.25
578.44	904.75
578.57	920.50
578.69	987.25
578.82	945.00
578.94	968.00
579.07	982.25
579.19	977.25
579.32	956.75
579.45	949.50
579.57	933.00
579.70	897.50
579.82	939.50
579.95	919.00
580.07	1004.50
580.20	923.25
580.32	931.75
580.45	971.25
580.57	976.00
580.70	945.50
580.82	941.25
580.95	958.50
581.08	895.75
581.20	978.00
581.33	926.25
581.45	939.00
581.58	942.25
581.70	953.00
581.83	848.00
581.95	949.00
582.08	958.50
582.20	925.25
582.33	931.75
582.45	907.25
582.58	921.00
582.70	957.00
582.83	896.50
582.95	934.00
583.08	977.50
583.21	987.75
583.33	942.00
583.46	909.00
583.58	890.50
583.71	972.25
583.83	941.50
583.96	950.50
584.08	977.00
584.21	965.50
584.33	954.25
584.46	921.75
584.58	890.25
584.71	973.75
584.83	968.75
584.96	937.75
585.08	918.25
585.21	1044.50
585.33	1000.25
585.46	959.50
585.58	986.75
585.71	924.50
585.83	939.25
585.96	970.00
586.08	976.25
586.21	956.50
586.33	969.75
586.46	889.25
586.59	977.00
586.71	909.00
586.84	951.00
586.96	938.75
587.09	881.00
587.21	924.00
587.34	972.00
587.46	907.50
587.59	892.00
587.71	933.00
587.84	919.00
587.96	878.25
588.09	907.00
588.21	958.50
588.34	922.50
588.46	941.75
588.59	912.75
588.71	960.00
588.84	950.50
588.96	934.75
589.09	1042.25
589.21	943.75
589.34	905.00
589.46	933.25
589.59	961.00
589.71	1004.00
589.84	891.25
589.96	914.25
590.09	935.25
590.21	974.75
590.34	946.75
590.46	947.00
590.59	908.25
590.71	930.25
590.84	985.75
590.96	910.50
591.09	956.00
591.21	945.75
591.34	915.75
591.46	916.50
591.59	992.25
591.71	973.00
591.83	940.75
591.96	882.25
592.08	923.25
592.21	967.50
592.33	935.00
592.46	922.00
592.58	950.75
592.71	991.25
592.83	1033.75
592.96	967.50
593.08	1003.25
593.21	911.00
593.33	899.50
593.46	926.25
593.58	925.50
593.71	985.00
593.83	995.50
593.96	902.50
594.08	1069.75
594.21	955.00
594.33	924.75
594.46	910.50
594.58	893.50
594.71	867.25
594.83	941.50
594.96	927.00
595.08	1111.50
595.20	980.25
595.33	953.00
595.45	915.50
595.58	1028.50
595.70	955.25
595.83	923.75
595.95	943.50
596.08	960.00
596.20	906.25
596.33	898.75
596.45	931.50
596.58	913.25
596.70	899.00
596.83	921.25
596.95	913.25
597.08	948.50
597.20	896.75
597.32	917.25
597.45	950.25
597.57	937.50
597.70	975.75
597.82	933.00
597.95	942.75
598.07	940.75
598.20	961.00
598.32	935.50
598.45	931.00
598.57	989.75
598.70	1001.00
598.82	937.50
598.94	929.00
599.07	994.00
599.19	947.75
599.32	921.25
599.44	849.75
599.57	991.25
599.69	968.00
599.82	931.50
599.94	906.25
600.07	995.50
600.19	968.00
600.31	908.00
600.44	976.75
600.56	1059.75
600.69	1039.00
600.81	922.75
600.94	938.00
601.06	962.25
601.19	981.50
601.31	988.25
601.44	894.50
601.56	1003.50
601.68	981.25
601.81	954.00
601.93	946.00
602.06	970.25
602.18	901.00
602.31	933.50
602.43	1006.75
602.56	985.00
602.68	951.25
602.80	945.50
602.93	944.75
603.05	913.00
603.18	956.25
603.30	910.00
603.43	914.00
603.55	951.00
603.68	962.75
603.80	953.00
603.92	944.25
604.05	930.25
604.17	925.25
604.30	910.50
604.42	933.25
604.55	936.50
604.67	982.25
604.79	923.50
604.92	934.00
605.04	925.25
605.17	937.75
605.29	922.25
605.42	923.75
605.54	1016.25
605.66	967.75
605.79	956.25
605.91	942.00
606.04	954.25
606.16	926.25
606.29	950.25
606.41	923.75
606.53	941.50
606.66	890.50
606.78	933.00
606.91	930.50
607.03	927.25
607.16	922.75
607.28	909.50
607.40	952.25
607.53	975.75
607.65	914.00
607.78	922.75
607.90	945.75
608.03	1062.25
608.15	972.50
608.27	960.00
608.40	893.50
608.52	972.75
608.65	956.25
608.77	978.00
608.89	944.25
609.02	1028.50
609.14	1043.75
609.27	972.75
609.39	984.25
609.52	933.00
609.64	886.50
609.76	918.00
609.89	927.00
610.01	1008.25
610.14	989.00
610.26	955.00
610.38	919.75
610.51	999.00
610.63	941.00
610.76	909.75
610.88	971.50
611.01	1011.50
611.13	1058.75
611.25	987.00
611.38	921.00
611.50	941.00
611.63	971.00
611.75	955.00
611.87	964.25
612.00	934.75
612.12	1005.50
612.25	943.75
612.37	922.00
612.49	1019.00
612.62	1001.00
612.74	1015.25
612.87	954.50
612.99	950.75
613.11	901.25
613.24	937.50
613.36	941.75
613.49	964.75
613.61	953.00
613.73	938.00
613.86	995.25
613.98	918.00
614.11	989.75
614.23	982.00
614.35	996.25
614.48	999.75
614.60	970.25
614.72	946.25
614.85	973.75
614.97	968.75
615.10	961.50
615.22	943.50
615.34	974.50
615.47	1009.25
615.59	930.25
615.72	954.00
615.84	963.75
615.96	933.00
616.09	1047.75
616.21	949.00
616.34	934.25
616.46	944.50
616.58	991.50
616.71	973.25
616.83	982.50
616.95	985.00
617.08	990.75
617.20	954.50
617.33	912.75
617.45	949.75
617.57	977.00
617.70	970.00
617.82	929.25
617.95	963.50
618.07	1033.50
618.19	968.25
618.32	968.00
618.44	931.50
618.56	917.75
618.69	891.00
618.81	901.75
618.94	995.00
619.06	945.25
619.18	940.25
619.31	907.50
619.43	917.25
619.55	973.50
619.68	967.00
619.80	912.50
619.92	973.00
620.05	1096.25
620.17	1012.50
620.30	955.50
620.42	977.50
620.54	1002.50
620.67	933.50
620.79	961.25
620.91	971.25
621.04	1017.50
621.16	946.25
621.29	927.50
621.41	902.00
621.53	931.50
621.66	939.25
621.78	924.00
621.90	1003.00
622.03	1062.25
622.15	951.00
622.27	947.25
622.40	967.50
622.52	934.25
622.64	934.25
622.77	911.75
622.89	981.25
623.02	1005.50
623.14	971.00
623.26	980.00
623.39	992.50
623.51	1017.75
623.63	947.00
623.76	925.25
623.88	1032.75
624.00	973.25
624.13	921.25
624.25	918.75
624.37	918.75
624.50	1000.25
624.62	976.75
624.75	910.75
624.87	923.50
624.99	987.00
625.12	923.00
625.24	941.50
625.36	1043.75
625.49	995.50
625.61	969.25
625.73	970.00
625.86	1009.50
625.98	976.75
626.10	929.00
626.23	907.75
626.35	977.25
626.47	945.25
626.60	917.00
626.72	932.75
626.84	947.00
626.97	980.00
627.09	955.75
627.21	953.00
627.34	1089.25
627.46	1059.00
627.58	967.50
627.71	974.50
627.83	992.25
627.95	916.00
628.08	948.75
628.20	994.50
628.32	906.25
628.45	881.50
628.57	888.25
628.69	921.50
628.82	987.25
628.94	1025.00
629.06	955.00
629.19	924.75
629.31	992.00
629.43	920.75
629.56	969.00
629.68	962.00
629.80	1007.00
629.93	922.00
630.05	929.25
630.17	923.50
630.30	951.75
630.42	936.25
630.54	983.00
630.67	955.50
630.79	929.75
630.91	1074.25
631.04	980.00
631.16	974.75
631.28	972.75
631.41	948.75
631.53	926.50
631.65	955.25
631.78	977.25
631.90	960.75
632.02	951.00
632.14	882.75
632.27	1031.00
632.39	973.00
632.51	926.00
632.64	1000.50
632.76	959.00
632.88	944.25
633.01	966.50
633.13	946.75
633.25	965.75
633.38	1076.75
633.50	904.75
633.62	903.75
633.75	897.25
633.87	879.75
633.99	973.00
634.11	913.00
634.24	944.75
634.36	954.25
634.48	951.75
634.61	935.50
634.73	991.50
634.85	948.25
634.98	929.25
635.10	944.75
635.22	954.50
635.35	1078.50
635.47	973.00
635.59	956.75
635.71	988.50
635.84	1002.50
635.96	944.00
636.08	982.50
636.21	931.75
636.33	978.50
636.45	960.00
636.58	932.50
636.70	906.25
636.82	990.25
636.94	940.25
637.07	896.25
637.19	1002.00
637.31	996.50
637.44	989.75
637.56	917.00
637.68	977.25
637.81	980.25
637.93	956.25
638.05	917.75
638.17	1016.00
638.30	1075.25
638.42	960.25
638.54	928.00
638.67	956.25
638.79	963.25
638.91	935.25
639.03	944.25
639.16	938.75
639.28	963.25
639.40	959.75
639.53	931.75
639.65	997.25
639.77	956.75
639.89	956.50
640.02	961.50
640.14	973.25
640.26	925.00
640.39	992.75
640.51	929.25
640.63	977.75
640.75	1010.00
640.88	958.25
641.00	936.00
641.12	932.50
641.24	1047.25
641.37	954.50
641.49	925.25
641.61	1070.00
641.74	942.00
641.86	978.75
641.98	913.50
642.10	979.75
642.23	985.25
642.35	931.75
642.47	963.50
642.60	973.00
642.72	989.75
642.84	902.00
642.96	916.25
643.09	919.50
643.21	923.25
643.33	922.75
643.45	931.50
643.58	1007.50
643.70	1051.25
643.82	949.25
643.94	946.50
644.07	969.50
644.19	975.50
644.31	965.00
644.44	964.50
644.56	954.50
644.68	918.50
644.80	921.25
644.93	915.25
645.05	923.75
645.17	973.50
645.29	968.25
645.42	961.75
645.54	975.00
645.66	997.25
645.78	953.75
645.91	935.50
646.03	984.50
646.15	1041.25
646.27	946.75
646.40	965.75
646.52	991.25
646.64	1014.50
646.76	956.50
646.89	897.25
647.01	996.50
647.13	990.00
647.25	990.50
647.38	953.25
647.50	932.50
647.62	1001.00
647.74	906.50
647.87	917.00
647.99	969.50
648.11	993.25
648.23	950.00
648.36	907.25
648.48	1029.25
648.60	979.25
648.72	934.50
648.85	923.75
648.97	1015.50
649.09	986.75
649.21	943.50
649.34	972.75
649.46	994.25
649.58	982.75
649.70	988.50
649.83	943.50
649.95	988.75
650.07	996.25
650.19	1002.25
650.32	970.50
650.44	1014.00
650.56	995.00
650.68	945.50
650.81	940.25
650.93	952.75
651.05	1038.25
651.17	936.75
651.29	985.00
651.42	959.75
651.54	992.50
651.66	932.50
651.78	930.25
651.91	999.75
652.03	1095.75
652.15	991.25
652.27	937.00
652.40	981.75
652.52	966.25
652.64	970.25
652.76	942.75
652.88	1079.75
653.01	971.75
653.13	917.00
653.25	886.25
653.37	1004.00
653.50	1015.00
653.62	995.00
653.74	914.50
653.86	1013.75
653.98	1002.75
654.11	927.50
654.23	951.25
654.35	952.00
654.47	1088.50
654.60	955.25
654.72	950.25
654.84	940.75
654.96	1023.00
655.08	942.75
655.21	983.50
655.33	974.75
655.45	1025.25
655.57	969.50
655.70	966.75
655.82	1016.50
655.94	1057.75
656.06	989.50
656.18	922.75
656.31	1039.00
656.43	1005.75
656.55	940.25
656.67	957.50
656.79	971.00
656.92	1027.75
657.04	986.00
657.16	957.25
657.28	1090.25
657.40	997.75
657.53	994.25
657.65	959.00
657.77	1031.50
657.89	1025.50
658.01	957.50
658.14	934.00
658.26	996.75
658.38	966.25
658.50	928.75
658.62	927.25
658.75	1107.00
658.87	1020.25
658.99	998.00
659.11	940.00
659.23	1031.25
659.36	1091.50
659.48	1014.75
659.60	989.75
659.72	993.50
659.84	981.00
659.97	998.75
660.09	998.75
660.21	1089.25
660.33	1034.50
660.45	933.25
660.58	899.75
660.70	945.75
660.82	971.25
660.94	926.00
661.06	970.75
661.19	1041.75
661.31	1016.00
661.43	968.50
661.55	963.25
661.67	1023.50
661.80	1052.00
661.92	981.75
662.04	973.25
662.16	978.75
662.28	1042.75
662.40	974.75
662.53	977.50
662.65	1008.00
662.77	962.25
662.89	971.00
663.01	954.00
663.14	979.50
663.26	1012.00
663.38	968.50
663.50	933.50
663.62	958.75
663.74	986.50
663.87	953.00
663.99	980.50
664.11	1023.75
664.23	1115.00
664.35	972.00
664.48	963.00
664.60	990.25
664.72	973.75
664.84	933.00
664.96	971.75
665.08	1046.50
665.21	1008.25
665.33	1005.50
665.45	929.00
665.57	990.00
665.69	1071.50
665.81	978.00
665.94	945.75
666.06	950.50
666.18	1006.50
666.30	957.00
666.42	951.50
666.54	993.00
666.67	1006.25
666.79	942.50
666.91	1013.50
667.03	978.00
667.15	939.50
667.27	969.25
667.40	936.25
667.52	978.50
667.64	1033.25
667.76	967.50
667.88	937.25
668.00	1022.25
668.13	1038.75
668.25	945.00
668.37	943.75
668.49	974.50
668.61	1040.75
668.73	980.75
668.85	984.50
668.98	999.75
669.10	990.75
669.22	961.25
669.34	967.75
669.46	1019.00
669.58	967.00
669.71	982.00
669.83	968.00
669.95	966.25
670.07	984.50
670.19	957.50
670.31	966.25
670.43	962.75
670.56	1007.75
670.68	1028.75
670.80	1002.75
670.92	999.50
671.04	1048.25
671.16	961.25
671.28	962.50
671.41	971.25
671.53	1026.75
671.65	966.25
671.77	966.50
671.89	1138.00
672.01	1090.50
672.13	1022.00
672.26	950.25
672.38	999.75
672.50	962.75
672.62	981.00
672.74	1000.25
672.86	977.50
672.98	1006.50
673.11	986.75
673.23	991.50
673.35	1052.50
673.47	990.50
673.59	986.25
673.71	948.00
673.83	1010.75
673.96	1105.75
674.08	988.25
674.20	940.50
674.32	984.50
674.44	994.75
674.56	1005.75
674.68	1007.25
674.80	1032.50
674.93	1000.50
675.05	982.50
675.17	991.25
675.29	1034.50
675.41	1044.75
675.53	987.50
675.65	972.00
675.77	989.25
675.90	1051.00
676.02	960.50
676.14	946.75
676.26	1074.00
676.38	1108.00
676.50	994.25
676.62	1008.50
676.74	952.75
676.87	979.50
676.99	991.50
677.11	1032.00
677.23	1002.50
677.35	1024.25
677.47	944.00
677.59	964.50
677.71	1015.00
677.83	1031.25
677.96	989.50
678.08	989.25
678.20	999.00
678.32	961.50
678.44	983.75
678.56	981.00
678.68	1140.00
678.80	1035.00
678.93	981.00
679.05	988.25
679.17	987.75
679.29	1052.50
679.41	990.00
679.53	961.50
679.65	972.75
679.77	1006.25
679.89	978.50
680.01	1018.50
680.14	1027.25
680.26	939.25
680.38	979.25
680.50	1010.75
680.62	1082.75
680.74	1018.50
680.86	977.50
680.98	993.00
681.10	1029.25
681.22	1097.00
681.35	974.25
681.47	978.25
681.59	970.25
681.71	1079.00
681.83	987.75
681.95	957.00
682.07	1064.75
682.19	1022.00
682.31	974.00
682.43	949.75
682.56	1021.00
682.68	951.00
682.80	960.25
682.92	1011.00
683.04	994.75
683.16	983.25
683.28	961.75
683.40	1024.50
683.52	1006.25
683.64	1025.75
683.76	967.00
683.89	974.25
684.01	1001.50
684.13	1069.75
684.25	993.00
684.37	986.00
684.49	1036.75
684.61	989.50
684.73	993.25
684.85	984.75
684.97	960.25
685.09	1066.00
685.21	961.25
685.34	999.50
685.46	1142.50
685.58	1029.50
685.70	1006.25
685.82	1044.25
685.94	973.25
686.06	963.50
686.18	957.00
686.30	980.50
686.42	954.75
686.54	1032.75
686.66	959.00
686.79	1066.25
686.91	1029.00
687.03	1122.25
687.15	1027.75
687.27	998.00
687.39	989.25
687.51	1078.25
687.63	1020.75
687.75	1042.50
687.87	1031.00
687.99	1090.75
688.11	970.00
688.23	1019.75
688.35	1054.75
688.48	1032.25
688.60	967.50
688.72	990.75
688.84	1024.25
688.96	1036.75
689.08	1010.75
689.20	990.50
689.32	1128.50
689.44	1026.75
689.56	953.25
689.68	983.00
689.80	1006.75
689.92	969.50
690.04	980.75
690.16	1043.50
690.28	1039.50
690.41	1025.25
690.53	977.75
690.65	1036.00
690.77	1070.00
690.89	1065.75
691.01	1006.25
691.13	980.50
691.25	965.25
691.37	1003.50
691.49	961.75
691.61	949.25
691.73	1088.50
691.85	1019.00
691.97	988.75
692.09	976.25
692.21	1046.25
692.33	1082.50
692.45	1008.25
692.57	980.25
692.70	1012.50
692.82	1035.00
692.94	950.00
693.06	983.00
693.18	1018.75
693.30	996.50
693.42	982.25
693.54	1010.75
693.66	1019.50
693.78	1035.50
693.90	983.00
694.02	1000.25
694.14	1026.50
694.26	989.00
694.38	1009.00
694.50	1018.75
694.62	1031.25
694.74	969.25
694.86	970.50
694.98	1014.25
695.10	1030.75
695.22	1069.25
695.34	981.50
695.46	986.50
695.58	989.50
695.71	1028.25
695.83	987.50
695.95	993.25
696.07	1070.75
696.19	975.25
696.31	980.25
696.43	963.50
696.55	1084.25
696.67	1024.00
696.79	991.75
696.91	1005.75
697.03	994.00
697.15	1096.75
697.27	1014.50
697.39	984.50
697.51	1055.00
697.63	975.75
697.75	980.75
697.87	1009.00
697.99	951.25
698.11	926.50
698.23	963.75
698.35	979.50
698.47	1001.25
698.59	1034.75
698.71	999.25
698.83	1043.50
698.95	974.50
699.07	1018.75
699.19	985.25
699.31	1009.50
699.43	985.25
699.55	1041.50
699.67	987.75
699.79	998.75
699.91	995.00
700.03	1016.25
700.15	1015.50
700.27	964.50
700.39	1008.75
700.51	964.25
700.63	997.00
700.75	989.75
700.87	1026.25
700.99	1003.00
701.11	1034.50
701.24	1003.25
701.36	1052.00
701.48	1065.25
701.60	1038.00
701.72	979.50
701.84	1093.00
701.96	1026.00
702.08	1006.50
702.20	1094.25
702.32	1046.00
702.44	1050.75
702.56	1006.50
702.68	999.75
702.80	1011.75
702.92	1121.50
703.04	1076.75
703.16	1010.50
703.28	1024.00
703.40	1004.50
703.52	1015.50
703.64	1034.00
703.76	1035.50
703.88	1006.25
704.00	994.50
704.12	999.50
704.24	1066.50
704.36	1028.50
704.48	1013.50
704.60	970.00
704.72	1015.25
704.84	1010.00
704.96	1043.25
705.07	1013.25
705.19	983.50
705.31	1006.00
705.43	1045.00
705.55	991.50
705.67	1033.00
705.79	1022.25
705.91	953.50
706.03	1013.25
706.15	1026.50
706.27	1002.75
706.39	1002.25
706.51	984.50
706.63	996.25
706.75	1048.25
706.87	1028.75
706.99	1080.25
707.11	1022.50
707.23	1009.25
707.35	1027.25
707.47	1013.50
707.59	1051.00
707.71	1071.50
707.83	1008.50
707.95	1043.75
708.07	1009.00
708.19	1149.25
708.31	1028.75
708.43	980.00
708.55	1038.00
708.67	1076.75
708.79	1033.25
708.91	1046.00
709.03	1030.00
709.15	1077.75
709.27	991.50
709.39	1033.75
709.51	1017.25
709.63	1041.00
709.75	1047.00
709.87	983.25
709.99	1063.00
710.11	1001.00
710.23	1004.75
710.35	976.50
710.47	1132.75
710.58	1084.50
710.70	1076.75
710.82	1073.25
710.94	1032.00
711.06	1020.50
711.18	1029.00
711.30	1000.50
711.42	1073.00
711.54	1023.00
711.66	1046.75
711.78	983.00
711.90	1056.75
712.02	1098.25
712.14	991.50
712.26	978.25
712.38	1071.00
712.50	1095.00
712.62	1006.50
712.74	1000.25
712.86	1000.75
712.98	1069.75
713.10	1011.75
713.22	986.25
713.34	1030.75
713.45	1009.25
713.57	1031.50
713.69	986.50
713.81	1012.00
713.93	1041.75
714.05	1021.25
714.17	995.00
714.29	1103.00
714.41	1083.00
714.53	1012.75
714.65	1045.50
714.77	1025.25
714.89	984.50
715.01	1069.50
715.13	1002.75
715.25	1037.50
715.37	987.00
715.49	972.75
715.61	1041.25
715.72	1047.50
715.84	1086.50
715.96	1017.50
716.08	1011.50
716.20	1095.75
716.32	1088.00
716.44	1029.25
716.56	1029.00
716.68	1040.75
716.80	1135.00
716.92	1077.00
717.04	1049.75
717.16	1054.50
717.28	1021.25
717.40	1005.00
717.52	1020.50
717.63	1009.25
717.75	1044.75
717.87	1036.50
717.99	1046.00
718.11	1017.00
718.23	1089.00
718.35	1038.75
718.47	1024.00
718.59	973.50
718.71	1028.25
718.83	1001.00
718.95	1044.75
719.07	990.75
719.19	1033.25
719.30	1015.00
719.42	1042.00
719.54	1025.75
719.66	1041.75
719.78	1031.75
719.90	974.75
720.02	1030.75
720.14	1042.75
720.26	1063.00
720.38	1045.00
720.50	1006.50
720.62	955.25
720.74	1029.50
720.85	1034.25
720.97	1095.50
721.09	1134.50
721.21	1025.00
721.33	1094.50
721.45	1044.50
721.57	1048.25
721.69	1006.75
721.81	980.75
721.93	1098.75
722.05	1060.25
722.16	999.50
722.28	965.00
722.40	1012.00
722.52	1089.75
722.64	1091.00
722.76	995.75
722.88	1054.75
723.00	1065.00
723.12	1010.75
723.24	1045.75
723.36	976.50
723.47	1078.75
723.59	1043.75
723.71	1015.25
723.83	1050.25
723.95	1020.00
724.07	1029.25
724.19	1048.75
724.31	1114.75
724.43	1008.00
724.55	962.25
724.66	997.50
724.78	1192.50
724.90	996.75
725.02	990.75
725.14	1001.25
725.26	1024.75
725.38	969.00
725.50	1024.50
725.62	1038.75
725.74	1040.50
725.85	1032.00
725.97	1037.00
726.09	1088.75
726.21	1366.50
726.33	1083.25
726.45	1024.50
726.57	1009.00
726.69	1052.00
726.81	1047.00
726.92	1020.00
727.04	1036.50
727.16	1060.75
727.28	1030.00
727.40	1022.75
727.52	1040.75
727.64	1167.50
727.76	1128.75
727.88	1059.00
727.99	993.75
728.11	1002.50
728.23	1023.75
728.35	1008.00
728.47	1004.25
728.59	1024.00
728.71	1060.00
728.83	1039.25
728.94	1057.75
729.06	1126.50
729.18	1107.25
729.30	1057.75
729.42	1047.25
729.54	1123.75
729.66	1146.00
729.78	1043.50
729.90	1035.50
730.01	1016.00
730.13	956.75
730.25	1019.00
730.37	1019.75
730.49	1063.25
730.61	1047.50
730.73	1043.00
730.84	1073.75
730.96	1069.25
731.08	1059.00
731.20	1051.25
731.32	1042.50
731.44	1215.75
731.56	1042.00
731.68	998.00
731.79	1053.75
731.91	1027.50
732.03	1028.00
732.15	1035.50
732.27	1006.50
732.39	1029.50
732.51	1085.75
732.62	1011.25
732.74	1033.50
732.86	1104.75
732.98	1064.25
733.10	1029.50
733.22	1043.75
733.34	1078.50
733.45	985.75
733.57	1030.75
733.69	996.25
733.81	1026.50
733.93	1053.75
734.05	962.50
734.17	1022.00
734.28	1054.25
734.40	1044.50
734.52	1025.25
734.64	1027.25
734.76	1124.75
734.88	1059.75
735.00	1016.00
735.11	1041.00
735.23	1105.75
735.35	1036.50
735.47	990.25
735.59	1070.75
735.71	1029.25
735.83	1054.25
735.94	1064.75
736.06	1051.50
736.18	1095.50
736.30	1097.50
736.42	1055.00
736.54	1055.25
736.65	1079.75
736.77	1194.75
736.89	1094.25
737.01	1056.25
737.13	1166.00
737.25	976.50
737.36	992.75
737.48	1041.75
737.60	1052.75
737.72	1032.00
737.84	1033.75
737.96	1080.50
738.08	1041.00
738.19	1138.50
738.31	1022.75
738.43	1046.00
738.55	1055.00
738.67	1047.75
738.79	1004.50
738.90	1036.50
739.02	1064.25
739.14	1039.75
739.26	1047.50
739.38	1044.50
739.50	1082.75
739.61	1046.75
739.73	1043.00
739.85	1038.25
739.97	1069.75
740.09	1108.75
740.20	993.25
740.32	1050.00
740.44	1069.50
740.56	1010.25
740.68	1028.00
740.80	1048.75
740.91	1046.00
741.03	1092.25
741.15	1072.50
741.27	1034.50
741.39	1098.00
741.51	1058.75
741.62	1074.25
741.74	1045.00
741.86	1056.00
741.98	1019.50
742.10	1051.00
742.21	1051.75
742.33	1058.75
742.45	1016.25
742.57	1092.25
742.69	1026.00
742.80	1084.25
742.92	1044.75
743.04	1038.00
743.16	1030.25
743.28	1109.50
743.40	1014.50
743.51	1011.50
743.63	1006.50
743.75	1054.75
743.87	1044.25
743.99	1066.00
744.10	1041.75
744.22	1053.25
744.34	1023.25
744.46	1072.75
744.58	1056.25
744.69	980.25
744.81	1049.75
744.93	1000.75
745.05	1002.50
745.17	1132.00
745.28	1139.25
745.40	1072.75
745.52	1038.25
745.64	1062.50
745.76	1099.00
745.87	1034.00
745.99	1018.50
746.11	1063.50
746.23	1013.00
746.35	1041.00
746.46	1025.50
746.58	1160.00
746.70	1066.00
746.82	1060.00
746.94	1046.00
747.05	1020.25
747.17	991.50
747.29	991.50
747.41	1032.50
747.53	1186.25
747.64	1038.25
747.76	1100.75
747.88	1094.25
748.00	1102.75
748.12	1057.50
748.23	1040.00
748.35	1056.25
748.47	1080.75
748.59	1100.50
748.70	1026.00
748.82	1005.00
748.94	1022.00
749.06	1039.75
749.18	1033.25
749.29	1007.50
749.41	1062.50
749.53	1059.50
749.65	1032.00
749.76	1071.00
749.88	1043.75
750.00	1075.75
750.12	1092.50
750.24	1066.25
750.35	1055.00
750.47	1015.25
750.59	1062.50
750.71	1047.00
750.82	1082.00
750.94	1019.00
751.06	1030.25
751.18	1017.00
751.30	1086.00
751.41	1084.50
751.53	1071.25
751.65	1019.75
751.77	1032.00
751.88	1057.00
752.00	1082.75
752.12	1005.00
752.24	1110.25
752.35	1080.00
752.47	1075.00
752.59	1082.50
752.71	1120.50
752.83	1037.75
752.94	1113.50
753.06	1016.00
753.18	1050.25
753.30	1024.50
753.41	970.50
753.53	1022.75
753.65	1031.00
753.77	1096.50
753.88	1024.00
754.00	1056.50
754.12	1064.25
754.24	1124.75
754.35	1032.75
754.47	990.50
754.59	1085.00
754.71	1074.75
754.82	1051.75
754.94	1029.25
755.06	1108.25
755.18	1066.00
755.29	1069.50
755.41	1021.75
755.53	1077.50
755.65	1023.00
755.76	1055.00
755.88	1047.75
756.00	1117.00
756.12	1028.75
756.23	939.50
756.35	1012.75
756.47	1085.00
756.59	1018.00
756.70	1013.75
756.82	1009.25
756.94	1016.25
757.06	1062.00
757.17	1051.25
757.29	1030.75
757.41	992.50
757.53	1073.75
757.64	1040.00
757.76	1029.75
757.88	1060.25
758.00	1072.75
758.11	1022.50
758.23	998.75
758.35	1058.00
758.47	1001.25
758.58	1045.25
758.70	999.25
758.82	1025.25
758.94	1001.75
759.05	1049.50
759.17	993.75
759.29	1038.25
759.40	1119.25
759.52	1032.50
759.64	1024.25
759.76	1057.50
759.87	1071.50
759.99	1057.75
760.11	1020.75
760.23	1049.25
760.34	1088.25
760.46	1056.50
760.58	1014.50
760.70	1044.50
760.81	1091.00
760.93	1052.25
761.05	1063.50
761.16	1054.25
761.28	1026.75
761.40	1013.25
761.52	999.75
761.63	1094.00
761.75	1054.75
761.87	1015.75
761.98	992.25
762.10	1081.00
762.22	1044.00
762.34	1081.50
762.45	1022.00
762.57	1078.00
762.69	1179.50
762.81	1032.75
762.92	1052.25
763.04	997.75
763.16	1056.75
763.27	1083.25
763.39	1015.75
763.51	1075.25
763.63	1065.00
763.74	1010.25
763.86	976.25
763.98	1010.00
764.09	1025.75
764.21	1037.75
764.33	987.50
764.44	1002.50
764.56	1048.75
764.68	1006.00
764.80	1034.50
764.91	975.75
765.03	1104.50
765.15	1015.50
765.26	1031.50
765.38	1005.50
765.50	1073.75
765.62	1028.75
765.73	1032.00
765.85	1050.75
765.97	986.00
766.08	1025.00
766.20	1047.75
766.32	1043.50
766.43	1082.00
766.55	1054.50
766.67	1024.25
766.79	1035.50
766.90	1003.00
767.02	961.25
767.14	987.25
767.25	991.25
767.37	1127.25
767.49	1054.00
767.60	1028.00
767.72	1085.25
767.84	1054.25
767.95	1017.50
768.07	990.25
768.19	1050.00
768.31	1061.75
768.42	1050.00
768.54	1012.50
768.66	1033.75
768.77	1072.75
768.89	1043.50
769.01	1010.00
769.12	1049.00
769.24	1049.25
769.36	996.25
769.47	992.75
769.59	989.75
769.71	1047.25
769.82	1019.25
769.94	1011.00
770.06	988.50
770.17	1071.00
770.29	1028.50
770.41	1055.50
770.53	1052.00
770.64	987.75
770.76	1028.75
770.88	1037.75
770.99	1064.50
771.11	993.25
771.23	1044.75
771.34	1026.50
771.46	1145.50
771.58	1105.25
771.69	1055.25
771.81	1026.50
771.93	1063.50
772.04	1007.00
772.16	1054.75
772.28	1019.75
772.39	1075.50
772.51	1031.00
772.63	1056.75
772.74	1015.25
772.86	1025.25
772.98	1155.50
773.09	994.75
773.21	995.25
773.33	1046.00
773.44	1048.00
773.56	1017.75
773.68	1023.25
773.79	1075.25
773.91	1022.25
774.03	1032.75
774.14	1016.25
774.26	1086.25
774.38	996.25
774.49	984.75
774.61	1015.00
774.73	1033.75
774.84	1008.50
774.96	1002.25
775.08	1018.75
775.19	1054.00
775.31	1079.00
775.43	1031.50
775.54	1003.75
775.66	974.00
775.77	1072.75
775.89	990.75
776.01	1046.25
776.12	1073.00
776.24	1042.25
776.36	980.50
776.47	984.25
776.59	1038.00
776.71	1073.75
776.82	954.50
776.94	970.50
777.06	1009.75
777.17	1100.75
777.29	983.25
777.41	993.00
777.52	1044.50
777.64	1022.50
777.75	1043.00
777.87	961.50
777.99	1005.00
778.10	1056.25
778.22	1003.25
778.34	1021.00
778.45	1007.75
778.57	1065.00
778.69	1053.25
778.80	1025.75
778.92	1129.75
779.04	1043.75
779.15	1010.00
779.27	1046.00
779.38	1043.75
779.50	1078.75
779.62	965.00
779.73	1012.50
779.85	964.00
779.97	1133.25
780.08	1025.75
780.20	1013.75
780.31	1049.50
780.43	1060.50
780.55	990.25
780.66	1025.50
780.78	1046.25
780.90	1141.25
781.01	991.50
781.13	1009.50
781.25	1005.50
781.36	1068.25
781.48	986.00
781.59	1006.00
781.71	1061.25
781.83	1056.75
781.94	990.00
782.06	986.50
782.18	1062.50
782.29	991.25
782.41	960.50
782.52	1051.25
782.64	1065.50
782.76	1031.50
782.87	1038.75
782.99	1001.00
783.10	1143.25
783.22	1172.50
783.34	1017.50
783.45	1013.75
783.57	1013.50
783.69	984.25
783.80	1025.25
783.92	1020.50
784.03	1021.00
784.15	986.75
784.27	1011.75
784.38	968.00
784.50	984.00
784.61	1017.00
784.73	979.50
784.85	991.25
784.96	984.50
785.08	1058.75
785.19	1049.50
785.31	992.25
785.43	973.75
785.54	970.00
785.66	1018.25
785.77	1014.25
785.89	1042.75
786.01	960.75
786.12	995.75
786.24	1004.00
786.35	1078.75
786.47	1010.25
786.59	993.75
786.70	965.50
786.82	1017.25
786.93	1025.25
787.05	998.50
787.17	1002.25
787.28	1000.25
787.40	1028.00
787.51	1021.00
787.63	1029.50
787.75	961.75
787.86	1020.25
787.98	1027.50
788.09	1004.25
788.21	1026.00
788.33	1038.50
788.44	1026.00
788.56	981.25
788.67	1035.25
788.79	997.25
788.91	1003.75
789.02	984.75
789.14	992.25
789.25	1113.00
789.37	1028.50
789.48	983.00
789.60	1020.00
789.72	968.25
789.83	1028.00
789.95	1009.50
790.06	953.25
790.18	973.50
790.30	1029.75
790.41	1006.75
790.53	980.50
790.64	958.25
790.76	963.25
790.87	997.25
790.99	1010.25
791.11	1007.25
791.22	986.00
791.34	998.75
791.45	1038.00
791.57	1035.00
791.68	981.50
791.80	973.00
791.92	1026.00
792.03	980.00
792.15	959.50
792.26	978.00
792.38	954.25
792.49	1029.50
792.61	987.00
792.73	1001.75
792.84	1001.50
792.96	1097.50
793.07	993.25
793.19	1825.50
793.30	1084.50
793.42	1035.00
793.54	935.00
793.65	948.50
793.77	1138.50
793.88	984.50
794.00	930.75
794.11	985.50
794.23	943.25
794.34	1008.00
794.46	931.75
794.58	942.50
794.69	1089.00
794.81	1085.75
794.92	954.25
795.04	954.25
795.15	1078.50
795.27	1035.75
795.39	989.75
795.50	963.00
795.62	958.00
795.73	977.00
795.85	967.75
795.96	1006.00
796.08	1051.75
796.19	980.00
796.31	974.75
796.42	941.50
796.54	974.00
796.66	1045.25
796.77	947.50
796.89	932.25
797.00	1033.50
797.12	900.75
797.23	976.25
797.35	995.25
797.46	1022.75
797.58	1047.75
797.69	999.75
797.81	970.75
797.93	994.00
798.04	961.50
798.16	958.00
798.27	991.75
798.39	955.75
798.50	945.50
798.62	932.25
798.73	938.25
798.85	1065.25
798.96	1000.50
799.08	1005.25
799.19	1009.50
799.31	995.25
799.43	976.75
799.54	957.50
799.66	1000.75
799.77	1027.25
799.89	957.50
800.00	918.75
800.12	960.50
800.23	1038.00
800.35	1072.25
800.46	909.75
800.58	897.50
800.69	970.25
800.81	972.00
800.92	939.75
801.04	978.25
801.16	905.00
801.27	926.00
801.39	939.00
801.50	949.25
801.62	970.25
801.73	1019.00
801.85	1013.75
801.96	930.75
802.08	1029.75
802.19	1034.00
802.31	956.50
802.42	971.75
802.54	1064.50
802.65	1034.50
802.77	939.75
802.88	993.75
803.00	921.50
803.11	1087.25
803.23	981.75
803.34	972.00
803.46	999.00
803.57	935.25
803.69	997.25
803.80	925.25
803.92	1022.25
804.03	967.00
804.15	979.75
804.26	1003.00
804.38	1013.00
804.50	937.75
804.61	984.25
804.73	969.00
804.84	979.50
804.96	906.00
805.07	951.50
805.19	936.25
805.30	1000.00
805.42	1020.50
805.53	962.75
805.65	933.75
805.76	919.50
805.88	948.75
805.99	972.50
806.11	984.75
806.22	943.25
806.34	950.50
806.45	959.25
806.57	943.75
806.68	998.25
806.80	889.25
806.91	921.75
807.03	919.25
807.14	895.00
807.26	908.25
807.37	898.75
807.49	965.25
807.60	938.00
807.72	1028.75
807.83	1032.75
807.95	968.50
808.06	976.25
808.17	977.00
808.29	977.75
808.40	912.00
808.52	947.75
808.63	957.50
808.75	954.00
808.86	946.75
808.98	970.00
809.09	928.75
809.21	961.50
809.32	920.75
809.44	973.00
809.55	906.75
809.67	950.75
809.78	914.75
809.90	977.00
810.01	1018.75
810.13	919.75
810.24	956.75
810.36	878.25
810.47	975.50
810.59	952.50
810.70	966.75
810.82	982.00
810.93	899.75
811.05	913.75
811.16	916.50
811.27	913.50
811.39	946.75
811.50	976.25
811.62	880.50
811.73	857.50
811.85	949.25
811.96	935.00
812.08	948.75
812.19	947.25
812.31	951.50
812.42	917.25
812.54	904.00
812.65	978.00
812.77	981.25
812.88	956.00
813.00	955.00
813.11	952.25
813.22	892.75
813.34	897.00
813.45	918.75
813.57	1012.25
813.68	1032.50
813.80	919.00
813.91	880.00
814.03	917.75
814.14	1017.50
814.26	888.50
814.37	910.00
814.49	915.25
814.60	906.00
814.71	895.50
814.83	908.00
814.94	868.50
815.06	904.50
815.17	906.00
815.29	896.75
815.40	868.00
815.52	999.25
815.63	898.75
815.75	879.50
815.86	926.00
815.97	865.75
816.09	901.50
816.20	923.25
816.32	919.00
816.43	852.75
816.55	911.00
816.66	884.25
816.78	996.50
816.89	899.75
817.00	895.75
817.12	873.50
817.23	869.50
817.35	949.75
817.46	906.50
817.58	851.75
817.69	998.75
817.81	901.00
817.92	932.50
818.03	898.75
818.15	903.50
818.26	864.25
818.38	848.25
818.49	885.25
818.61	911.25
818.72	848.25
818.83	1938.75
818.95	1030.50
819.06	865.50
819.18	878.50
819.29	900.50
819.41	879.50
819.52	909.75
819.64	893.00
819.75	850.00
819.86	833.50
819.98	862.25
820.09	904.25
820.21	880.75
820.32	842.00
820.44	895.50
820.55	955.75
820.66	855.75
820.78	910.75
820.89	877.50
821.01	898.50
821.12	878.25
821.23	881.75
821.35	867.50
821.46	932.50
821.58	870.75
821.69	851.75
821.81	842.50
821.92	935.00
822.03	862.25
822.15	875.00
822.26	829.00
822.38	839.75
822.49	878.25
822.61	872.25
822.72	884.50
822.83	922.25
822.95	862.75
823.06	866.00
823.18	918.75
823.29	949.25
823.40	888.50
823.52	856.00
823.63	822.25
823.75	969.75
823.86	862.50
823.97	817.75
824.09	899.50
824.20	823.50
824.32	870.00
824.43	847.50
824.55	902.50
824.66	958.00
824.77	848.00
824.89	868.25
825.00	930.00
825.12	873.00
825.23	884.25
825.34	814.75
825.46	828.25
825.57	888.25
825.69	831.25
825.80	788.00
825.91	825.00
826.03	801.25
826.14	866.25
826.26	816.25
826.37	859.75
826.48	839.75
826.60	859.25
826.71	821.25
826.83	859.50
826.94	861.25
827.05	886.00
827.17	884.25
827.28	846.25
827.39	835.75
827.51	799.75
827.62	835.00
827.74	851.50
827.85	836.00
827.96	818.50
828.08	833.75
828.19	945.50
828.31	842.00
828.42	788.00
828.53	859.00
828.65	904.75
828.76	901.75
828.87	859.75
828.99	807.25
