Wavelength (nm)	Intensity
377.35	815.25
377.48	613.00
377.62	626.25
377.75	625.25
377.88	855.50
378.02	835.00
378.15	828.50
378.28	796.25
378.41	871.50
378.55	852.25
378.68	831.75
378.81	810.75
378.95	837.50
379.08	819.50
379.21	781.50
379.35	850.75
379.48	846.50
379.61	916.00
379.74	824.25
379.88	805.50
380.01	888.25
380.14	954.25
380.28	863.75
380.41	798.75
380.54	844.00
380.68	857.50
380.81	775.75
380.94	871.50
381.07	911.25
381.21	907.00
381.34	820.75
381.47	763.50
381.61	981.75
381.74	842.00
381.87	794.00
382.00	844.25
382.14	922.00
382.27	875.75
382.40	810.25
382.54	897.25
382.67	897.50
382.80	794.00
382.93	803.50
383.07	829.00
383.20	835.00
383.33	874.00
383.47	798.75
383.60	796.00
383.73	990.50
383.86	869.50
384.00	828.00
384.13	817.50
384.26	868.75
384.40	889.50
384.53	828.50
384.66	881.75
384.79	855.00
384.93	819.25
385.06	819.25
385.19	839.75
385.33	957.75
385.46	859.75
385.59	802.00
385.72	839.25
385.86	775.50
385.99	814.50
386.12	810.25
386.25	802.00
386.39	888.50
386.52	903.00
386.65	829.00
386.79	818.25
386.92	815.50
387.05	920.75
387.18	778.75
387.32	792.75
387.45	873.00
387.58	844.25
387.71	812.75
387.85	803.75
387.98	855.50
388.11	864.25
388.25	845.25
388.38	828.00
388.51	872.50
388.64	884.25
388.78	812.75
388.91	782.25
389.04	830.00
389.17	949.50
389.31	831.50
389.44	856.75
389.57	900.25
389.70	870.00
389.84	814.25
389.97	811.50
390.10	813.50
390.24	866.25
390.37	818.00
390.50	809.75
390.63	908.00
390.77	846.25
390.90	837.25
391.03	828.75
391.16	791.50
391.30	815.75
391.43	817.50
391.56	804.50
391.69	802.50
391.83	887.50
391.96	840.75
392.09	807.50
392.22	930.00
392.36	859.75
392.49	801.50
392.62	819.75
392.75	864.25
392.89	905.25
393.02	800.25
393.15	800.75
393.28	785.25
393.42	926.50
393.55	775.75
393.68	816.50
393.81	766.75
393.95	823.25
394.08	805.25
394.21	813.75
394.34	880.00
394.48	868.75
394.61	868.25
394.74	843.25
394.87	888.00
395.01	861.50
395.14	866.75
395.27	795.75
395.40	936.00
395.54	929.00
395.67	829.50
395.80	818.00
395.93	864.00
396.07	823.25
396.20	812.00
396.33	761.50
396.46	800.75
396.59	835.75
396.73	821.25
396.86	797.25
396.99	889.50
397.12	858.75
397.26	855.75
397.39	826.75
397.52	1145.50
397.65	952.00
397.79	832.50
397.92	814.25
398.05	888.75
398.18	813.25
398.32	823.75
398.45	856.25
398.58	847.50
398.71	862.75
398.84	787.75
398.98	818.50
399.11	869.00
399.24	858.50
399.37	819.75
399.51	790.00
399.64	839.75
399.77	845.00
399.90	829.50
400.03	826.50
400.17	786.00
400.30	897.75
400.43	864.50
400.56	822.75
400.70	843.75
400.83	803.25
400.96	799.25
401.09	835.25
401.23	849.00
401.36	914.25
401.49	820.75
401.62	846.50
401.75	827.50
401.89	801.25
402.02	812.75
402.15	832.25
402.28	855.50
402.41	859.00
402.55	809.75
402.68	814.00
402.81	916.75
402.94	874.75
403.08	806.00
403.21	786.50
403.34	878.75
403.47	880.00
403.60	816.50
403.74	853.75
403.87	869.00
404.00	807.25
404.13	811.00
404.26	782.00
404.40	800.75
404.53	854.25
404.66	823.50
404.79	787.50
404.93	879.00
405.06	849.50
405.19	781.00
405.32	830.75
405.45	862.75
405.59	871.75
405.72	835.25
405.85	803.50
405.98	1008.00
406.11	809.25
406.25	800.25
406.38	824.50
406.51	867.25
406.64	833.50
406.77	794.00
406.91	785.75
407.04	861.00
407.17	828.00
407.30	849.00
407.43	820.25
407.57	912.50
407.70	892.75
407.83	804.00
407.96	833.50
408.09	795.75
408.23	925.25
408.36	831.75
408.49	809.50
408.62	952.25
408.75	855.50
408.89	808.25
409.02	851.50
409.15	839.75
409.28	915.75
409.41	855.25
409.55	808.75
409.68	963.50
409.81	858.75
409.94	804.50
410.07	826.50
410.20	839.50
410.34	827.50
410.47	828.25
410.60	837.00
410.73	883.50
410.86	813.50
411.00	827.75
411.13	797.25
411.26	847.50
411.39	845.75
411.52	846.25
411.66	819.75
411.79	830.75
411.92	807.25
412.05	824.25
412.18	810.25
412.31	856.25
412.45	883.00
412.58	862.00
412.71	791.50
412.84	859.00
412.97	913.00
413.11	836.75
413.24	854.75
413.37	880.25
413.50	941.75
413.63	841.00
413.76	817.25
413.90	876.25
414.03	831.75
414.16	823.25
414.29	858.25
414.42	845.00
414.56	958.00
414.69	814.75
414.82	825.75
414.95	841.50
415.08	858.50
415.21	828.25
415.35	834.75
415.48	762.50
415.61	890.25
415.74	883.25
415.87	786.75
416.00	840.75
416.14	959.75
416.27	843.00
416.40	809.25
416.53	845.00
416.66	866.50
416.79	840.25
416.93	796.50
417.06	911.75
417.19	855.25
417.32	819.75
417.45	814.50
417.58	791.25
417.72	879.75
417.85	814.75
417.98	838.00
418.11	879.50
418.24	821.00
418.37	810.50
418.51	831.25
418.64	847.00
418.77	915.50
418.90	841.00
419.03	792.00
419.16	856.00
419.29	882.00
419.43	815.50
419.56	792.50
419.69	961.50
419.82	908.75
419.95	832.00
420.08	870.50
420.22	909.75
420.35	970.00
420.48	880.00
420.61	820.25
420.74	788.75
420.87	882.00
421.00	797.50
421.14	812.75
421.27	886.25
421.40	920.25
421.53	862.25
421.66	832.50
421.79	847.75
421.93	842.25
422.06	825.75
422.19	807.25
422.32	893.25
422.45	892.75
422.58	843.00
422.71	814.00
422.85	889.50
422.98	890.50
423.11	790.00
423.24	775.25
423.37	804.25
423.50	816.75
423.63	827.50
423.77	798.25
423.90	808.75
424.03	864.75
424.16	862.75
424.29	838.50
424.42	789.00
424.55	809.25
424.69	805.50
424.82	828.50
424.95	848.50
425.08	809.50
425.21	860.00
425.34	817.00
425.47	841.75
425.60	857.00
425.74	784.75
425.87	822.25
426.00	835.25
426.13	854.00
426.26	804.00
426.39	803.75
426.52	825.75
426.66	916.75
426.79	860.00
426.92	805.00
427.05	942.25
427.18	894.75
427.31	825.25
427.44	823.25
427.57	811.00
427.71	853.00
427.84	799.25
427.97	834.25
428.10	901.00
428.23	851.25
428.36	821.00
428.49	741.50
428.62	974.75
428.76	947.50
428.89	849.00
429.02	792.00
429.15	836.25
429.28	944.25
429.41	814.75
429.54	819.25
429.67	821.00
429.81	873.00
429.94	840.50
430.07	815.00
430.20	879.25
430.33	907.75
430.46	803.25
430.59	797.00
430.72	845.25
430.85	791.25
430.99	821.00
431.12	794.75
431.25	902.00
431.38	919.00
431.51	841.50
431.64	829.00
431.77	920.50
431.90	916.75
432.03	835.75
432.17	800.25
432.30	847.75
432.43	862.75
432.56	840.00
432.69	851.00
432.82	867.50
432.95	905.50
433.08	841.25
433.21	841.25
433.35	833.50
433.48	838.25
433.61	795.25
433.74	822.50
433.87	812.50
434.00	872.50
434.13	798.50
434.26	852.25
434.39	858.50
434.53	880.00
434.66	822.50
434.79	832.75
434.92	815.50
435.05	911.50
435.18	816.50
435.31	851.75
435.44	902.75
435.57	852.00
435.70	826.25
435.84	799.25
435.97	913.00
436.10	947.75
436.23	818.00
436.36	798.75
436.49	832.00
436.62	862.75
436.75	827.75
436.88	852.25
437.01	815.00
437.14	805.50
437.28	786.75
437.41	818.00
437.54	912.50
437.67	882.50
437.80	809.25
437.93	783.50
438.06	964.75
438.19	886.25
438.32	796.50
438.45	798.75
438.58	876.25
438.72	924.00
438.85	877.50
438.98	821.25
439.11	859.25
439.24	920.00
439.37	892.50
439.50	854.50
439.63	896.75
439.76	820.25
439.89	807.25
440.02	815.50
440.15	863.00
440.29	918.50
440.42	834.50
440.55	825.25
440.68	927.00
440.81	977.00
440.94	845.50
441.07	828.50
441.20	936.50
441.33	859.00
441.46	818.25
441.59	813.25
441.72	834.50
441.85	855.25
441.99	868.00
442.12	868.00
442.25	938.00
442.38	870.75
442.51	860.75
442.64	790.75
442.77	849.50
442.90	826.75
443.03	788.00
443.16	814.00
443.29	851.00
443.42	916.00
443.55	818.25
443.68	844.75
443.82	790.50
443.95	825.75
444.08	822.75
444.21	825.25
444.34	818.50
444.47	832.50
444.60	841.00
444.73	848.00
444.86	842.00
444.99	916.50
445.12	855.50
445.25	845.00
445.38	850.75
445.51	891.50
445.64	849.75
445.78	810.50
445.91	781.00
446.04	965.25
446.17	877.00
446.30	778.75
446.43	865.00
446.56	845.25
446.69	806.25
446.82	810.50
446.95	887.50
447.08	898.00
447.21	844.00
447.34	813.75
447.47	885.25
447.60	883.75
447.73	837.00
447.86	862.25
447.99	846.75
448.13	859.50
448.26	880.50
448.39	822.00
448.52	879.75
448.65	890.50
448.78	835.25
448.91	826.00
449.04	880.50
449.17	820.50
449.30	857.75
449.43	847.75
449.56	840.25
449.69	899.75
449.82	830.25
449.95	791.25
450.08	903.50
450.21	880.25
450.34	832.25
450.47	834.50
450.60	885.25
450.73	853.25
450.87	826.25
451.00	848.50
451.13	886.25
451.26	1014.25
451.39	820.25
451.52	853.50
451.65	836.00
451.78	836.50
451.91	822.50
452.04	810.50
452.17	934.50
452.30	919.75
452.43	822.75
452.56	820.50
452.69	898.25
452.82	812.50
452.95	874.00
453.08	807.50
453.21	775.00
453.34	893.00
453.47	811.50
453.60	884.25
453.73	942.00
453.86	887.75
453.99	857.25
454.12	841.25
454.25	837.25
454.38	860.25
454.52	803.75
454.65	819.25
454.78	822.75
454.91	795.00
455.04	819.25
455.17	800.50
455.30	815.75
455.43	914.50
455.56	824.50
455.69	793.50
455.82	867.25
455.95	867.00
456.08	797.75
456.21	790.50
456.34	789.00
456.47	776.75
456.60	827.25
456.73	814.00
456.86	831.75
456.99	864.25
457.12	816.25
457.25	817.25
457.38	904.25
457.51	874.75
457.64	851.50
457.77	825.00
457.90	832.25
458.03	825.25
458.16	830.50
458.29	825.25
458.42	837.50
458.55	791.25
458.68	801.75
458.81	821.75
458.94	912.00
459.07	953.50
459.20	799.00
459.33	806.50
459.46	910.00
459.59	941.00
459.72	901.50
459.85	839.25
459.98	925.00
460.11	881.00
460.24	837.00
460.37	799.50
460.50	890.25
460.63	869.00
460.76	824.75
460.89	844.75
461.02	873.25
461.15	875.75
461.28	847.50
461.41	817.25
461.54	918.75
461.67	816.00
461.80	838.25
461.93	886.00
462.06	891.25
462.19	900.25
462.32	820.25
462.45	816.75
462.58	880.75
462.71	833.25
462.84	827.50
462.97	780.50
463.10	836.75
463.23	845.50
463.36	868.25
463.49	842.75
463.62	789.00
463.75	871.00
463.88	819.00
464.01	831.25
464.14	810.25
464.27	934.75
464.40	828.75
464.53	825.25
464.66	877.75
464.79	872.25
464.92	845.75
465.05	806.50
465.18	843.25
465.31	849.50
465.44	829.25
465.57	807.00
465.70	825.00
465.83	963.25
465.96	847.50
466.09	814.00
466.22	887.00
466.35	870.00
466.48	816.50
466.61	819.00
466.74	837.25
466.87	891.75
467.00	871.50
467.13	860.25
467.26	882.00
467.39	797.25
467.52	791.50
467.65	835.75
467.78	918.25
467.91	844.75
468.04	850.00
468.17	822.25
468.30	838.50
468.43	804.00
468.56	820.00
468.69	855.75
468.82	869.75
468.95	813.25
469.08	822.00
469.21	833.00
469.34	882.25
469.47	957.00
469.60	931.50
469.73	851.50
469.86	870.75
469.99	895.75
470.11	814.00
470.24	826.25
470.37	892.25
470.50	845.25
470.63	819.25
470.76	841.75
470.89	883.25
471.02	961.25
471.15	826.75
471.28	834.00
471.41	952.50
471.54	874.25
471.67	831.25
471.80	782.00
471.93	902.00
472.06	877.25
472.19	837.00
472.32	809.25
472.45	967.50
472.58	908.25
472.71	862.00
472.84	818.00
472.97	829.50
473.10	803.00
473.23	882.50
473.36	793.50
473.49	915.00
473.62	903.00
473.74	866.50
473.87	887.00
474.00	827.00
474.13	823.25
474.26	860.50
474.39	877.50
474.52	854.50
474.65	838.25
474.78	854.25
474.91	799.75
475.04	874.75
475.17	989.25
475.30	875.50
475.43	863.50
475.56	913.50
475.69	846.50
475.82	868.25
475.95	814.75
476.08	925.75
476.21	862.50
476.34	890.00
476.46	888.75
476.59	925.00
476.72	836.25
476.85	831.50
476.98	806.50
477.11	909.00
477.24	865.25
477.37	787.50
477.50	839.25
477.63	876.50
477.76	822.75
477.89	777.50
478.02	801.75
478.15	853.50
478.28	839.75
478.41	871.00
478.54	828.50
478.66	890.50
478.79	847.00
478.92	847.00
479.05	853.75
479.18	856.25
479.31	828.00
479.44	828.75
479.57	812.50
479.70	831.75
479.83	870.75
479.96	834.25
480.09	869.75
480.22	994.25
480.35	987.75
480.48	891.00
480.60	862.00
480.73	842.00
480.86	883.50
480.99	845.00
481.12	849.75
481.25	863.00
481.38	919.00
481.51	842.25
481.64	854.75
481.77	883.75
481.90	855.25
482.03	857.75
482.16	836.25
482.29	930.75
482.41	864.50
482.54	877.25
482.67	839.25
482.80	862.00
482.93	923.50
483.06	827.00
483.19	915.25
483.32	896.25
483.45	862.75
483.58	869.00
483.71	882.00
483.84	904.75
483.97	886.75
484.09	859.00
484.22	841.50
484.35	833.25
484.48	810.75
484.61	832.25
484.74	843.00
484.87	879.50
485.00	821.50
485.13	868.75
485.26	809.25
485.39	884.75
485.52	864.50
485.64	918.00
485.77	880.25
485.90	911.50
486.03	824.50
486.16	866.00
486.29	817.00
486.42	865.50
486.55	876.75
486.68	846.25
486.81	882.00
486.94	872.75
487.06	845.00
487.19	881.00
487.32	885.50
487.45	877.75
487.58	853.00
487.71	869.25
487.84	821.50
487.97	892.75
488.10	916.00
488.23	852.00
488.35	814.00
488.48	860.00
488.61	827.00
488.74	842.00
488.87	844.75
489.00	875.25
489.13	964.50
489.26	884.25
489.39	887.75
489.52	905.75
489.64	905.50
489.77	878.50
489.90	873.00
490.03	860.00
490.16	852.75
490.29	835.50
490.42	839.25
490.55	875.00
490.68	841.75
490.81	844.50
490.93	804.00
491.06	924.25
491.19	891.75
491.32	876.75
491.45	893.75
491.58	821.25
491.71	863.50
491.84	843.75
491.97	848.25
492.09	938.75
492.22	896.50
492.35	865.00
492.48	896.75
492.61	882.50
492.74	866.50
492.87	883.00
493.00	869.00
493.12	845.25
493.25	875.75
493.38	849.75
493.51	826.50
493.64	816.00
493.77	867.50
493.90	883.00
494.03	894.00
494.16	921.50
494.28	928.25
494.41	844.50
494.54	855.50
494.67	981.75
494.80	949.25
494.93	874.50
495.06	885.00
495.19	900.00
495.31	881.50
495.44	858.75
495.57	836.75
495.70	894.00
495.83	862.75
495.96	827.75
496.09	883.50
496.22	944.00
496.34	979.25
496.47	861.50
496.60	880.75
496.73	919.00
496.86	919.25
496.99	840.00
497.12	869.50
497.24	808.50
497.37	877.50
497.50	858.25
497.63	839.75
497.76	869.00
497.89	942.75
498.02	905.50
498.15	786.75
498.27	870.25
498.40	931.25
498.53	936.25
498.66	887.25
498.79	925.50
498.92	822.75
499.05	867.75
499.17	875.00
499.30	916.00
499.43	976.75
499.56	891.25
499.69	820.25
499.82	889.75
499.95	855.50
500.07	848.00
500.20	874.50
500.33	924.25
500.46	1017.50
500.59	883.50
500.72	891.00
500.85	933.75
500.97	923.00
501.10	925.25
501.23	831.75
501.36	887.25
501.49	945.00
501.62	899.25
501.75	874.50
501.87	946.00
502.00	837.50
502.13	895.00
502.26	898.50
502.39	841.75
502.52	862.00
502.64	829.00
502.77	855.25
502.90	909.25
503.03	883.25
503.16	847.50
503.29	846.75
503.42	931.50
503.54	901.25
503.67	873.00
503.80	887.00
503.93	925.50
504.06	851.25
504.19	873.25
504.31	933.00
504.44	902.75
504.57	905.75
504.70	879.75
504.83	830.75
504.96	910.50
505.08	894.00
505.21	886.75
505.34	989.25
505.47	945.75
505.60	923.50
505.73	926.00
505.85	919.50
505.98	1025.75
506.11	880.50
506.24	846.50
506.37	844.25
506.50	886.25
506.62	931.50
506.75	862.50
506.88	857.50
507.01	900.00
507.14	829.50
507.27	865.00
507.39	844.00
507.52	855.75
507.65	864.00
507.78	882.50
507.91	847.00
508.04	953.00
508.16	949.25
508.29	898.25
508.42	861.75
508.55	854.75
508.68	847.50
508.81	919.50
508.93	857.00
509.06	861.75
509.19	930.75
509.32	909.50
509.45	891.00
509.57	906.25
509.70	856.25
509.83	883.25
509.96	847.00
510.09	889.75
510.22	886.25
510.34	882.50
510.47	880.25
510.60	994.50
510.73	904.50
510.86	902.75
510.98	869.75
511.11	868.00
511.24	933.00
511.37	912.50
511.50	861.25
511.63	911.75
511.75	894.50
511.88	886.75
512.01	898.00
512.14	901.00
512.27	911.25
512.39	884.25
512.52	874.75
512.65	902.00
512.78	867.25
512.91	887.75
513.03	894.50
513.16	929.50
513.29	895.00
513.42	868.75
513.55	846.00
513.67	910.00
513.80	837.00
513.93	859.25
514.06	865.50
514.19	901.00
514.31	910.25
514.44	930.00
514.57	879.00
514.70	896.75
514.83	953.50
514.95	869.75
515.08	892.75
515.21	917.50
515.34	893.00
515.47	880.00
515.59	855.50
515.72	916.25
515.85	921.00
515.98	934.25
516.11	891.50
516.23	934.25
516.36	960.75
516.49	908.75
516.62	890.50
516.75	949.25
516.87	967.00
517.00	867.25
517.13	917.00
517.26	947.75
517.39	922.50
517.51	830.50
517.64	895.00
517.77	980.25
517.90	868.75
518.02	888.75
518.15	863.50
518.28	813.00
518.41	893.50
518.54	892.75
518.66	898.75
518.79	854.50
518.92	876.75
519.05	865.25
519.18	875.00
519.30	927.75
519.43	859.50
519.56	864.25
519.69	871.00
519.81	936.75
519.94	880.75
520.07	827.75
520.20	872.25
520.33	909.75
520.45	971.00
520.58	899.00
520.71	904.50
520.84	947.75
520.96	920.50
521.09	898.50
521.22	863.50
521.35	932.75
521.48	932.75
521.60	872.75
521.73	890.00
521.86	951.75
521.99	982.00
522.11	909.75
522.24	892.75
522.37	931.75
522.50	913.00
522.62	952.00
522.75	835.75
522.88	908.75
523.01	873.25
523.14	915.50
523.26	904.75
523.39	969.00
523.52	873.75
523.65	980.25
523.77	928.25
523.90	902.50
524.03	887.25
524.16	884.00
524.28	878.50
524.41	889.50
524.54	898.00
524.67	854.75
524.79	875.25
524.92	931.75
525.05	975.00
525.18	861.75
525.31	933.75
525.43	867.50
525.56	1013.50
525.69	883.75
525.82	833.25
525.94	939.25
526.07	944.50
526.20	938.50
526.33	938.75
526.45	1030.75
526.58	991.75
526.71	917.50
526.84	898.00
526.96	906.25
527.09	868.00
527.22	878.00
527.35	886.00
527.47	860.75
527.60	971.50
527.73	862.75
527.86	929.00
527.98	918.25
528.11	923.25
528.24	877.50
528.37	883.75
528.49	856.50
528.62	905.75
528.75	935.75
528.88	875.00
529.00	934.25
529.13	955.75
529.26	900.50
529.39	933.75
529.51	1043.25
529.64	1018.00
529.77	880.50
529.90	879.25
530.02	891.75
530.15	870.50
530.28	833.25
530.40	871.50
530.53	907.75
530.66	938.75
530.79	877.50
530.91	891.50
531.04	876.75
531.17	908.00
531.30	894.75
531.42	894.00
531.55	917.00
531.68	979.00
531.81	873.75
531.93	905.25
532.06	915.50
532.19	863.00
532.31	886.50
532.44	890.25
532.57	931.25
532.70	879.00
532.82	903.75
532.95	916.50
533.08	978.00
533.21	933.75
533.33	874.75
533.46	883.00
533.59	893.75
533.71	1014.00
533.84	906.00
533.97	888.25
534.10	890.50
534.22	872.25
534.35	894.75
534.48	904.75
534.61	928.75
534.73	840.75
534.86	871.00
534.99	904.25
535.11	953.75
535.24	916.50
535.37	882.75
535.50	859.25
535.62	877.75
535.75	977.75
535.88	908.00
536.00	874.00
536.13	891.50
536.26	898.00
536.39	885.00
536.51	847.75
536.64	920.50
536.77	897.75
536.89	894.00
537.02	905.75
537.15	932.00
537.28	912.25
537.40	919.00
537.53	885.50
537.66	946.75
537.78	914.25
537.91	869.00
538.04	889.00
538.17	954.25
538.29	935.50
538.42	980.75
538.55	953.50
538.67	939.75
538.80	891.25
538.93	913.50
539.05	915.50
539.18	985.00
539.31	946.50
539.44	911.25
539.56	829.50
539.69	907.25
539.82	888.00
539.94	904.25
540.07	881.00
540.20	978.25
540.32	884.00
540.45	905.00
540.58	897.50
540.71	956.75
540.83	859.50
540.96	881.50
541.09	908.25
541.21	998.75
541.34	975.25
541.47	885.25
541.59	909.50
541.72	988.50
541.85	1073.50
541.98	965.25
542.10	914.50
542.23	938.00
542.36	1039.00
542.48	929.25
542.61	903.00
542.74	872.50
542.86	896.50
542.99	906.00
543.12	881.50
543.24	927.00
543.37	854.00
543.50	909.50
543.62	879.75
543.75	902.25
543.88	897.25
544.01	915.00
544.13	935.00
544.26	955.75
544.39	887.50
544.51	889.75
544.64	877.00
544.77	946.75
544.89	905.50
545.02	920.50
545.15	887.50
545.27	1007.00
545.40	972.75
545.53	943.00
545.65	938.25
545.78	839.00
545.91	876.50
546.03	900.00
546.16	908.00
546.29	900.00
546.41	878.50
546.54	892.75
546.67	877.75
546.79	961.00
546.92	996.25
547.05	858.75
547.17	910.25
547.30	883.75
547.43	935.25
547.56	878.00
547.68	902.25
547.81	867.00
547.94	937.75
548.06	897.50
548.19	875.00
548.32	977.50
548.44	923.25
548.57	930.25
548.70	944.75
548.82	949.00
548.95	941.50
549.08	907.75
549.20	913.50
549.33	1003.50
549.45	917.25
549.58	904.75
549.71	869.00
549.83	970.75
549.96	876.25
550.09	908.75
550.21	888.50
550.34	930.50
550.47	911.25
550.59	893.00
550.72	829.75
550.85	925.25
550.97	983.00
551.10	894.00
551.23	905.75
551.35	978.25
551.48	927.75
551.61	908.25
551.73	896.25
551.86	989.00
551.99	978.75
552.11	918.00
552.24	940.50
552.37	931.00
552.49	883.00
552.62	898.00
552.75	955.25
552.87	905.25
553.00	898.25
553.12	927.50
553.25	901.50
553.38	946.50
553.50	972.50
553.63	907.25
553.76	857.00
553.88	926.00
554.01	916.50
554.14	916.50
554.26	932.00
554.39	1002.25
554.52	912.75
554.64	906.00
554.77	888.75
554.89	955.75
555.02	973.25
555.15	928.50
555.27	911.00
555.40	921.50
555.53	988.00
555.65	903.00
555.78	878.00
555.91	956.50
556.03	992.25
556.16	882.50
556.29	926.25
556.41	987.50
556.54	974.75
556.66	913.25
556.79	893.75
556.92	932.75
557.04	945.75
557.17	897.25
557.30	895.50
557.42	906.50
557.55	909.50
557.67	924.50
557.80	893.00
557.93	933.25
558.05	928.25
558.18	884.25
558.31	928.75
558.43	971.25
558.56	949.50
558.68	918.25
558.81	888.50
558.94	915.25
559.06	1043.75
559.19	907.25
559.32	909.25
559.44	888.75
559.57	926.00
559.69	887.50
559.82	888.25
559.95	902.75
560.07	898.75
560.20	844.25
560.33	913.75
560.45	937.00
560.58	864.25
560.70	919.25
560.83	887.00
560.96	912.75
561.08	926.25
561.21	950.50
561.33	891.00
561.46	873.75
561.59	960.00
561.71	902.00
561.84	932.00
561.97	889.25
562.09	956.50
562.22	892.00
562.34	880.50
562.47	963.50
562.60	945.50
562.72	915.25
562.85	917.25
562.97	915.00
563.10	916.50
563.23	876.75
563.35	888.00
563.48	935.25
563.60	926.00
563.73	939.50
563.86	870.75
563.98	899.25
564.11	926.25
564.23	913.25
564.36	970.50
564.49	928.00
564.61	984.00
564.74	929.50
564.86	885.50
564.99	968.75
565.12	963.00
565.24	970.50
565.37	960.00
565.49	981.75
565.62	1007.50
565.75	961.50
565.87	890.50
566.00	1062.50
566.12	986.25
566.25	935.00
566.38	945.75
566.50	930.00
566.63	970.00
566.75	907.25
566.88	902.75
567.01	886.00
567.13	914.50
567.26	910.25
567.38	897.00
567.51	966.00
567.64	901.75
567.76	949.50
567.89	935.75
568.01	893.00
568.14	886.75
568.26	928.50
568.39	927.75
568.52	928.50
568.64	963.75
568.77	905.00
568.89	900.50
569.02	907.25
569.15	919.25
569.27	910.00
569.40	937.25
569.52	966.75
569.65	922.25
569.77	910.75
569.90	877.00
570.03	867.25
570.15	1002.50
570.28	925.00
570.40	909.25
570.53	910.25
570.66	990.75
570.78	960.00
570.91	925.50
571.03	890.75
571.16	926.50
571.28	886.00
571.41	866.00
571.54	873.25
571.66	863.75
571.79	900.00
571.91	893.50
572.04	879.25
572.16	937.25
572.29	957.75
572.42	904.25
572.54	943.50
572.67	900.00
572.79	934.50
572.92	908.00
573.04	946.75
573.17	974.25
573.29	932.75
573.42	911.00
573.55	964.25
573.67	939.75
573.80	917.75
573.92	891.00
574.05	940.50
574.17	987.00
574.30	920.50
574.43	910.75
574.55	907.00
574.68	933.75
574.80	905.25
574.93	907.00
575.05	889.75
575.18	913.25
575.30	923.75
575.43	959.25
575.56	985.00
575.68	949.75
575.81	908.25
575.93	885.00
576.06	950.75
576.18	972.75
576.31	913.50
576.43	913.50
576.56	1026.75
576.69	996.25
576.81	944.50
576.94	913.25
577.06	940.50
577.19	977.25
577.31	929.75
577.44	942.50
577.56	976.25
577.69	939.50
577.82	951.25
577.94	899.75
578.07	878.25
578.19	962.75
578.32	964.00
578.44	903.50
578.57	915.00
578.69	983.25
578.82	938.75
578.94	960.50
579.07	998.75
579.19	974.25
579.32	943.25
579.45	941.00
579.57	921.00
579.70	892.75
579.82	936.75
579.95	906.00
580.07	997.50
580.20	933.50
580.32	927.25
580.45	968.25
580.57	965.75
580.70	934.00
580.82	953.25
580.95	951.50
581.08	892.75
581.20	984.75
581.33	933.00
581.45	940.00
581.58	946.25
581.70	954.75
581.83	857.75
581.95	950.75
582.08	946.00
582.20	918.25
582.33	925.75
582.45	906.75
582.58	925.25
582.70	948.75
582.83	899.75
582.95	931.50
583.08	988.50
583.21	988.75
583.33	935.00
583.46	918.00
583.58	896.25
583.71	965.00
583.83	946.00
583.96	950.25
584.08	975.00
584.21	972.00
584.33	963.75
584.46	931.50
584.58	903.50
584.71	978.25
584.83	961.50
584.96	931.75
585.08	919.00
585.21	1040.25
585.33	1001.50
585.46	962.75
585.58	981.00
585.71	920.50
585.83	937.00
585.96	974.75
586.08	976.50
586.21	968.50
586.33	962.50
586.46	889.00
586.59	970.75
586.71	909.75
586.84	950.50
586.96	938.75
587.09	886.25
587.21	922.50
587.34	969.75
587.46	908.50
587.59	892.25
587.71	941.00
587.84	919.75
587.96	877.50
588.09	892.25
588.21	959.75
588.34	927.25
588.46	945.50
588.59	905.75
588.71	960.75
588.84	954.00
588.96	934.25
589.09	1031.25
589.21	936.75
589.34	911.25
589.46	939.25
589.59	950.00
589.71	997.50
589.84	893.50
589.96	919.50
590.09	925.25
590.21	977.00
590.34	951.75
590.46	951.75
590.59	921.50
590.71	929.25
590.84	980.75
590.96	906.75
591.09	966.00
591.21	946.75
591.34	911.75
591.46	917.25
591.59	1010.75
591.71	982.00
591.83	942.25
591.96	889.75
592.08	932.00
592.21	978.00
592.33	941.00
592.46	926.75
592.58	958.75
592.71	992.75
592.83	1026.00
592.96	967.00
593.08	998.25
593.21	912.75
593.33	893.75
593.46	929.50
593.58	933.00
593.71	986.00
593.83	987.50
593.96	910.50
594.08	1058.75
594.21	954.50
594.33	918.50
594.46	910.75
594.58	904.00
594.71	875.25
594.83	945.25
594.96	938.25
595.08	1114.00
595.20	991.00
595.33	947.25
595.45	909.25
595.58	1046.25
595.70	965.75
595.83	926.75
595.95	932.75
596.08	952.00
596.20	902.75
596.33	889.00
596.45	936.25
596.58	915.25
596.70	909.00
596.83	928.00
596.95	929.50
597.08	959.75
597.20	905.50
597.32	913.75
597.45	951.00
597.57	928.25
597.70	976.50
597.82	933.50
597.95	942.75
598.07	949.00
598.20	958.75
598.32	938.75
598.45	937.25
598.57	991.00
598.70	1014.00
598.82	930.00
598.94	924.25
599.07	995.25
599.19	950.00
599.32	914.50
599.44	850.50
599.57	992.75
599.69	969.25
599.82	939.25
599.94	897.50
600.07	997.25
600.19	976.00
600.31	913.75
600.44	967.25
600.56	1055.25
600.69	1039.50
600.81	926.25
600.94	936.25
601.06	949.75
601.19	989.25
601.31	982.00
601.44	892.50
601.56	1015.00
601.68	988.50
601.81	958.75
601.93	951.00
602.06	978.25
602.18	908.25
602.31	932.25
602.43	998.25
602.56	991.25
602.68	953.25
602.80	952.25
602.93	956.75
603.05	931.25
603.18	944.00
603.30	906.00
603.43	912.25
603.55	948.25
603.68	970.75
603.80	957.50
603.92	956.25
604.05	937.25
604.17	939.75
604.30	907.50
604.42	927.75
604.55	940.25
604.67	979.50
604.79	923.75
604.92	939.75
605.04	923.50
605.17	931.25
605.29	916.50
605.42	922.50
605.54	1012.75
605.66	956.50
605.79	966.00
605.91	949.00
606.04	944.50
606.16	914.50
606.29	950.00
606.41	914.25
606.53	943.50
606.66	894.25
606.78	936.25
606.91	929.50
607.03	925.50
607.16	924.75
607.28	916.25
607.40	945.25
607.53	974.25
607.65	914.50
607.78	921.00
607.90	943.75
608.03	1055.75
608.15	963.75
608.27	961.25
608.40	904.50
608.52	966.75
608.65	947.75
608.77	985.75
608.89	948.75
609.02	1037.75
609.14	1037.25
609.27	980.00
609.39	982.25
609.52	932.00
609.64	883.50
609.76	923.00
609.89	934.00
610.01	1011.50
610.14	975.75
610.26	943.00
610.38	916.00
610.51	997.00
610.63	941.50
610.76	922.25
610.88	967.00
611.01	1022.00
611.13	1069.00
611.25	980.50
611.38	918.00
611.50	949.50
611.63	991.75
611.75	961.50
611.87	956.50
612.00	936.25
612.12	996.75
612.25	932.50
612.37	921.00
612.49	1021.25
612.62	1004.75
612.74	1010.75
612.87	956.25
612.99	962.25
613.11	895.75
613.24	937.75
613.36	939.50
613.49	961.25
613.61	954.50
613.73	929.75
613.86	982.00
613.98	930.25
614.11	996.50
614.23	993.00
614.35	998.50
614.48	1003.50
614.60	965.00
614.72	948.00
614.85	967.25
614.97	968.75
615.10	968.75
615.22	944.25
615.34	970.25
615.47	1013.00
615.59	931.25
615.72	948.25
615.84	971.25
615.96	935.50
616.09	1049.75
616.21	943.50
616.34	924.25
616.46	947.00
616.58	976.75
616.71	984.75
616.83	984.50
616.95	983.75
617.08	983.75
617.20	955.25
617.33	916.25
617.45	941.50
617.57	990.00
617.70	969.00
617.82	939.75
617.95	963.50
618.07	1034.50
618.19	979.75
618.32	976.50
618.44	936.00
618.56	913.25
618.69	889.00
618.81	899.00
618.94	997.00
619.06	958.00
619.18	947.75
619.31	912.50
619.43	930.25
619.55	978.00
619.68	966.50
619.80	911.00
619.92	980.75
620.05	1094.75
620.17	1005.75
620.30	949.75
620.42	983.25
620.54	1005.00
620.67	934.75
620.79	955.50
620.91	979.25
621.04	1036.50
621.16	940.50
621.29	923.50
621.41	905.25
621.53	948.75
621.66	945.75
621.78	931.75
621.90	1000.25
622.03	1062.75
622.15	957.25
622.27	947.75
622.40	976.25
622.52	940.75
622.64	945.75
622.77	909.00
622.89	978.75
623.02	993.75
623.14	966.75
623.26	983.00
623.39	981.00
623.51	1020.25
623.63	951.00
623.76	923.50
623.88	1014.00
624.00	965.25
624.13	929.75
624.25	921.25
624.37	914.25
624.50	1003.50
624.62	971.25
624.75	918.25
624.87	912.00
624.99	982.00
625.12	933.75
625.24	938.00
625.36	1039.25
625.49	990.00
625.61	969.75
625.73	969.75
625.86	1018.25
625.98	965.75
626.10	924.50
626.23	908.00
626.35	982.50
626.47	940.25
626.60	918.75
626.72	926.00
626.84	942.50
626.97	984.50
627.09	949.50
627.21	944.00
627.34	1080.50
627.46	1069.25
627.58	951.25
627.71	972.00
627.83	1005.75
627.95	928.25
628.08	959.00
628.20	977.75
628.32	900.50
628.45	877.75
628.57	896.75
628.69	921.75
628.82	982.50
628.94	1015.50
629.06	956.50
629.19	935.75
629.31	1006.25
629.43	930.50
629.56	972.00
629.68	963.50
629.80	1013.75
629.93	922.75
630.05	925.00
630.17	922.75
630.30	952.00
630.42	938.00
630.54	977.75
630.67	952.00
630.79	936.75
630.91	1085.00
631.04	979.75
631.16	975.25
631.28	979.75
631.41	936.75
631.53	927.75
631.65	960.50
631.78	982.75
631.90	959.75
632.02	960.25
632.14	879.00
632.27	1036.25
632.39	962.00
632.51	931.50
632.64	994.00
632.76	951.75
632.88	937.75
633.01	974.75
633.13	945.00
633.25	962.75
633.38	1079.75
633.50	909.50
633.62	898.00
633.75	895.25
633.87	883.75
633.99	964.50
634.11	912.25
634.24	938.00
634.36	959.50
634.48	949.50
634.61	941.25
634.73	992.00
634.85	946.50
634.98	941.50
635.10	934.00
635.22	961.50
635.35	1083.00
635.47	965.25
635.59	956.75
635.71	982.25
635.84	1008.50
635.96	933.00
636.08	980.00
636.21	942.00
636.33	974.25
636.45	952.00
636.58	930.75
636.70	902.50
636.82	988.50
636.94	933.75
637.07	906.75
637.19	995.25
637.31	998.50
637.44	987.75
637.56	906.75
637.68	974.50
637.81	980.75
637.93	956.25
638.05	925.25
638.17	1020.00
638.30	1075.00
638.42	958.50
638.54	925.25
638.67	951.00
638.79	956.25
638.91	927.75
639.03	948.75
639.16	948.25
639.28	958.75
639.40	952.75
639.53	932.00
639.65	1001.00
639.77	957.50
639.89	967.00
640.02	955.75
640.14	979.50
640.26	923.00
640.39	1000.00
640.51	932.25
640.63	985.00
640.75	1010.00
640.88	960.00
641.00	940.00
641.12	936.50
641.24	1046.75
641.37	949.00
641.49	928.75
641.61	1076.00
641.74	938.75
641.86	969.00
641.98	914.25
642.10	981.25
642.23	985.75
642.35	941.25
642.47	968.25
642.60	977.75
642.72	997.25
642.84	900.75
642.96	914.00
643.09	917.75
643.21	926.50
643.33	920.00
643.45	927.75
643.58	1002.00
643.70	1037.25
643.82	950.00
643.94	938.75
644.07	969.00
644.19	982.50
644.31	968.50
644.44	958.50
644.56	951.25
644.68	924.25
644.80	920.25
644.93	925.25
645.05	927.75
645.17	974.50
645.29	969.75
645.42	970.00
645.54	967.50
645.66	996.25
645.78	940.50
645.91	933.50
646.03	988.25
646.15	1039.75
646.27	939.00
646.40	963.75
646.52	993.00
646.64	1014.75
646.76	958.50
646.89	900.75
647.01	1000.75
647.13	986.75
647.25	1002.50
647.38	953.00
647.50	926.50
647.62	996.50
647.74	913.50
647.87	918.75
647.99	967.00
648.11	992.25
648.23	958.25
648.36	911.75
648.48	1039.50
648.60	975.50
648.72	943.50
648.85	924.75
648.97	1005.50
649.09	988.00
649.21	938.00
649.34	976.00
649.46	996.50
649.58	977.00
649.70	992.00
649.83	941.75
649.95	988.75
650.07	996.75
650.19	1005.75
650.32	967.25
650.44	1021.00
650.56	998.50
650.68	949.25
650.81	950.00
650.93	961.00
651.05	1035.00
651.17	933.00
651.29	984.00
651.42	957.25
651.54	992.25
651.66	933.75
651.78	929.00
651.91	1000.25
652.03	1096.50
652.15	993.00
652.27	930.75
652.40	969.25
652.52	953.00
652.64	962.75
652.76	946.75
652.88	1071.25
653.01	976.50
653.13	926.75
653.25	903.75
653.37	1011.50
653.50	1019.00
653.62	996.75
653.74	910.75
653.86	1012.50
653.98	1004.75
654.11	933.50
654.23	947.50
654.35	956.00
654.47	1098.75
654.60	963.25
654.72	945.75
654.84	930.00
654.96	1011.25
655.08	947.75
655.21	974.50
655.33	975.00
655.45	1026.75
655.57	969.75
655.70	964.00
655.82	1009.25
655.94	1052.25
656.06	1003.00
656.18	928.25
656.31	1025.25
656.43	996.25
656.55	933.00
656.67	959.50
656.79	978.50
656.92	1029.00
657.04	983.25
657.16	948.50
657.28	1097.00
657.40	1006.25
657.53	1003.75
657.65	954.00
657.77	1028.00
657.89	1030.75
658.01	960.50
658.14	932.00
658.26	1004.00
658.38	962.00
658.50	919.25
658.62	941.50
658.75	1099.25
658.87	1011.00
658.99	1012.50
659.11	932.75
659.23	1020.25
659.36	1082.25
659.48	1030.50
659.60	994.50
659.72	994.50
659.84	983.75
659.97	995.50
660.09	999.75
660.21	1092.50
660.33	1029.75
660.45	916.50
660.58	893.00
660.70	952.25
660.82	970.50
660.94	924.75
661.06	968.75
661.19	1045.25
661.31	1021.75
661.43	968.25
661.55	960.75
661.67	1027.50
661.80	1056.00
661.92	977.75
662.04	982.00
662.16	990.00
662.28	1045.75
662.40	976.75
662.53	975.75
662.65	1004.25
662.77	951.50
662.89	967.75
663.01	958.25
663.14	975.25
663.26	1003.75
663.38	975.50
663.50	937.00
663.62	958.75
663.74	985.50
663.87	946.25
663.99	981.00
664.11	1022.75
664.23	1108.50
664.35	965.75
664.48	957.50
664.60	977.00
664.72	967.75
664.84	925.25
664.96	966.25
665.08	1033.75
665.21	995.75
665.33	1002.75
665.45	919.25
665.57	982.75
665.69	1066.25
665.81	974.50
665.94	937.50
666.06	953.75
666.18	1000.50
666.30	963.25
666.42	941.75
666.54	993.50
666.67	1016.25
666.79	944.25
666.91	1011.00
667.03	972.00
667.15	937.00
667.27	963.50
667.40	937.75
667.52	965.50
667.64	1026.25
667.76	970.00
667.88	932.25
668.00	1011.00
668.13	1020.50
668.25	952.50
668.37	945.50
668.49	967.25
668.61	1033.25
668.73	973.75
668.85	982.00
668.98	1007.25
669.10	1000.50
669.22	962.25
669.34	975.00
669.46	1025.75
669.58	970.00
669.71	995.25
669.83	977.00
669.95	971.75
670.07	990.25
670.19	959.25
670.31	969.75
670.43	977.50
670.56	1007.75
670.68	1030.75
670.80	1002.25
670.92	994.75
671.04	1052.50
671.16	975.50
671.28	966.75
671.41	974.75
671.53	1034.50
671.65	966.00
671.77	964.50
671.89	1135.00
672.01	1086.00
672.13	1026.50
672.26	955.50
672.38	995.25
672.50	957.25
672.62	978.50
672.74	1006.25
672.86	987.50
672.98	993.00
673.11	986.50
673.23	985.25
673.35	1059.00
673.47	985.25
673.59	989.00
673.71	942.50
673.83	1015.00
673.96	1101.50
674.08	989.25
674.20	943.75
674.32	992.00
674.44	996.25
674.56	999.25
674.68	998.25
674.80	1033.50
674.93	991.75
675.05	972.75
675.17	996.00
675.29	1029.00
675.41	1036.25
675.53	991.75
675.65	972.25
675.77	988.25
675.90	1046.75
676.02	962.25
676.14	954.00
676.26	1071.50
676.38	1115.50
676.50	996.50
676.62	1016.50
676.74	955.75
676.87	975.75
676.99	1000.00
677.11	1036.25
677.23	1005.25
677.35	1020.50
677.47	942.50
677.59	962.75
677.71	1024.75
677.83	1023.50
677.96	993.25
678.08	990.25
678.20	1002.00
678.32	960.25
678.44	990.50
678.56	989.75
678.68	1146.00
678.80	1046.75
678.93	982.75
679.05	995.50
679.17	1002.25
679.29	1055.50
679.41	994.00
679.53	958.25
679.65	979.75
679.77	1006.75
679.89	983.75
680.01	1015.00
680.14	1024.25
680.26	941.75
680.38	980.25
680.50	1026.50
680.62	1082.75
680.74	1024.75
680.86	985.25
680.98	995.25
681.10	1013.75
681.22	1093.00
681.35	977.50
681.47	979.25
681.59	971.50
681.71	1082.75
681.83	1003.50
681.95	962.75
682.07	1062.75
682.19	1027.25
682.31	979.50
682.43	945.50
682.56	1019.75
682.68	952.25
682.80	959.25
682.92	1008.25
683.04	1002.25
683.16	997.50
683.28	964.25
683.40	1023.00
683.52	1003.75
683.64	1026.00
683.76	964.75
683.89	977.25
684.01	997.00
684.13	1058.50
684.25	991.50
684.37	998.50
684.49	1048.75
684.61	992.75
684.73	996.50
684.85	987.25
684.97	969.25
685.09	1064.50
685.21	968.00
685.34	1006.00
685.46	1137.00
685.58	1030.75
685.70	1013.25
685.82	1036.75
685.94	963.50
686.06	970.50
686.18	958.25
686.30	984.75
686.42	952.50
686.54	1037.00
686.66	969.25
686.79	1067.75
686.91	1025.00
687.03	1113.75
687.15	1025.00
687.27	996.50
687.39	1008.75
687.51	1085.75
687.63	1012.25
687.75	1048.00
687.87	1036.00
687.99	1079.75
688.11	972.50
688.23	1015.25
688.35	1049.50
688.48	1023.25
688.60	973.75
688.72	990.00
688.84	1024.00
688.96	1047.75
689.08	1007.00
689.20	994.25
689.32	1128.25
689.44	1025.75
689.56	947.75
689.68	983.25
689.80	1002.75
689.92	970.25
690.04	985.50
690.16	1042.00
690.28	1029.25
690.41	1031.75
690.53	963.25
690.65	1041.25
690.77	1073.25
690.89	1056.00
691.01	1004.75
691.13	985.00
691.25	960.75
691.37	1007.75
691.49	950.75
691.61	957.00
691.73	1096.00
691.85	1022.50
691.97	989.50
692.09	969.25
692.21	1060.00
692.33	1077.00
692.45	1019.00
692.57	979.00
692.70	1016.75
692.82	1035.50
692.94	952.00
693.06	980.25
693.18	1020.00
693.30	996.75
693.42	971.25
693.54	1015.25
693.66	1031.25
693.78	1027.75
693.90	981.50
694.02	1003.50
694.14	1038.50
694.26	994.25
694.38	1018.50
694.50	1020.50
694.62	1023.75
694.74	966.50
694.86	964.00
694.98	1017.50
695.10	1034.25
695.22	1068.75
695.34	980.75
695.46	968.00
695.58	994.00
695.71	1022.25
695.83	981.50
695.95	995.50
696.07	1084.50
696.19	983.50
696.31	978.00
696.43	960.00
696.55	1098.75
696.67	1042.50
696.79	997.00
696.91	1007.75
697.03	993.50
697.15	1090.00
697.27	1018.75
697.39	990.00
697.51	1043.50
697.63	986.25
697.75	984.50
697.87	1012.75
697.99	968.50
698.11	937.75
698.23	976.50
698.35	991.75
698.47	989.50
698.59	1019.25
698.71	991.75
698.83	1049.25
698.95	973.50
699.07	1021.00
699.19	984.25
699.31	1007.00
699.43	985.25
699.55	1039.25
699.67	994.75
699.79	995.25
699.91	991.25
700.03	1017.75
700.15	1007.50
700.27	963.00
700.39	1007.25
700.51	960.50
700.63	991.25
700.75	989.00
700.87	1026.25
700.99	993.25
701.11	1031.50
701.24	1011.00
701.36	1055.75
701.48	1058.75
701.60	1040.00
701.72	973.25
701.84	1083.75
701.96	1031.25
702.08	997.50
702.20	1087.00
702.32	1044.25
702.44	1058.75
702.56	1005.75
702.68	1008.50
702.80	1024.50
702.92	1114.75
703.04	1082.75
703.16	1023.50
703.28	1035.50
703.40	1011.75
703.52	1025.00
703.64	1032.75
703.76	1026.75
703.88	1001.50
704.00	988.25
704.12	1010.00
704.24	1068.00
704.36	1022.50
704.48	1022.50
704.60	965.50
704.72	1004.50
704.84	1001.50
704.96	1035.00
705.07	1024.75
705.19	980.25
705.31	1012.50
705.43	1036.25
705.55	986.00
705.67	1033.00
705.79	1015.50
705.91	949.25
706.03	1011.00
706.15	1028.25
706.27	995.50
706.39	1003.00
706.51	982.00
706.63	990.75
706.75	1045.75
706.87	1026.00
706.99	1080.00
707.11	1017.00
707.23	1010.25
707.35	1034.25
707.47	1005.75
707.59	1048.50
707.71	1057.75
707.83	1005.00
707.95	1050.00
708.07	1017.25
708.19	1160.25
708.31	1030.00
708.43	986.00
708.55	1042.50
708.67	1084.00
708.79	1023.75
708.91	1053.00
709.03	1026.25
709.15	1076.50
709.27	992.00
709.39	1025.00
709.51	1013.50
709.63	1047.50
709.75	1048.00
709.87	975.50
709.99	1068.25
710.11	1011.00
710.23	1004.00
710.35	982.50
710.47	1128.75
710.58	1073.25
710.70	1067.00
710.82	1065.25
710.94	1031.00
711.06	1020.25
711.18	1035.25
711.30	1004.50
711.42	1066.25
711.54	1034.75
711.66	1041.75
711.78	991.50
711.90	1059.75
712.02	1101.25
712.14	993.75
712.26	970.50
712.38	1074.25
712.50	1092.50
712.62	1009.25
712.74	998.25
712.86	1001.75
712.98	1074.75
713.10	1015.50
713.22	985.50
713.34	1035.00
713.45	1000.00
713.57	1037.75
713.69	983.75
713.81	1009.00
713.93	1037.00
714.05	1026.50
714.17	1000.00
714.29	1097.00
714.41	1093.75
714.53	1014.25
714.65	1047.75
714.77	1028.00
714.89	984.00
715.01	1071.50
715.13	999.75
715.25	1041.50
715.37	1003.75
715.49	972.50
715.61	1042.25
715.72	1054.25
715.84	1083.25
715.96	1017.50
716.08	1013.25
716.20	1095.75
716.32	1076.25
716.44	1020.25
716.56	1018.00
716.68	1033.75
716.80	1122.50
716.92	1092.50
717.04	1042.50
717.16	1054.75
717.28	1032.25
717.40	1014.00
717.52	1032.00
717.63	1011.75
717.75	1045.25
717.87	1027.75
717.99	1051.00
718.11	1022.50
718.23	1103.25
718.35	1049.75
718.47	1022.25
718.59	986.25
718.71	1027.25
718.83	1005.25
718.95	1053.50
719.07	998.25
719.19	1026.00
719.30	1016.00
719.42	1046.00
719.54	1021.50
719.66	1043.50
719.78	1031.25
719.90	964.75
720.02	1037.00
720.14	1056.75
720.26	1054.00
720.38	1049.25
720.50	1005.25
720.62	960.50
720.74	1031.00
720.85	1034.25
720.97	1093.50
721.09	1139.50
721.21	1027.00
721.33	1101.00
721.45	1038.00
721.57	1056.75
721.69	1011.00
721.81	979.50
721.93	1103.75
722.05	1048.50
722.16	992.75
722.28	962.25
722.40	1003.75
722.52	1079.00
722.64	1088.50
722.76	990.50
722.88	1053.50
723.00	1059.75
723.12	1003.00
723.24	1031.50
723.36	970.50
723.47	1084.50
723.59	1044.50
723.71	1020.25
723.83	1062.25
723.95	1017.25
724.07	1031.00
724.19	1055.25
724.31	1115.75
724.43	1005.25
724.55	970.00
724.66	999.75
724.78	1191.00
724.90	1010.75
725.02	1011.50
725.14	1008.25
725.26	1038.00
725.38	968.00
725.50	1027.00
725.62	1038.75
725.74	1034.25
725.85	1026.50
725.97	1028.50
726.09	1089.75
726.21	1356.50
726.33	1075.00
726.45	1037.75
726.57	996.00
726.69	1045.75
726.81	1051.00
726.92	1017.50
727.04	1028.75
727.16	1057.75
727.28	1038.00
727.40	1036.75
727.52	1043.50
727.64	1165.75
727.76	1129.50
727.88	1061.00
727.99	991.00
728.11	1004.00
728.23	1038.25
728.35	1017.75
728.47	1016.50
728.59	1024.00
728.71	1051.25
728.83	1042.50
728.94	1064.50
729.06	1139.75
729.18	1109.25
729.30	1059.75
729.42	1046.00
729.54	1115.50
729.66	1131.25
729.78	1040.25
729.90	1039.25
730.01	1030.00
730.13	966.50
730.25	1032.75
730.37	1019.25
730.49	1054.25
730.61	1055.00
730.73	1059.00
730.84	1082.75
730.96	1064.75
731.08	1060.50
731.20	1050.25
731.32	1038.75
731.44	1200.25
731.56	1042.00
731.68	1008.00
731.79	1056.50
731.91	1023.25
732.03	1019.75
732.15	1027.75
732.27	1001.50
732.39	1009.25
732.51	1080.75
732.62	1012.25
732.74	1022.50
732.86	1091.75
732.98	1053.00
733.10	1044.75
733.22	1049.75
733.34	1058.50
733.45	977.25
733.57	1038.00
733.69	994.25
733.81	1027.50
733.93	1050.50
734.05	969.25
734.17	1029.00
734.28	1041.50
734.40	1043.00
734.52	1022.00
734.64	1020.50
734.76	1125.50
734.88	1052.75
735.00	1011.75
735.11	1034.50
735.23	1099.50
735.35	1033.00
735.47	985.00
735.59	1081.25
735.71	1036.50
735.83	1061.25
735.94	1060.00
736.06	1044.25
736.18	1098.50
736.30	1097.75
736.42	1054.50
736.54	1053.25
736.65	1076.75
736.77	1191.75
736.89	1089.75
737.01	1056.50
737.13	1163.75
737.25	980.00
737.36	1002.25
737.48	1030.50
737.60	1045.25
737.72	1012.75
737.84	1027.00
737.96	1093.50
738.08	1047.00
738.19	1146.50
738.31	1026.50
738.43	1045.50
738.55	1054.00
738.67	1050.25
738.79	1009.75
738.90	1049.50
739.02	1070.75
739.14	1034.50
739.26	1036.75
739.38	1037.25
739.50	1080.25
739.61	1045.25
739.73	1040.75
739.85	1037.75
739.97	1072.25
740.09	1116.50
740.20	993.50
740.32	1053.00
740.44	1073.50
740.56	1002.50
740.68	1025.25
740.80	1042.25
740.91	1046.00
741.03	1092.50
741.15	1071.00
741.27	1030.50
741.39	1105.75
741.51	1063.25
741.62	1087.00
741.74	1043.50
741.86	1053.25
741.98	1012.50
742.10	1061.25
742.21	1064.25
742.33	1059.00
742.45	1018.00
742.57	1101.00
742.69	1024.75
742.80	1094.50
742.92	1044.50
743.04	1043.75
743.16	1033.00
743.28	1106.25
743.40	1008.25
743.51	1005.25
743.63	1014.25
743.75	1057.25
743.87	1043.00
743.99	1064.00
744.10	1040.50
744.22	1053.00
744.34	1033.25
744.46	1060.00
744.58	1049.50
744.69	979.75
744.81	1053.25
744.93	1001.75
745.05	1002.50
745.17	1122.50
745.28	1126.00
745.40	1065.25
745.52	1043.25
745.64	1053.75
745.76	1095.50
745.87	1027.75
745.99	1019.25
746.11	1058.75
746.23	1015.25
746.35	1054.00
746.46	1020.25
746.58	1164.75
746.70	1060.00
746.82	1055.75
746.94	1035.25
747.05	1014.00
747.17	997.75
747.29	990.25
747.41	1027.50
747.53	1178.25
747.64	1034.50
747.76	1099.50
747.88	1095.50
748.00	1102.00
748.12	1059.75
748.23	1045.00
748.35	1059.00
748.47	1080.50
748.59	1090.00
748.70	1017.25
748.82	1007.75
748.94	1016.50
749.06	1034.50
749.18	1031.25
749.29	1012.75
749.41	1062.75
749.53	1049.50
749.65	1023.25
749.76	1068.25
749.88	1033.25
750.00	1065.75
750.12	1081.75
750.24	1057.00
750.35	1044.25
750.47	1006.00
750.59	1061.50
750.71	1035.50
750.82	1088.00
750.94	1019.50
751.06	1036.00
751.18	1016.50
751.30	1085.75
751.41	1086.00
751.53	1071.75
751.65	1028.00
751.77	1025.00
751.88	1058.75
752.00	1089.75
752.12	999.00
752.24	1105.75
752.35	1075.00
752.47	1082.75
752.59	1088.25
752.71	1132.75
752.83	1020.00
752.94	1093.25
753.06	1019.75
753.18	1054.00
753.30	1021.50
753.41	976.00
753.53	1032.50
753.65	1028.50
753.77	1094.75
753.88	1019.25
754.00	1048.75
754.12	1065.00
754.24	1135.75
754.35	1015.75
754.47	975.75
754.59	1074.00
754.71	1081.50
754.82	1038.50
754.94	1027.50
755.06	1099.50
755.18	1082.25
755.29	1063.75
755.41	1025.50
755.53	1069.75
755.65	1023.75
755.76	1049.25
755.88	1049.00
756.00	1111.50
756.12	1027.75
756.23	952.25
756.35	1010.75
756.47	1086.50
756.59	1030.00
756.70	1017.75
756.82	1019.25
756.94	1025.50
757.06	1058.25
757.17	1047.25
757.29	1031.75
757.41	991.00
757.53	1062.00
757.64	1041.75
757.76	1043.25
757.88	1060.75
758.00	1062.75
758.11	1031.00
758.23	993.25
758.35	1069.25
758.47	1008.25
758.58	1053.00
758.70	1001.00
758.82	1024.75
758.94	1002.75
759.05	1041.75
759.17	991.75
759.29	1036.25
759.40	1101.25
759.52	1036.00
759.64	1037.50
759.76	1055.00
759.87	1072.00
759.99	1052.75
760.11	1018.50
760.23	1051.00
760.34	1085.25
760.46	1062.50
760.58	1026.25
760.70	1042.00
760.81	1089.75
760.93	1052.75
761.05	1075.00
761.16	1061.50
761.28	1029.25
761.40	1007.25
761.52	1000.00
761.63	1099.75
761.75	1050.00
761.87	1020.25
761.98	992.75
762.10	1073.00
762.22	1044.00
762.34	1071.25
762.45	1026.50
762.57	1074.75
762.69	1179.00
762.81	1020.00
762.92	1047.00
763.04	982.75
763.16	1058.75
763.27	1072.25
763.39	1024.50
763.51	1072.25
763.63	1059.50
763.74	1015.25
763.86	981.25
763.98	1010.50
764.09	1031.00
764.21	1043.00
764.33	991.75
764.44	1016.75
764.56	1043.00
764.68	1003.00
764.80	1036.50
764.91	970.25
765.03	1108.25
765.15	1014.75
765.26	1025.75
765.38	1006.50
765.50	1080.50
765.62	1038.75
765.73	1033.00
765.85	1046.25
765.97	995.00
766.08	1033.25
766.20	1044.00
766.32	1059.50
766.43	1091.00
766.55	1060.50
766.67	1018.00
766.79	1032.75
766.90	1001.75
767.02	957.00
767.14	991.75
767.25	990.25
767.37	1134.00
767.49	1045.75
767.60	1025.25
767.72	1089.75
767.84	1055.00
767.95	1008.75
768.07	998.50
768.19	1055.00
768.31	1058.25
768.42	1047.00
768.54	1017.25
768.66	1037.50
768.77	1070.00
768.89	1034.00
769.01	998.75
769.12	1053.25
769.24	1041.25
769.36	981.75
769.47	981.75
769.59	988.25
769.71	1051.50
769.82	1016.25
769.94	1011.00
770.06	988.25
770.17	1072.50
770.29	1033.75
770.41	1058.25
770.53	1060.50
770.64	990.50
770.76	1024.25
770.88	1040.25
770.99	1065.75
771.11	997.25
771.23	1032.50
771.34	1041.00
771.46	1131.75
771.58	1100.25
771.69	1058.50
771.81	1025.25
771.93	1073.50
772.04	1005.00
772.16	1049.75
772.28	1023.00
772.39	1078.00
772.51	1026.00
772.63	1058.25
772.74	1018.50
772.86	1023.50
772.98	1153.50
773.09	996.75
773.21	1009.25
773.33	1046.75
773.44	1047.25
773.56	1022.75
773.68	1024.75
773.79	1078.50
773.91	1011.50
774.03	1025.25
774.14	1018.75
774.26	1080.25
774.38	999.00
774.49	986.50
774.61	1008.75
774.73	1029.00
774.84	1013.00
774.96	1003.25
775.08	1018.25
775.19	1055.50
775.31	1084.50
775.43	1029.75
775.54	1001.25
775.66	965.25
775.77	1065.50
775.89	979.50
776.01	1053.50
776.12	1072.50
776.24	1042.25
776.36	974.50
776.47	994.00
776.59	1035.75
776.71	1072.50
776.82	959.50
776.94	973.50
777.06	1008.75
777.17	1088.00
777.29	987.75
777.41	985.25
777.52	1046.00
777.64	1028.00
777.75	1041.00
777.87	950.25
777.99	1009.50
778.10	1059.75
778.22	995.50
778.34	1018.75
778.45	1016.75
778.57	1067.75
778.69	1049.25
778.80	1031.25
778.92	1116.50
779.04	1048.75
779.15	1008.75
779.27	1048.50
779.38	1058.50
779.50	1077.50
779.62	970.00
779.73	1015.00
779.85	965.25
779.97	1141.75
780.08	1027.25
780.20	1012.25
780.31	1045.25
780.43	1058.75
780.55	1007.75
780.66	1020.75
780.78	1049.00
780.90	1142.50
781.01	995.75
781.13	1012.75
781.25	1007.50
781.36	1077.25
781.48	991.25
781.59	1006.00
781.71	1052.00
781.83	1045.50
781.94	984.00
782.06	988.50
782.18	1062.75
782.29	990.25
782.41	948.00
782.52	1038.75
782.64	1067.00
782.76	1029.75
782.87	1030.25
782.99	994.00
783.10	1141.75
783.22	1164.50
783.34	1017.75
783.45	1028.00
783.57	1027.25
783.69	984.50
783.80	1022.00
783.92	1036.00
784.03	1020.75
784.15	982.25
784.27	1002.50
784.38	983.75
784.50	981.75
784.61	1011.25
784.73	987.25
784.85	998.25
784.96	977.50
785.08	1053.50
785.19	1041.50
785.31	990.75
785.43	975.50
785.54	969.75
785.66	1026.75
785.77	1015.75
785.89	1036.00
786.01	957.25
786.12	1003.50
786.24	1011.50
786.35	1089.00
786.47	1020.25
786.59	991.75
786.70	967.00
786.82	1021.50
786.93	1032.25
787.05	1000.75
787.17	1018.00
787.28	995.75
787.40	1028.00
787.51	1023.50
787.63	1025.50
787.75	970.50
787.86	1021.50
787.98	1046.50
788.09	1002.50
788.21	1032.00
788.33	1048.00
788.44	1025.00
788.56	987.75
788.67	1037.50
788.79	997.25
788.91	1002.50
789.02	993.00
789.14	994.00
789.25	1108.00
789.37	1024.25
789.48	978.25
789.60	1014.50
789.72	976.75
789.83	1037.25
789.95	1015.00
790.06	943.50
790.18	974.25
790.30	1039.50
790.41	1019.75
790.53	985.00
790.64	963.00
790.76	964.50
790.87	989.50
790.99	1010.75
791.11	1006.75
791.22	981.50
791.34	1000.25
791.45	1036.75
791.57	1025.50
791.68	978.00
791.80	978.25
791.92	1038.50
792.03	977.00
792.15	952.25
792.26	980.75
792.38	946.25
792.49	1026.25
792.61	987.25
792.73	1014.50
792.84	994.75
792.96	1108.75
793.07	990.50
793.19	1829.75
793.30	1079.75
793.42	1041.50
793.54	935.25
793.65	952.00
793.77	1133.50
793.88	981.25
794.00	941.50
794.11	991.00
794.23	928.25
794.34	1005.25
794.46	935.00
794.58	938.00
794.69	1073.25
794.81	1070.25
794.92	956.00
795.04	955.50
795.15	1078.75
795.27	1035.75
795.39	995.00
795.50	963.00
795.62	973.75
795.73	986.50
795.85	960.25
795.96	1011.25
796.08	1042.25
796.19	972.50
796.31	971.25
796.42	944.25
796.54	969.50
796.66	1044.25
796.77	953.50
796.89	935.50
797.00	1053.50
797.12	911.50
797.23	964.75
797.35	995.25
797.46	1030.00
797.58	1054.50
797.69	1007.25
797.81	969.50
797.93	982.25
798.04	973.00
798.16	965.75
798.27	997.00
798.39	943.25
798.50	941.25
798.62	944.25
798.73	936.75
798.85	1058.25
798.96	990.00
799.08	1007.75
799.19	1006.75
799.31	1001.25
799.43	991.75
799.54	964.25
799.66	986.75
799.77	1017.00
799.89	956.75
800.00	921.00
800.12	968.25
800.23	1035.75
800.35	1069.50
800.46	921.00
800.58	911.00
800.69	974.75
800.81	958.25
800.92	928.75
801.04	975.50
801.16	911.50
801.27	924.50
801.39	936.50
801.50	946.25
801.62	968.25
801.73	1035.50
801.85	1018.50
801.96	942.25
802.08	1033.75
802.19	1025.75
802.31	960.50
802.42	972.25
802.54	1055.50
802.65	1040.00
802.77	937.75
802.88	1005.00
803.00	929.50
803.11	1082.00
803.23	975.50
803.34	963.75
803.46	1001.50
803.57	932.75
803.69	997.25
803.80	927.50
803.92	1031.25
804.03	959.50
804.15	982.25
804.26	1001.50
804.38	1006.25
804.50	940.25
804.61	973.00
804.73	970.50
804.84	979.50
804.96	906.00
805.07	953.00
805.19	927.50
805.30	988.75
805.42	1023.50
805.53	978.75
805.65	950.50
805.76	925.50
805.88	944.00
805.99	966.25
806.11	988.00
806.22	938.50
806.34	948.25
806.45	958.00
806.57	943.75
806.68	1016.00
806.80	888.50
806.91	922.50
807.03	913.75
807.14	907.50
807.26	920.75
807.37	912.25
807.49	956.75
807.60	934.75
807.72	1026.75
807.83	1031.25
807.95	958.25
808.06	972.50
808.17	972.50
808.29	990.50
808.40	913.00
808.52	955.75
808.63	965.50
808.75	959.50
808.86	932.50
808.98	968.50
809.09	931.75
809.21	964.00
809.32	921.50
809.44	973.00
809.55	894.00
809.67	937.25
809.78	907.25
809.90	976.75
810.01	1013.75
810.13	914.75
810.24	955.00
810.36	885.25
810.47	965.25
810.59	942.75
810.70	959.25
810.82	985.25
810.93	896.25
811.05	908.00
811.16	916.25
811.27	918.25
811.39	937.75
811.50	970.50
811.62	889.25
811.73	858.50
811.85	954.25
811.96	933.75
812.08	949.00
812.19	940.00
812.31	953.75
812.42	914.25
812.54	902.25
812.65	972.25
812.77	983.25
812.88	949.75
813.00	958.00
813.11	959.25
813.22	888.75
813.34	899.00
813.45	919.50
813.57	1015.50
813.68	1018.50
813.80	923.75
813.91	884.50
814.03	910.00
814.14	1009.25
814.26	900.75
814.37	912.75
814.49	911.75
814.60	888.50
814.71	880.50
814.83	903.75
814.94	864.25
815.06	902.75
815.17	909.75
815.29	911.75
815.40	883.50
815.52	998.00
815.63	894.75
815.75	892.00
815.86	921.50
815.97	869.75
816.09	907.00
816.20	923.75
816.32	930.50
816.43	853.25
816.55	918.25
816.66	882.50
816.78	987.75
816.89	910.25
817.00	906.50
817.12	880.00
817.23	874.50
817.35	945.00
817.46	897.25
817.58	856.50
817.69	992.00
817.81	907.75
817.92	927.75
818.03	897.50
818.15	902.50
818.26	861.25
818.38	860.00
818.49	874.00
818.61	896.50
818.72	854.50
818.83	1946.50
818.95	1029.50
819.06	871.00
819.18	879.25
819.29	901.50
819.41	871.25
819.52	898.50
819.64	891.00
819.75	865.00
819.86	839.00
819.98	866.00
820.09	911.25
820.21	878.00
820.32	849.25
820.44	904.00
820.55	958.25
820.66	855.25
820.78	911.75
820.89	874.25
821.01	902.50
821.12	869.50
821.23	881.50
821.35	854.50
821.46	933.00
821.58	872.75
821.69	854.75
821.81	850.75
821.92	942.00
822.03	870.50
822.15	874.00
822.26	836.50
822.38	838.50
822.49	874.75
822.61	866.75
822.72	879.25
822.83	939.00
822.95	867.75
823.06	872.00
823.18	919.75
823.29	953.50
823.40	890.75
823.52	858.25
823.63	818.00
823.75	971.25
823.86	859.75
823.97	807.50
824.09	893.50
824.20	838.00
824.32	868.75
824.43	846.75
824.55	902.25
824.66	964.75
824.77	864.50
824.89	877.75
825.00	932.25
825.12	873.50
825.23	884.00
825.34	811.75
825.46	820.50
825.57	898.25
825.69	840.25
825.80	781.50
825.91	832.25
826.03	805.00
826.14	874.50
826.26	816.00
826.37	852.50
826.48	840.75
826.60	849.50
826.71	811.50
826.83	862.25
826.94	864.50
827.05	887.25
827.17	877.75
827.28	845.25
827.39	835.00
827.51	797.50
827.62	832.75
827.74	852.75
827.85	836.25
827.96	816.75
828.08	837.25
828.19	963.50
828.31	837.75
828.42	785.00
828.53	859.75
828.65	888.50
828.76	909.75
828.87	862.00
828.99	803.00
