Wavelength (nm)	Intensity
400,03	799,104246331658
400,17	799,299992669988
400,3	799,493758474937
400,43	799,685543746503
400,56	799,875348484688
400,7	800,063172689491
400,83	800,249016360912
400,96	800,432879498952
401,09	800,61476210361
401,23	800,794664174886
401,36	800,972585712781
401,49	801,148526717294
401,62	801,322487188425
401,75	801,494467126174
401,89	801,664466530542
402,02	801,832485401527
402,15	801,998523739132
402,28	802,162581543354
402,41	802,324658814195
402,55	802,484755551654
402,68	802,642871755731
402,81	802,799007426427
402,94	802,953162563741
403,08	803,105337167673
403,21	803,255531238223
403,34	803,403744775392
403,47	803,549977779179
403,6	803,694230249584
403,74	803,836502186607
403,87	803,976793590249
404	804,115104460509
404,13	804,251434797387
404,26	804,385784600884
404,4	804,518153870999
404,53	804,648542607732
404,66	804,776950811084
404,79	804,903378481053
404,93	805,027825617641
405,06	805,150292220848
405,19	805,270778290672
405,32	805,389283827115
405,45	805,505808830176
405,59	805,620353299856
405,72	805,732917236153
405,85	805,843500639069
405,98	805,952103508604
406,11	806,058725844756
406,25	806,163367647527
406,38	806,266028916916
406,51	806,366709652923
406,64	806,465409855549
406,77	806,093341314715
406,91	804,454450697497
407,04	805,458024083962
407,17	806,501762283024
407,3	806,502346327837
407,43	807,046097151463
407,57	807,269749623506
407,7	806,878427499061
407,83	807,261421215908
407,96	806,239005793783
408,09	807,827053600506
408,23	808,000126152421
408,36	808,339175878753
408,49	808,323346785164
408,62	808,325051048795
408,75	808,229496258364
408,89	809,578965234388
409,02	809,317263079707
409,15	809,013108840981
409,28	809,556490109205
409,41	809,557065992036
409,55	809,176847389594
409,68	810,101192383316
409,81	810,59304318393
409,94	810,337559247187
410,07	810,803202770762
410,2	811,553462730739
410,34	812,231422019872
410,47	812,106244463281
410,6	812,934001176817
410,73	813,036843696021
410,86	813,282782944314
411	813,575226027457
411,13	812,340440543083
411,26	812,797350606906
411,39	812,807405608522
411,52	811,842200839502
411,66	812,517497796382
411,79	812,810506572987
411,92	811,908473284221
412,05	811,644376057023
412,18	810,749747631074
412,31	811,058051092488
412,45	811,538315602434
412,58	810,833936236342
412,71	812,632956157752
412,84	812,526950535831
412,97	812,668215607969
413,11	810,945358832971
413,24	810,574315351924
413,37	810,524881616317
413,5	809,255109004104
413,63	807,607854261154
413,76	806,168524673827
413,9	805,512463094853
414,03	805,957003096426
414,16	806,78073932636
414,29	807,539123073472
414,42	809,026755551283
414,56	808,767552058119
414,69	808,26025363313
414,82	806,735047605732
414,95	807,739766687349
415,08	807,88186509719
415,21	807,812074378312
415,35	809,678638959042
415,48	810,037861316229
415,61	810,096136143712
415,74	809,810446205786
415,87	809,360425710532
416	810,438431885907
416,14	811,295279467752
416,27	810,706494892208
416,4	812,114847494458
416,53	813,419226464395
416,66	814,071173973708
416,79	814,848052490686
416,93	815,524664184866
417,06	815,561223941812
417,19	816,013175616591
417,32	816,614871182264
417,45	816,763537441123
417,58	815,9260538248
417,72	815,897086831013
417,85	816,087962370994
417,98	816,337368230027
418,11	816,443206371122
418,24	816,320180571455
418,37	815,62784413587
418,51	815,404983073065
418,64	814,232944739134
418,77	813,913243994302
418,9	813,186520822956
419,03	812,705908388898
419,16	813,269748009752
419,29	813,37785867713
419,43	812,340154617404
419,56	811,79336913303
419,69	812,631269837664
419,82	812,402568454904
419,95	811,986385122008
420,08	811,042601965051
420,22	811,562886871212
420,35	811,757160696652
420,48	809,790374355882
420,61	808,954689037836
420,74	808,525505032057
420,87	808,01031825901
421	808,394401370235
421,14	808,027125596055
421,27	809,622763462755
421,4	808,985459235244
421,53	807,822957893848
421,66	807,527941479585
421,79	807,775999137778
421,93	808,539611283459
422,06	806,536444731852
422,19	803,857786582542
422,32	803,993413729723
422,45	805,117762446148
422,58	804,398672346847
422,71	802,867791062601
422,85	804,657417365038
422,98	804,702709970026
423,11	804,441817552629
423,24	803,917760762485
423,37	804,129691738106
423,5	804,259434032724
423,63	802,968739699213
423,77	802,757592664121
423,9	803,265153239596
424,03	803,480279709524
424,16	803,129839667462
424,29	802,741973690573
424,42	803,242034430628
424,55	802,996731356631
424,69	801,800410295398
424,82	800,975801240319
424,95	800,398044241317
425,08	799,87251735659
425,21	798,51283822557
425,34	797,490118223473
425,47	798,384807406954
425,6	798,975716649335
425,74	798,251638985258
425,87	797,995036047294
426	798,444124917346
426,13	797,779866984757
426,26	796,868329537808
426,39	797,511284332317
426,52	798,290977037509
426,66	798,41419761782
426,79	799,349058266992
426,92	800,533060702187
427,05	802,997207064396
427,18	804,008999793183
427,31	804,573022047836
427,44	803,568738231105
427,57	804,549693509157
427,71	803,848249654092
427,84	803,665803815333
427,97	804,019103131672
428,1	805,501894080671
428,23	806,268030865223
428,36	806,823153781398
428,49	806,186641603966
428,62	806,762868892714
428,76	806,896054657893
428,89	806,207601898054
429,02	807,178746486299
429,15	808,376770104195
429,28	809,420399406931
429,41	808,789211095867
429,54	808,509525463226
429,67	810,079031106995
429,81	810,616618102587
429,94	810,70368961168
430,07	810,560849469413
430,2	810,81996106601
430,33	810,98404729405
430,46	811,367804776594
430,59	811,707127844823
430,72	812,961645108201
430,85	813,871176921576
430,99	813,238038438796
431,12	812,277993591593
431,25	812,371027943572
431,38	812,693538600462
431,51	811,1844644814
431,64	810,873048467954
431,77	811,118247405323
431,9	811,934708140717
432,03	811,473816713711
432,17	810,552294035228
432,3	810,26003508312
432,43	809,858463537616
432,56	809,502813325993
432,69	808,444008045464
432,82	807,796976519011
432,95	807,05733324012
433,08	806,095423511283
433,21	806,170804680468
433,35	807,494356610419
433,48	808,150526998331
433,61	807,424839903408
433,74	807,95403148276
433,87	809,198597106313
434	809,489981881684
434,13	808,557473298786
434,26	806,683006871561
434,39	806,953537499381
434,53	806,736527429442
434,66	805,647496182628
434,79	806,536296371385
434,92	807,187897238268
435,05	807,513107763204
435,18	806,541673946035
435,31	808,492275823699
435,44	809,713913894302
435,57	809,87063640733
435,7	808,454702984862
435,84	808,493641869041
435,97	810,194971077691
436,1	811,091050798284
436,23	811,545674534444
436,36	811,976228325745
436,49	813,287010227236
436,62	813,752085919272
436,75	813,625552250371
436,88	813,516817870136
437,01	815,066637525889
437,14	814,815195954547
437,28	815,263651831202
437,41	815,557395209424
437,54	815,236511594849
437,67	815,057989228049
437,8	814,881977116159
437,93	815,493358949487
438,06	816,417359695193
438,19	816,187131718997
438,32	816,086621132016
438,45	816,281777232092
438,58	817,136974025558
438,72	817,166576348897
438,85	816,6286930227
438,98	816,27083201524
439,11	816,510621761205
439,24	816,785253665172
439,37	817,88342016726
439,5	816,536364690838
439,63	816,871963285649
439,76	817,774057966962
439,89	817,555277026732
440,02	817,453704356844
440,15	817,84486091716
440,29	817,553154608664
440,42	816,69982073353
440,55	815,605359194172
440,68	815,857536165267
440,81	815,583750042966
440,94	815,172862740643
441,07	814,858453709449
441,2	815,257547642143
441,33	814,592508099354
441,46	814,31935152156
441,59	813,792788065214
441,72	814,232960049403
441,85	814,039515302987
441,99	813,819650566998
442,12	814,117223982593
442,25	814,31251227647
442,38	814,350360659367
442,51	813,49303252267
442,64	814,648338963994
442,77	815,951449389599
442,9	815,586559553043
443,03	815,235460412061
443,16	814,322651373875
443,29	814,557668481411
443,42	815,046868525688
443,55	814,419805930108
443,68	813,610976035468
443,82	813,030173621246
443,95	812,14236375288
444,08	811,051668388198
444,21	811,601668230901
444,34	811,96465676859
444,47	811,103645469402
444,6	809,556140874282
444,73	808,814728000955
444,86	809,63213094125
444,99	808,819116688368
445,12	808,35099581997
445,25	808,598241835834
445,38	809,644900025925
445,51	810,435608195771
445,64	808,894545256468
445,78	807,900222488269
445,91	809,063088200082
446,04	810,117335751051
446,17	809,83129158547
446,3	811,088166816682
446,43	810,491693759667
446,56	810,514609515321
446,69	811,151050606032
446,82	810,733279199765
446,95	811,857009801951
447,08	810,958658522163
447,21	809,404992237088
447,34	810,15236181288
447,47	811,819561222142
447,6	811,977154253289
447,73	812,27572014483
447,86	813,779154748485
447,99	814,896424452154
448,13	815,112900427907
448,26	815,353678327056
448,39	816,112010445705
448,52	816,529505270916
448,65	817,571588626824
448,78	818,403589046283
448,91	818,886115578548
449,04	819,474734648222
449,17	820,438756594106
449,3	819,539920011419
449,43	819,230955458653
449,56	819,556813926053
449,69	819,323657651202
449,82	819,550462110289
449,95	820,186261235832
450,08	821,045486511758
450,21	820,800514397071
450,34	820,611914459407
450,47	819,111450106176
450,6	818,659436730081
450,73	817,967860145238
450,87	816,520010614654
451	814,999059146691
451,13	814,039556351752
451,26	813,454375899726
451,39	812,989502433739
451,52	812,554660200001
451,65	812,866836139925
451,78	812,394633063307
451,91	811,986709830207
452,04	812,191617126762
452,17	812,299431323715
452,3	811,767528830553
452,43	809,806372736303
452,56	806,804338072643
452,69	808,289898374304
452,82	808,661398972907
452,95	806,367256444091
453,08	804,728611769915
453,21	803,523929385172
453,34	802,715918001509
453,47	800,921308130814
453,6	800,661493322148
453,73	800,912609276462
453,86	801,265230332742
453,99	800,1545813125
454,12	800,435165578694
454,25	800,816905024483
454,38	800,441725906572
454,52	800,192844086351
454,65	799,577585504182
454,78	799,588054319996
454,91	800,029107256357
455,04	798,705979889251
455,17	799,383024640328
455,3	799,715664945135
455,43	798,871098593354
455,56	798,431718233959
455,69	798,087682078888
455,82	798,087006020991
455,95	798,589705661829
456,08	798,288234804063
456,21	798,372724278253
456,34	799,127481210257
456,47	799,953775297918
456,6	799,213487199206
456,73	799,66722774025
456,86	799,519216327458
456,99	799,3481685353
457,12	799,877357708586
457,25	799,912408745729
457,38	800,030504656291
457,51	799,764222633914
457,64	800,430472934672
457,77	799,612632055439
457,9	801,992824412539
458,03	802,106794555184
458,16	802,168738970984
458,29	802,049467344793
458,42	801,934797788517
458,55	802,220017803722
458,68	801,862273685621
458,81	803,316768781733
458,94	804,73301992141
459,07	805,068855231154
459,2	805,202041619696
459,33	804,719777872933
459,46	804,49797892799
459,59	805,715909216165
459,72	805,157538751933
459,85	804,217321524385
459,98	805,31450715557
460,11	805,537652623515
460,24	806,64166585979
460,37	807,740492596833
460,5	808,104886335236
460,63	808,48938699501
460,76	808,733132295754
460,89	809,941433718129
461,02	811,269618128804
461,15	811,4182890658
461,28	810,884659425166
461,41	811,09321040842
461,54	810,717492675481
461,67	811,045818945002
461,8	810,97735540156
461,93	811,43176609894
462,06	812,797768003985
462,19	812,637599719196
462,32	811,714563368958
462,45	812,701817476894
462,58	813,264889661782
462,71	812,783301710754
462,84	811,763188462536
462,97	809,70253288824
463,1	807,775185578752
463,23	807,451932962228
463,36	806,851484734881
463,49	806,017677039549
463,62	806,713715693899
463,75	806,613645475227
463,88	805,714975103336
464,01	806,353573770969
464,14	807,198014110149
464,27	807,42974276651
464,4	806,528602320426
464,53	804,925167507042
464,66	804,931308905648
464,79	804,794995260692
464,92	803,412131646175
465,05	803,04664445862
465,18	802,347866635207
465,31	802,718099056508
465,44	801,702347009458
465,57	802,208099575006
465,7	803,658555777908
465,83	803,427710252579
465,96	801,424299377511
466,09	801,70968562099
466,22	803,066889306406
466,35	804,351320132013
466,48	804,725146796233
466,61	806,477144850408
466,74	806,593483977524
466,87	807,520503776591
467	806,312521824999
467,13	806,401923658386
467,26	806,28273819615
467,39	805,72699030874
467,52	806,308990343695
467,65	807,234877736318
467,78	807,657436636867
467,91	807,32327436433
468,04	807,246047346482
468,17	808,665559771512
468,3	808,40022709067
468,43	809,225337726006
468,56	809,714238555894
468,69	808,47206617555
468,82	809,195930958144
468,95	809,149464070679
469,08	808,576096015427
469,21	809,553641519492
469,34	809,364351914803
469,47	810,11172247516
469,6	808,638637088952
469,73	808,815288969673
469,86	808,817335121862
469,99	809,238186129292
470,11	808,987796329148
470,24	808,83265874937
470,37	809,668652166187
470,5	810,32863534703
470,63	809,901352057536
470,76	809,508019726245
470,89	811,825373892729
471,02	812,135898339349
471,15	812,030145651459
471,28	813,029543266948
471,41	814,244025115133
471,54	814,962239086044
471,67	814,637232919408
471,8	814,795749372995
471,93	814,323307635618
472,06	814,425688289217
472,19	813,379029359247
472,32	813,167115418338
472,45	814,610280228023
472,58	814,779832792988
472,71	814,135430729481
472,84	814,891233723373
472,97	815,248384003449
473,1	815,066785606716
473,23	814,611535471994
473,36	813,935687491079
473,49	814,386045266663
473,62	814,247221605655
473,74	812,494543432984
473,87	811,384219872473
474	810,26386227749
474,13	809,505923209797
474,26	809,535950468833
474,39	810,033519165509
474,52	810,098240827966
474,65	810,2401217714
474,78	809,887890515266
474,91	808,697920221149
475,04	808,060411338221
475,17	807,389808860498
475,3	807,043958380304
475,43	807,323388230085
475,56	806,516956087842
475,69	806,17230536646
475,82	804,985550782263
475,95	805,069542381422
476,08	805,797956824809
476,21	807,076334868438
476,34	807,073752128611
476,46	806,5296886912
476,59	807,538795580529
476,72	806,204257501478
476,85	805,358975447059
476,98	805,76934224102
477,11	805,646887995596
477,24	804,664301224297
477,37	803,907789338157
477,5	804,206974899432
477,63	805,816284993548
477,76	805,923200434607
477,89	806,321914412801
478,02	808,432633855619
478,15	809,032518329503
478,28	809,115563261181
478,41	807,895443027798
478,54	808,940507615811
478,66	808,739192022115
478,79	808,982234466165
478,92	807,921357749368
479,05	809,214119266296
479,18	808,750690010749
479,31	808,408779792543
479,44	807,195439543955
479,57	807,343570566765
479,7	806,36192965316
479,83	807,256147946834
479,96	806,429965412075
480,09	806,730888374275
480,22	807,310381183749
480,35	807,122297519072
480,48	807,44200801051
480,6	807,168830471397
480,73	806,174962571986
480,86	805,874604103129
480,99	806,190454641581
481,12	806,35639879522
481,25	806,068485116473
481,38	806,392499453829
481,51	804,972982636128
481,64	804,346323135226
481,77	806,156713762639
481,9	807,148037832909
482,03	807,39938794462
482,16	808,621210618149
482,29	808,649311678741
482,41	809,17729910661
482,54	808,423727596061
482,67	807,912643648831
482,8	807,389152785182
482,93	807,430646386969
483,06	807,418780707197
483,19	808,047123889088
483,32	808,089336624925
483,45	808,137127675874
483,58	807,89486052683
483,71	809,167021133181
483,84	809,722342028378
483,97	809,351554254454
484,09	809,178780584855
484,22	809,923083551074
484,35	809,705472116144
484,48	809,3528592568
484,61	807,773774156056
484,74	807,112721720716
484,87	806,482292118532
485	806,122845717582
485,13	806,212935010006
485,26	806,508056953268
485,39	806,227044226753
485,52	806,109636585018
485,64	804,83340506672
485,77	804,29196653646
485,9	803,440879186948
486,03	802,218940672708
486,16	801,317353525644
486,29	800,768396080385
486,42	800,319845918573
486,55	799,696226403223
486,68	799,971315931594
486,81	801,560945374149
486,94	802,977434423054
487,06	803,723712250837
487,19	804,357154206683
487,32	803,886073358792
487,45	803,633336182162
487,58	803,020091453806
487,71	801,838325617028
487,84	800,798218450972
487,97	801,748196615778
488,1	801,664575107996
488,23	800,184540129741
488,35	799,59972526573
488,48	799,867807619598
488,61	799,774014459698
488,74	799,432198841243
488,87	800,382600502769
489	800,931292838022
489,13	801,988040035072
489,26	801,625252511659
489,39	801,963607875351
489,52	803,262165849595
489,64	802,878363700448
489,77	802,922196691514
489,9	802,369383645161
490,03	802,987579794873
490,16	803,255483738666
490,29	803,633144500858
490,42	804,301443155966
490,55	805,710815644671
490,68	806,446245750789
490,81	807,699617878293
490,93	807,715937378204
491,06	807,509463080289
491,19	807,882731816871
491,32	807,938964150784
491,45	807,598853034818
491,58	806,818496639955
491,71	808,331466488397
491,84	807,901487245812
491,97	807,632477991489
492,09	806,831126079598
492,22	807,680264976013
492,35	807,878662262343
492,48	809,764671403063
492,61	809,384363910177
492,74	810,024844872837
492,87	809,465597470427
493	808,617348014413
493,12	808,886656593815
493,25	809,767496409835
493,38	810,343310402885
493,51	811,200869195658
493,64	811,72865969898
493,77	812,512196889592
493,9	812,597494196022
494,03	811,211595227484
494,16	811,380468775033
494,28	811,767000626277
494,41	810,908755009482
494,54	811,272436866988
494,67	811,931994506247
494,8	812,806475987405
494,93	812,398633610935
495,06	811,706469445003
495,19	811,215127990469
495,31	811,240214856437
495,44	810,653462480229
495,57	811,898103880291
495,7	813,337837168183
495,83	814,0602790046
495,96	815,257177952747
496,09	816,484333650841
496,22	818,099055423989
496,34	818,974492625962
496,47	819,047233484513
496,6	819,408685460779
496,73	819,77509601834
496,86	820,068287836551
496,99	819,250732719874
497,12	819,402503362958
497,24	818,899630188262
497,37	818,656709946723
497,5	817,437447228218
497,63	818,779313519702
497,76	819,130409287531
497,89	818,570566019709
498,02	818,973810864582
498,15	818,107861362835
498,27	817,881398174769
498,4	818,355134486264
498,53	817,693307833696
498,66	818,469600260997
498,79	818,651851412326
498,92	817,321639299852
499,05	817,200161515181
499,17	817,02440804663
499,3	816,405654621773
499,43	816,224398736961
499,56	814,626495119415
499,69	814,579522165809
499,82	815,269026166694
499,95	815,852943171987
500,07	815,40149492425
500,2	814,139424769662
500,33	814,343948697783
500,46	815,013458623532
500,59	814,988046053149
500,72	816,406970244597
500,85	817,39114501353
500,97	817,67884676623
501,1	817,738503986321
501,23	819,24421942971
501,36	819,84378191023
501,49	820,059567589769
501,62	819,395972706009
501,75	818,929308690092
501,87	818,747130623742
502	818,688487196292
502,13	818,692541743494
502,26	819,228470546084
502,39	818,275032598405
502,52	817,834312782735
502,64	817,838732422757
502,77	818,076986574386
502,9	818,850101608219
503,03	818,318085185218
503,16	818,282977544357
503,29	819,30829022514
503,42	819,763642789521
503,54	819,759874663195
503,67	819,417028607715
503,8	818,300721790626
503,93	817,956204090312
504,06	817,484949644479
504,19	815,333529343226
504,31	814,692452625845
504,44	814,829054643329
504,57	815,207588801599
504,7	814,098993396427
504,83	812,997474166835
504,96	812,87833534033
505,08	813,538944389585
505,21	813,51304265378
505,34	813,821793800739
505,47	812,891238209258
505,6	812,572611035861
505,73	812,215199980192
505,85	812,209450583893
505,98	813,142714024801
506,11	813,475996673454
506,24	812,519919090938
506,37	812,832130545094
506,5	812,026395497802
506,62	811,187835554429
506,75	810,211986373395
506,88	810,267656241353
507,01	812,035334183904
507,14	812,42451082584
507,27	811,937450846055
507,39	813,177510496681
507,52	813,911757243686
507,65	814,580821289897
507,78	813,629313711954
507,91	813,406632801144
508,04	813,703899254003
508,16	813,979583855473
508,29	813,925185013647
508,42	813,921339695135
508,55	813,366534583555
508,68	813,284103233625
508,81	813,121508649894
508,93	812,866306921955
509,06	812,534476016534
509,19	812,006710558434
509,32	811,092365564712
509,45	810,926600881448
509,57	809,93770295282
509,7	809,181370991468
509,83	808,054497531307
509,96	807,668179301426
510,09	807,395221366797
510,22	807,285684787897
510,34	806,448656320001
510,47	806,199949798864
510,6	806,0033470415
510,73	805,574131890859
510,86	805,780808828456
510,98	805,652908077216
511,11	806,86483674581
511,24	807,13532105832
511,37	805,477921526133
511,5	806,252928677334
511,63	806,24168386159
511,75	806,753132278276
511,88	809,274870483165
512,01	810,089789658578
512,14	810,615173548423
512,27	811,289713951978
512,39	812,444588466614
512,52	814,734723282037
512,65	815,341331603063
512,78	815,086758976869
512,91	814,38331029802
513,03	815,227478611939
513,16	816,264503642597
513,29	816,28223662172
513,42	815,248176633197
513,55	815,655601618414
513,67	815,836006664744
513,8	815,867841910405
513,93	815,038302424417
514,06	813,644932778716
514,19	813,041479812059
514,31	812,759019466995
514,44	811,46646392212
514,57	811,945664583935
514,7	812,722207865447
514,83	813,241407006721
514,95	812,652787383593
515,08	811,670626404388
515,21	811,479960302827
515,34	811,954231518297
515,47	810,858270225081
515,59	809,558232741721
515,72	809,932388186391
515,85	810,367948423969
515,98	810,417590916373
516,11	810,685492681307
516,23	809,674332514805
516,36	810,6220608857
516,49	810,036015519999
516,62	810,412990466037
516,75	809,970138608036
516,87	809,788778505035
517	808,72363359637
517,13	810,469891255145
517,26	809,66704653378
517,39	809,763427851523
517,51	809,873416922275
517,64	810,040735423057
517,77	811,102001829309
517,9	811,975267425772
518,02	812,356755795968
518,15	812,746894246707
518,28	813,497966938441
518,41	813,865023282911
518,54	813,864985170362
518,66	813,112276790786
518,79	813,949884823434
518,92	813,525589751208
519,05	813,98624445163
519,18	812,666444236657
519,3	812,731147215693
519,43	813,874118089479
519,56	813,413276036341
519,69	813,570543013525
519,81	813,571436782513
519,94	813,091881001692
520,07	811,170689573812
520,2	810,558714042278
520,33	810,014840818063
520,45	810,042336715225
520,58	809,882030119517
520,71	810,794847179864
520,84	811,307898793763
520,96	812,030092269421
521,09	812,679705824952
521,22	811,877471754942
521,35	813,139453677406
521,48	812,501941392198
521,6	812,573778461341
521,73	812,753345695734
521,86	813,293190524878
521,99	813,473713485912
522,11	813,6341157708
522,24	813,8002703649
522,37	813,55885911698
522,5	814,603074148192
522,62	814,357340656396
522,75	814,251661036007
522,88	815,239213309681
523,01	815,197893585475
523,14	813,810730733268
523,26	813,71964619763
523,39	815,525976411233
523,52	815,999658088139
523,65	817,107506756501
523,77	818,793379415612
523,9	820,560959000755
524,03	820,630711647864
524,16	821,09632414892
524,28	822,231570986225
524,41	822,419171433648
524,54	822,757089289512
524,67	822,837488882869
524,79	821,988409211795
524,92	822,032958377391
525,05	822,059056198824
525,18	822,204081252786
525,31	821,022448227347
525,43	821,169870596769
525,56	820,709926565472
525,69	820,418804307616
525,82	821,236112094705
525,94	820,552351285614
526,07	820,085727421286
526,2	819,149124098818
526,33	819,830889248148
526,45	819,218876174996
526,58	817,450871724066
526,71	815,755035138465
526,84	815,037606238294
526,96	815,819779632332
527,09	815,891978112375
527,22	816,074570482291
527,35	814,951878327639
527,47	814,753664490721
527,6	814,725383703419
527,73	814,418293091445
527,86	814,914710162279
527,98	815,066861039502
528,11	814,23419673812
528,24	813,489725947352
528,37	814,649566715895
528,49	815,71451721677
528,62	815,215487280767
528,75	814,098418218521
528,88	814,025579456975
529	814,293280061987
529,13	815,252137827375
529,26	814,526133417226
529,39	813,316472101579
529,51	812,521529651994
529,64	812,785760080863
529,77	812,740115636807
529,9	813,534104095846
530,02	813,099442311221
530,15	814,546346065675
530,28	814,401485952479
530,4	813,984797299147
530,53	813,318078695248
530,66	812,543241576585
530,79	811,533959096881
530,91	810,801279193939
531,04	809,947357091049
531,17	808,977756299902
531,3	807,472222191151
531,42	807,180173207612
531,55	808,08462309532
531,68	807,283926285832
531,81	806,742970186339
531,93	805,456407947591
532,06	805,510480170348
532,19	804,135977960903
532,31	802,4438265244
532,44	802,994034721919
532,57	803,032259598776
532,7	803,015961060184
532,82	802,409053915101
532,95	803,59814287254
533,08	804,781351975975
533,21	806,151280242588
533,33	806,307444536687
533,46	806,714157874039
533,59	806,7384157775
533,71	806,916085692064
533,84	805,874806789417
533,97	805,476171087012
534,1	806,383757400983
534,22	805,924253959377
534,35	805,61113184134
534,48	806,384501160796
534,61	806,759515868092
534,73	806,092535166138
534,86	804,764892044544
534,99	803,163117259299
535,11	803,378770541132
535,24	803,600812428816
535,37	802,113982726428
535,5	800,522988036668
535,62	800,68246653209
535,75	801,035455832962
535,88	801,656966114087
536	802,342372648916
536,13	804,42802795231
536,26	804,918026536634
536,39	805,986054780236
536,51	806,728260385262
536,64	806,945766786388
536,77	806,953351340959
536,89	806,772173487251
537,02	807,801629430905
537,15	808,467939737663
537,28	808,741031730358
537,4	809,081059484589
537,53	809,159551766827
537,66	809,052496179715
537,78	808,741034480147
537,91	808,572170277222
538,04	809,131134107586
538,17	810,366535882715
538,29	810,773288573518
538,42	810,554287230665
538,55	811,025548550972
538,67	810,392350306876
538,8	810,534725624019
538,93	809,254357874622
539,05	809,014066193027
539,18	808,387393316031
539,31	808,314931939796
539,44	809,926242004783
539,56	811,600116726236
539,69	812,358671496276
539,82	812,157811284041
539,94	812,198711344921
540,07	812,635656095707
540,2	814,328049705942
540,32	815,01344670972
540,45	814,386263385562
540,58	813,108809545032
540,71	813,406603450637
540,83	813,28738547447
540,96	813,768356686154
541,09	813,767412954888
541,21	813,341751225608
541,34	812,794510249083
541,47	813,466067090205
541,59	813,848239202561
541,72	813,993945656702
541,85	813,837869122835
541,98	812,202230819199
542,1	811,404962269043
542,23	811,77305359468
542,36	811,090070970204
542,48	810,017659422252
542,61	809,270193848511
542,74	808,918981773906
542,86	808,668358870839
542,99	806,580461463623
543,12	806,544349893242
543,24	806,509039601048
543,37	806,884363945133
543,5	806,099967946309
543,62	806,73038637456
543,75	806,402002580841
543,88	806,557759865307
544,01	805,813377318314
544,13	806,242087463116
544,26	806,168212054215
544,39	806,22027844532
544,51	805,432343117807
544,64	804,590260664902
544,77	804,628516581755
544,89	805,419883040731
545,02	805,014095671703
545,15	805,095793923082
545,27	804,722435643565
545,4	805,004464627045
545,53	803,962519180074
545,65	803,798747721374
545,78	804,152458003082
545,91	803,885158226503
546,03	802,884603835141
546,16	803,122469660558
546,29	802,975823460016
546,41	801,89601962138
546,54	801,47222189986
546,67	802,375519357761
546,79	801,599032726574
546,92	801,349085992095
547,05	800,494279365801
547,17	800,180585110939
547,3	799,341194148541
547,43	799,628695253991
547,56	799,239530753076
547,68	800,077529582084
547,81	800,738130032421
547,94	799,479534802024
548,06	798,270385098704
548,19	799,250237565505
548,32	801,273358535854
548,44	802,424034646184
548,57	802,11823379037
548,7	801,954866014757
548,82	803,725876847879
548,95	804,203159846082
549,08	804,566575597366
549,2	803,76206515603
549,33	804,104710389486
549,45	804,907578705443
549,58	804,555601321297
549,71	804,125333047868
549,83	804,218917969467
549,96	804,495578489888
550,09	803,768110906236
550,21	803,19093934442
550,34	803,412527208061
550,47	804,111738327231
550,59	804,931398116511
550,72	805,599087815578
550,85	805,966056726061
550,97	806,279852239593
551,1	806,162430534316
551,23	806,770892924244
551,35	806,538277635531
551,48	806,943000206817
551,61	806,872414455038
551,73	808,254436435876
551,86	809,772683823722
551,99	810,450856332235
552,11	810,695419514767
552,24	810,001397295069
552,37	809,824941896132
552,49	810,282315229581
552,62	810,60242696891
552,75	809,056441638338
552,87	808,911004488798
553	809,151469954763
553,12	809,404217845086
553,25	809,963840261696
553,38	811,626006961862
553,5	811,484507417732
553,63	811,823869274306
553,76	811,522010905945
553,88	812,752068232066
554,01	812,031134154193
554,14	811,597256677124
554,26	811,339299275559
554,39	811,156886725566
554,52	811,076534735027
554,64	810,400606171297
554,77	810,785111095576
554,89	810,076024526725
555,02	810,334918260758
555,15	811,047805440738
555,27	810,618969528021
555,4	810,759460907256
555,53	810,169574388507
555,65	809,98119484764
555,78	810,262513470765
555,91	810,363894232142
556,03	810,232213982563
556,16	808,674030259337
556,29	808,585621041716
556,41	807,586115479509
556,54	807,024860474397
556,66	806,40986001707
556,79	806,289757785487
556,92	806,126863364007
557,04	805,78868907279
557,17	804,004125045515
557,3	803,261369587444
557,42	803,120832591997
557,55	802,893515576801
557,67	802,396846841966
557,8	802,618687849368
557,93	802,138173324129
558,05	800,462868846108
558,18	799,425201984276
558,31	798,882997031742
558,43	799,313216677008
558,56	799,262240163822
558,68	798,751206330342
558,81	798,076822064731
558,94	796,57294294478
559,06	795,54702080111
559,19	795,0962631234
559,32	793,746897456736
559,44	792,748957538473
559,57	793,119067949514
559,69	790,984715032668
559,82	790,512994654806
559,95	791,225419543896
560,07	790,814376855162
560,2	789,961801729688
560,33	789,461370234111
560,45	789,477388649545
560,58	789,752924226404
560,7	790,856347842551
560,83	792,18824103187
560,96	792,284140582991
561,08	792,725779574074
561,21	791,908333202253
561,33	792,806448973053
561,46	793,138057827142
561,59	793,308445687287
561,71	794,027576986825
561,84	794,772587645173
561,97	795,512920480398
562,09	795,460320245617
562,22	795,107141844282
562,34	795,232779547858
562,47	796,59520098806
562,6	796,595039402969
562,72	797,092481085003
562,85	798,230726206602
562,97	799,439126802
563,1	799,598124777527
563,23	799,318304102255
563,35	799,953622428263
563,48	800,619324285827
563,6	801,336321853545
563,73	802,107621233968
563,86	801,203172732807
563,98	801,545488877043
564,11	802,149072680084
564,23	802,517747543687
564,36	802,071132243322
564,49	801,928308634747
564,61	801,724340898168
564,74	802,761934809015
564,86	803,664565530339
564,99	804,808419506028
565,12	805,821130204283
565,24	806,385247309197
565,37	807,241111235395
565,49	809,35166839985
565,62	809,629924136103
565,75	810,155678449398
565,87	809,59078588053
566	809,235282572917
566,12	809,05816451548
566,25	808,319611458233
566,38	808,198411274138
566,5	807,598742472306
566,63	806,266822408455
566,75	805,605355762761
566,88	804,877467973982
567,01	803,862527761514
567,13	803,936054960836
567,26	802,81426619361
567,38	801,967204401993
567,51	801,658685122881
567,64	802,159851383197
567,76	801,260138077885
567,89	799,643632005919
568,01	799,918518364458
568,14	799,577108776897
568,26	799,705703931558
568,39	798,75105066429
568,52	799,136141550078
568,64	798,555958467692
568,77	798,121194841814
568,89	798,229906623672
569,02	798,141589512349
569,15	797,147221844515
569,27	795,98454043851
569,4	795,246710168104
569,52	794,816503531907
569,65	794,278872685327
569,77	792,997777593293
569,9	792,087627490904
570,03	791,652957748202
570,15	791,69721231929
570,28	789,160328506637
570,4	787,557580977515
570,53	786,800871642504
570,66	786,43118051611
570,78	786,725812827885
570,91	785,852213644666
571,03	786,144477886624
571,16	785,618636022826
571,28	784,344217128509
571,41	784,553477976924
571,54	784,465608982258
571,66	785,253144139657
571,79	786,255111153834
571,91	786,370712277053
572,04	786,706242744663
572,16	787,534994631502
572,29	787,420827395361
572,42	788,844995726757
572,54	789,790410406089
572,67	789,725933981748
572,79	789,959740080804
572,92	790,118378399005
573,04	790,989593561298
573,17	791,308082348041
573,29	791,726214937999
573,42	792,356002207988
573,55	792,49452910728
573,67	793,093549296677
573,8	792,27118937719
573,92	793,551945528533
574,05	793,665359497115
574,17	794,128975703396
574,3	794,507835612688
574,43	794,273164547523
574,55	794,038462186024
574,68	794,470127876866
574,8	795,829688790238
574,93	795,948480374251
575,05	797,241497138063
575,18	797,699036886213
575,3	798,132327306517
575,43	798,329312529312
575,56	799,967565620639
575,68	800,275600127003
575,81	800,749608988084
575,93	802,031321186488
576,06	802,341455209599
576,18	803,178675026726
576,31	803,346682309008
576,43	802,851148380858
576,56	804,55615046359
576,69	804,844957328743
576,81	804,746237687846
576,94	804,426115916446
577,06	805,613537359561
577,19	807,10268945147
577,31	808,534394950174
577,44	808,203022519728
577,56	808,448440123624
577,69	808,132973576969
577,82	807,394544662233
577,94	806,702682075975
578,07	805,92463262637
578,19	805,838084212305
578,32	806,215786506806
578,44	805,131477691458
578,57	804,784542081393
578,69	805,159420044918
578,82	805,245749035098
578,94	804,199897413042
579,07	803,122367184291
579,19	803,121414224918
579,32	802,9413848045
579,45	803,95775903804
579,57	804,89782313377
579,7	804,794629305649
579,82	804,580111378128
579,95	805,109350519518
580,07	805,246838889715
580,2	806,097814948485
580,32	805,578415905669
580,45	806,346827715782
580,57	806,948139074102
580,7	807,013912566014
580,82	807,96597850853
580,95	808,105871301693
581,08	807,763581437756
581,2	807,642312503095
581,33	808,144000955436
581,45	807,734031337115
581,58	807,604032799396
581,7	807,921691044833
581,83	808,651125799959
581,95	808,928410062366
582,08	809,030304259552
582,2	808,285189039292
582,33	807,81746023146
582,45	807,512242191209
582,58	807,46498529853
582,7	807,002064352066
582,83	805,165717226092
582,95	806,259429744916
583,08	807,18273685621
583,21	807,181411108101
583,33	806,670596529556
583,46	805,782758522454
583,58	806,602579168597
583,71	806,885671563273
583,83	806,909424163776
583,96	806,848661668109
584,08	806,615101448009
584,21	806,505847141996
584,33	806,248038858255
584,46	805,377520581185
584,58	804,796738668042
584,71	805,342551629921
584,83	804,612731269244
584,96	803,91717751581
585,08	804,399230099709
585,21	804,288686538557
585,33	803,748359529157
585,46	803,831463359928
585,58	804,275305602405
585,71	805,038072403357
585,83	805,237959329914
585,96	804,406305494628
586,08	803,401600593069
586,21	803,322881517278
586,33	802,638401154679
586,46	802,814964418772
586,59	801,280507103138
586,71	800,738988543515
586,84	800,503480045092
586,96	801,504397006691
587,09	802,580034984081
587,21	803,040715382218
587,34	803,536272706882
587,46	802,442528309142
587,59	802,451797704042
587,71	802,757703686874
587,84	801,494972120513
587,96	801,781196414787
588,09	802,343411492606
588,21	801,780032146904
588,34	802,621374638435
588,46	803,78972349468
588,59	803,31216577386
588,71	803,205735088072
588,84	800,535411679032
588,96	799,755270682408
589,09	799,711630741715
589,21	799,758375095762
589,34	798,528536412865
589,46	798,772621918503
589,59	799,66328587616
589,71	799,87168619192
589,84	799,502300175649
589,96	799,441984083846
590,09	800,365534301002
590,21	800,495326511292
590,34	800,988433703565
590,46	801,797353379998
590,59	802,124214233074
590,71	802,327493951337
590,84	801,950845001006
590,96	801,660908135474
591,09	802,125678734864
591,21	802,076546345897
591,34	801,983546115777
591,46	800,951412605338
591,59	802,263228678208
591,71	802,959950084329
591,83	803,325640249462
591,96	803,644075013327
592,08	803,305496287493
592,21	803,361690875884
592,33	803,332668932913
592,46	802,906690447686
592,58	803,461414143356
592,71	804,328706876513
592,83	803,377037917384
592,96	804,007056903749
593,08	803,919067151375
593,21	805,568986516128
593,33	805,381377329966
593,46	804,383547840221
593,58	804,249759486628
593,71	805,277798053591
593,83	804,62134746096
593,96	803,7231285614
594,08	803,868061270205
594,21	803,066516074908
594,33	800,841085112395
594,46	798,997522905689
594,58	799,56499192832
594,71	799,588957456911
594,83	799,840573540849
594,96	799,147975886909
595,08	798,772555416707
595,2	799,572532829982
595,33	798,839893935025
595,45	799,788628128832
595,58	799,826273382678
595,7	799,527696993001
595,83	799,374738877771
595,95	800,203856230284
596,08	801,09549174335
596,2	799,824618597782
596,33	799,078709212669
596,45	799,197655396608
596,58	799,814854363106
596,7	799,924623106971
596,83	800,500721691587
596,95	800,306421277079
597,08	800,808887745085
597,2	801,849448276867
597,32	801,526501481216
597,45	801,392747599032
597,57	801,278368174682
597,7	800,872764371583
597,82	800,904849923827
597,95	801,770762449061
598,07	802,606582629137
598,2	802,467382159575
598,32	801,595595646944
598,45	800,691108648729
598,57	801,173381530386
598,7	801,261929490036
598,82	801,139226458568
598,94	801,251859574307
599,07	801,621295238261
599,19	802,920762344196
599,32	802,359036624051
599,44	802,938735912427
599,57	802,216759192424
599,69	801,5609323243
599,82	801,345366307504
599,94	801,379175447642
600,07	801,577251969857
600,19	802,561662976007
600,31	802,070544603974
600,44	804,20645065089
600,56	804,1340240024
600,69	804,001065823087
600,81	803,582776576687
600,94	802,931750433296
601,06	802,101612699135
601,19	801,67174488711
601,31	800,967136735033
601,44	803,341654377088
601,56	804,026073405399
601,68	803,977845679714
601,81	801,882021660418
601,93	802,845090874136
602,06	802,801148200257
602,18	803,250625862587
602,31	803,034653144927
602,43	803,151392803358
602,56	801,984925181838
602,68	801,168883964125
602,8	800,130856565268
602,93	798,639042234321
603,05	797,764608169555
603,18	796,957407740774
603,3	797,070180052957
603,43	797,937990853454
603,55	797,47437017294
603,68	796,999351754593
603,8	796,211522404668
603,92	795,48360744424
604,05	795,865270000787
604,17	795,956816297164
604,3	795,226865239922
604,42	795,198102010201
604,55	795,645450024614
604,67	795,034797287496
604,79	793,931960518382
604,92	793,179085531854
605,04	793,504857509052
605,17	793,767979027029
605,29	793,683525189412
605,42	793,992537886799
605,54	793,793652215707
605,66	793,434948030726
605,79	792,463759544887
605,91	792,242798860469
606,04	792,665999353333
606,16	792,856945181897
606,29	791,492733739393
606,41	791,54948437368
606,53	790,921494120286
606,66	790,629651971022
606,78	791,3728641971
606,91	793,824044317053
607,03	795,571783757017
607,16	795,70668857177
607,28	795,726975371324
607,4	795,993042945071
607,53	796,84683257452
607,65	797,213069697261
607,78	797,367956084929
607,9	798,008924954631
608,03	798,302241626104
608,15	798,170412841284
608,27	798,200948030725
608,4	798,926908980219
608,52	799,050476389387
608,65	799,311453252122
608,77	800,589044197624
608,89	801,686327050181
609,02	802,414208710191
609,14	802,786363374202
609,27	802,88354331938
609,39	803,576038526183
609,52	804,285694551979
609,64	804,064119004134
609,76	804,529485364071
609,89	803,858237087787
610,01	804,789868645117
610,14	805,784331058349
610,26	806,510875609891
610,38	806,518884470972
610,51	806,524635848051
610,63	805,883914272981
610,76	805,770025406424
610,88	805,899422311163
611,01	806,952609893999
611,13	807,671700401108
611,25	808,039389063179
611,38	807,964438970111
611,5	807,924683782941
611,63	808,306601469856
611,75	808,182584545833
611,87	808,495397743658
612	808,599952799164
612,12	809,061774214315
612,25	809,67079075092
612,37	810,459669495106
612,49	811,334572247517
612,62	812,402857380884
612,74	811,643353292611
612,87	811,695494842688
612,99	811,080735562877
613,11	811,470968671625
613,24	811,681202135748
613,36	810,956669876696
613,49	810,076198718901
613,61	809,660778563294
613,73	809,139085502725
613,86	807,301960104749
613,98	805,688667482283
614,11	804,870371134201
614,23	804,308734211286
614,35	804,936502926021
614,48	805,155718327172
614,6	805,093078564168
614,72	804,000263606944
614,85	803,182879955957
614,97	803,166006204504
615,1	803,811519282026
615,22	804,336379733119
615,34	805,286361486634
615,47	806,278975173246
615,59	806,685521204548
615,72	806,598033224682
615,84	804,889289057061
615,96	803,771982534175
616,09	803,360999303814
616,21	803,037320137839
616,34	803,921101593655
616,46	804,425713590777
616,58	804,770858441184
616,71	803,75576722915
616,83	803,570752859753
616,95	802,847317988109
617,08	801,634821534581
617,2	801,525386977533
617,33	801,396789609058
617,45	802,710746253266
617,57	803,644000151472
617,7	802,397316007329
617,82	802,248307510362
617,95	802,934163047373
618,07	803,451883413585
618,19	804,213157259416
618,32	803,077168503258
618,44	803,266082551944
618,56	803,453135389267
618,69	803,431525620523
618,81	803,756215893434
618,94	804,372475900017
619,06	805,332119365335
619,18	804,355667403634
619,31	803,814452118998
619,43	802,684415439602
619,55	802,210081083837
619,68	801,344936711147
619,8	801,313794499839
619,92	801,471919452139
620,05	801,594311040813
620,17	801,745437982633
620,3	801,268561964934
620,42	801,907611265981
620,54	802,414978068681
620,67	803,237719212698
620,79	803,423498810075
620,91	803,519934302169
621,04	803,185609832828
621,16	801,704621504869
621,29	800,496599261868
621,41	800,511807264222
621,53	800,174934275952
621,66	799,914566287697
621,78	801,21474553669
621,9	800,85594275544
622,03	800,493355413211
622,15	801,548640945648
622,27	802,147298646369
622,4	804,049193653346
622,52	804,182520094728
622,64	803,618639646489
622,77	802,556459343021
622,89	802,584448466206
623,02	802,955799865424
623,14	802,911847211906
623,26	803,724779145876
623,39	803,785120119779
623,51	803,627639183336
623,63	802,456417950533
623,76	802,700794858127
623,88	803,093233204874
624	803,56676632906
624,13	803,285225607998
624,25	803,485268287994
624,37	803,853521932776
624,5	804,056152217163
624,62	804,468870803585
624,75	802,495914849738
624,87	801,642016912371
624,99	800,415963279823
625,12	799,389514790314
625,24	799,901777191311
625,36	800,184424155037
625,49	799,658780136267
625,61	798,504446607768
625,73	797,578746334828
625,86	797,437278110335
625,98	798,365948161807
626,1	796,606360542851
626,23	796,26222370004
626,35	797,847952764209
626,47	797,744452829749
626,6	797,55409998864
626,72	797,826412212095
626,84	798,201218937428
626,97	797,885350362221
627,09	797,815096589271
627,21	796,579497336142
627,34	798,078865333136
627,46	798,556564021451
627,58	798,921635425679
627,71	798,851597150006
627,83	798,058774211402
627,95	798,085982452614
628,08	797,519229185055
628,2	797,733742655819
628,32	798,847870655027
628,45	798,82633654045
628,57	798,193655093665
628,69	798,242366875523
628,82	798,024495136892
628,94	797,592160810255
629,06	796,413765900862
629,19	794,599097783565
629,31	794,538736896991
629,43	794,781400231286
629,56	794,740557950941
629,68	794,103567956795
629,8	794,945228625775
629,93	794,261258488956
630,05	794,058381533299
630,17	794,679713829635
630,3	794,723364594712
630,42	794,625625271265
630,54	794,802577735443
630,67	793,653890591001
630,79	794,381105654255
630,91	795,133642614747
631,04	793,972702367324
631,16	792,749685329698
631,28	792,333272867093
631,41	792,571207378991
631,53	791,964178142086
631,65	792,514268873489
631,78	792,627936428594
631,9	793,263300120304
632,02	792,639093921043
632,14	791,732396319243
632,27	791,924306490843
632,39	792,085295191656
632,51	791,680682676034
632,64	791,914301131084
632,76	792,081218174245
632,88	791,547909886134
633,01	791,248344725735
633,13	790,756056679454
633,25	790,657761723746
633,38	790,610023419818
633,5	790,041466418487
633,62	791,562184958302
633,75	792,831377749426
633,87	792,924626870454
633,99	793,168633441985
634,11	794,327528748991
634,24	793,724792929779
634,36	794,334135607735
634,48	794,639765411493
634,61	793,439957681206
634,73	792,470397729093
634,85	791,872969970784
634,98	791,795088642845
635,1	790,760057192127
635,22	791,678058170866
635,35	792,218586287755
635,47	790,570068167982
635,59	791,515636724838
635,71	790,947119577978
635,84	791,694354419908
635,96	791,691917890818
636,08	792,17973055558
636,21	792,11190964145
636,33	791,694175182567
636,45	791,109303569192
636,58	790,552827791517
636,7	790,977457563232
636,82	791,809724735581
636,94	792,282012036155
637,07	792,302583403972
637,19	794,211194946679
637,31	794,798243344723
637,44	794,440363438286
637,56	793,579954791596
637,68	793,512756448461
637,81	793,103204495207
637,93	793,196604411898
638,05	793,368274611927
638,17	793,253293700244
638,3	793,256865251574
638,42	792,337354737416
638,54	793,608776326177
638,67	794,162746911585
638,79	794,365413182095
638,91	795,40110582903
639,03	795,244429235157
639,16	794,833498390616
639,28	794,681924136103
639,4	794,647557161542
639,53	794,375277306372
639,65	795,890732387802
639,77	795,691441577167
639,89	794,787068194198
640,02	792,978260624121
640,14	792,232461725784
640,26	792,217007494924
640,39	791,188352538167
640,51	790,346285593608
640,63	790,2485071847
640,75	790,750062621796
640,88	790,04582137437
641	790,081407833987
641,12	789,236606573279
641,24	788,923114853233
641,37	789,014625349914
641,49	788,392750581854
641,61	790,509784421161
641,74	791,064115293083
641,86	790,651404478312
641,98	790,438087521374
642,1	791,126740788642
642,23	791,60268215171
642,35	791,227810928666
642,47	790,799370519577
642,6	791,279499159625
642,72	791,722800549958
642,84	790,709083673416
642,96	789,64513308224
643,09	790,059159205241
643,21	789,432128873082
643,33	788,369509570375
643,45	788,498562128058
643,58	788,416488209986
643,7	789,09421956953
643,82	788,060060909003
643,94	787,774176493378
644,07	787,529502078363
644,19	787,632083198611
644,31	786,496207900401
644,44	787,033680604954
644,56	789,083792979298
644,68	789,461451032482
644,8	789,610425966869
644,93	788,912745315308
645,05	789,416531449262
645,17	789,004252724302
645,29	789,198884371933
645,42	788,945385392908
645,54	789,503817704101
645,66	790,119851709443
645,78	789,609014660689
645,91	788,473105922243
646,03	788,323927777244
646,15	788,992147725452
646,27	789,21012487074
646,4	789,718270463939
646,52	789,396366106513
646,64	790,206646555918
646,76	788,708281643698
646,89	789,260528676169
647,01	790,714583357365
647,13	791,869435961072
647,25	791,449881648359
647,38	790,874549363674
647,5	791,919249860908
647,62	792,639546296377
647,74	791,958940812528
647,87	793,337865295268
647,99	793,772504027102
648,11	794,480066373628
648,23	794,605247769437
648,36	793,538350283572
648,48	794,404136469958
648,6	794,691891330881
648,72	795,78321845971
648,85	795,827425929001
648,97	796,764210702624
649,09	795,991013606215
649,21	795,879630293127
649,34	794,93642625816
649,46	794,556608956041
649,58	794,28088766935
649,7	793,477948831776
649,83	793,261180888963
649,95	794,287059909874
650,07	795,048543194125
650,19	794,578291821415
650,32	794,635026685193
650,44	795,583092115037
650,56	796,322423520022
650,68	796,847442520952
650,81	796,316564755505
650,93	795,923888313103
651,05	795,904892067848
651,17	794,118310831083
651,29	793,83321534872
651,42	793,858779833323
651,54	794,428989137749
651,66	794,214341148678
651,78	793,862925315833
651,91	794,759076455219
652,03	795,629133146324
652,15	795,297323004145
652,27	796,108639978561
652,4	797,968996320991
652,52	798,585038290237
652,64	797,391692641109
652,76	797,640834089234
652,88	798,369879708359
653,01	799,289588154932
653,13	798,335630590244
653,25	797,823837878934
653,37	797,927293595379
653,5	798,622778114704
653,62	798,856352753722
653,74	798,948381731377
653,86	799,597581991209
653,98	798,974751205218
654,11	797,500248494753
654,23	797,45890087067
654,35	799,157411428522
654,47	800,673046236663
654,6	800,681803145363
654,72	802,01359382346
654,84	803,096413150053
654,96	803,036500351006
655,08	801,96595277586
655,21	802,296991864235
655,33	802,742988054145
655,45	802,743932810757
655,57	802,715752629632
655,7	802,373433892904
655,82	802,829810340257
655,94	803,464132572481
656,06	803,460781505335
656,18	803,188681207926
656,31	803,849225666256
656,43	804,516194518481
656,55	804,651553316497
656,67	806,099954028413
656,79	806,561446599029
656,92	806,876266752889
657,04	806,956171931756
657,16	806,532761353805
657,28	807,5130127906
657,4	807,831198080973
657,53	808,503028980569
657,65	808,477773602604
657,77	808,943978392014
657,89	808,425261291178
658,01	807,681932274781
658,14	806,37196297688
658,26	808,211310099942
658,38	809,017566308088
658,5	808,926813459987
658,62	809,204465669868
658,75	809,646002965346
658,87	809,678860398661
658,99	808,495426051343
659,11	809,531280737783
659,23	809,066621365049
659,36	809,161574807967
659,48	808,106834269835
659,6	807,114046973629
659,72	807,253233711721
659,84	807,812843579504
659,97	807,375333304205
660,09	807,255206977009
660,21	807,364304713966
660,33	806,896325931622
660,45	806,138543666017
660,58	805,015662737148
660,7	806,468608792918
660,82	805,294829440226
660,94	804,746519349022
661,06	804,207941275681
661,19	804,12662927652
661,31	803,785438751642
661,43	803,529398774829
661,55	802,108872353255
661,67	802,272407644649
661,8	802,106684819939
661,92	800,889578262681
662,04	800,119213834005
662,16	800,872153784311
662,28	801,000307836609
662,4	799,947361367205
662,53	799,2401175302
662,65	798,913873649501
662,77	797,693095057078
662,89	796,452721155611
663,01	795,566694316034
663,14	795,794333004174
663,26	795,36892480316
663,38	793,909665498589
663,5	795,081070641045
663,62	794,640436791252
663,74	794,489677977507
663,87	793,958390842968
663,99	794,030223810731
664,11	794,411618589043
664,23	793,821229144274
664,35	792,926883754395
664,48	792,379077532996
664,6	790,859104681342
664,72	789,506466176715
664,84	788,19123434091
664,96	788,475547397459
665,08	788,830799029418
665,21	789,126784913443
665,33	788,355383837413
665,45	788,04011993044
665,57	789,255008933903
665,69	789,688596226613
665,81	787,930569136525
665,94	786,882293644899
666,06	786,428473371609
666,18	787,354288355049
666,3	787,910529019893
666,42	790,218575084693
666,54	791,34552799746
666,67	790,701925429437
666,79	789,910476156353
666,91	789,591338768828
667,03	789,395925656643
667,15	788,757475407735
667,27	788,00653362812
667,4	788,912287085019
667,52	789,526018432911
667,64	790,133671097207
667,76	789,886960911625
667,88	788,995505037883
668	790,232886614875
668,13	791,240589416223
668,25	791,767969944567
668,37	792,142668589189
668,49	793,014673133333
668,61	793,260993332343
668,73	793,341501967673
668,85	794,100832790076
668,98	794,317194381574
669,1	794,741727741706
669,22	794,383122974433
669,34	794,239820721878
669,46	795,045743308312
669,58	795,698514816531
669,71	795,829666588018
669,83	795,166104602693
669,95	795,838949108503
670,07	796,49943142858
670,19	795,831198139232
670,31	795,152512101696
670,43	797,140814275603
670,56	797,268818132299
670,68	798,023908808356
670,8	798,543564053493
670,92	798,658988357089
671,04	797,887255045893
671,16	798,057776777678
671,28	798,89390008127
671,41	800,312775947497
671,53	801,533906734363
671,65	801,016012228407
671,77	801,019255890638
671,89	802,484430714916
672,01	802,96699891931
672,13	802,976755994046
672,26	803,274684190749
672,38	803,839265771238
672,5	804,055778408909
672,62	802,171509424729
672,74	802,139724776362
672,86	802,977361454592
672,98	802,882140548035
673,11	803,810204084486
673,23	803,429578734573
673,35	803,153744502606
673,47	803,713936550937
673,59	803,900396453238
673,71	803,816423782184
673,83	804,606051232308
673,96	804,123839597552
674,08	803,270240018177
674,2	804,57483878485
674,32	805,421968855138
674,44	804,680107550561
674,56	803,214128407016
674,68	802,774319033845
674,8	803,663893748598
674,93	803,695793037556
675,05	803,600793547316
675,17	802,711992502163
675,29	803,159387169785
675,41	803,09655229989
675,53	803,50473692612
675,65	803,054902466946
675,77	802,914293143878
675,9	803,307725120086
676,02	802,535267245172
676,14	802,15487644881
676,26	802,433992612854
676,38	802,757445736807
676,5	802,17985655653
676,62	802,443490339325
676,74	802,896975819912
676,87	803,127344466486
676,99	803,158030614712
677,11	803,228151564671
677,23	804,246276225681
677,35	803,373369039817
677,47	802,711255150758
677,59	801,885927351958
677,71	802,372880707488
677,83	802,013265427514
677,96	801,564535003015
678,08	802,458312642915
678,2	803,411440598429
678,32	803,763030617625
678,44	802,673832175451
678,56	802,679630281475
678,68	802,014043449005
678,8	801,868480630588
678,93	802,34928181556
679,05	801,206452107347
679,17	801,524333726577
679,29	801,463467513742
679,41	799,549436631042
679,53	799,939280038684
679,65	799,664624872196
679,77	799,064528408181
679,89	799,006618376401
680,01	799,670846562326
680,14	801,680740811946
680,26	801,845864304877
680,38	801,633486296203
680,5	800,896793337586
680,62	801,050142307435
680,74	800,058875685627
680,86	799,836569561811
680,98	798,628065546361
681,1	798,164936297513
681,22	798,015931255262
681,35	798,135765388189
681,47	797,704118176866
681,59	798,189073728732
681,71	797,520154902869
681,83	797,143303551715
681,95	796,100266240216
682,07	797,444092572364
682,19	796,983257918025
682,31	795,877019257265
682,43	796,66474179651
682,56	798,823418454467
682,68	799,454061002217
682,8	800,107098092334
682,92	799,457469768336
683,04	799,615290472737
683,16	800,157559095715
683,28	799,448136027195
683,4	799,860585466314
683,52	801,223220784214
683,64	801,214057926181
683,76	801,331157405061
683,89	802,147570013312
684,01	802,970092216989
684,13	802,78143890894
684,25	802,731893602953
684,37	802,614230504604
684,49	802,553657441472
684,61	801,975375121978
684,73	801,278690913752
684,85	802,796976990903
684,97	803,656965758712
685,09	804,238906358597
685,21	805,236752784016
685,34	805,545081115879
685,46	807,159658647419
685,58	808,065601758234
685,7	806,781587461659
685,82	806,437487805092
685,94	806,642251186284
686,06	806,90194497508
686,18	806,601762760742
686,3	806,13078641068
686,42	805,115720360386
686,54	805,195436578609
686,66	805,411767363144
686,79	806,206804494042
686,91	807,270611187333
687,03	807,400253941899
687,15	807,292280257152
687,27	807,622190685088
687,39	809,163044127714
687,51	808,631471964672
687,63	808,150256697515
687,75	807,396386188134
687,87	808,624189904428
687,99	808,557192325058
688,11	807,794434653174
688,23	808,775501647253
688,35	808,867902708717
688,48	808,476617473398
688,6	807,53686684785
688,72	808,354741959633
688,84	807,985397091166
688,96	807,207099595396
689,08	806,885680552522
689,2	805,963736736781
689,32	805,799742049933
689,44	805,317394970565
689,56	805,555253199106
689,68	804,927051427473
689,8	805,050038141678
689,92	804,476302773967
690,04	802,905889367578
690,16	802,761811307344
690,28	803,215513054218
690,41	803,286038234891
690,53	801,712643415798
690,65	801,625344047026
690,77	801,360748210744
690,89	800,886213697098
691,01	800,541075517261
691,13	798,497459037166
691,25	798,753590333791
691,37	798,14567574039
691,49	797,121968377421
691,61	798,824307463756
691,73	799,021966169433
691,85	798,768341451621
691,97	799,707559404485
692,09	799,814166671036
692,21	799,33816906545
692,33	798,398431285847
692,45	797,59705631534
692,57	796,018533878631
692,7	795,667222759169
692,82	793,657631452466
692,94	794,131764724046
693,06	793,434253743821
693,18	794,445659631982
693,3	794,302748356389
693,42	793,9585461886
693,54	792,907078022365
693,66	793,301342316756
693,78	792,995420744016
693,9	793,537258354962
694,02	793,274307306459
694,14	793,683966425769
694,26	793,262969848441
694,38	793,076503438693
694,5	793,973707660086
694,62	793,937546943044
694,74	793,019619888203
694,86	792,223912053342
694,98	792,058789999388
695,1	791,679588673431
695,22	791,350709795252
695,34	790,422029933091
695,46	791,245942668054
695,58	790,965656148139
695,71	790,744566217787
695,83	789,345891785295
695,95	788,816036498796
696,07	788,265012516786
696,19	786,658571175564
696,31	786,67548596413
696,43	786,644151127734
696,55	787,017164163018
696,67	786,93133538985
696,79	787,485309721264
696,91	787,118853763046
697,03	787,07616122389
697,15	787,506918907425
697,27	787,463657895887
697,39	787,391477790498
697,51	787,43952912767
697,63	786,816211145386
697,75	786,194628297782
697,87	787,741010669999
697,99	788,398255444962
698,11	788,615459013863
698,23	787,869892624214
698,35	788,768288797812
698,47	790,019813888185
698,59	791,310064544319
698,71	791,63743283843
698,83	792,276537403255
698,95	792,68159569355
699,07	792,229857605178
699,19	792,772561696947
699,31	793,28271105363
699,43	792,903351760419
699,55	793,147187763437
699,67	793,443466435964
699,79	794,108806929236
699,91	795,512106734946
700,03	795,549072854859
700,15	795,75681828377
700,27	796,506205523465
700,39	796,715007104594
700,51	797,441863862114
700,63	798,099982732254
700,75	798,305301431114
700,87	797,737432675307
700,99	796,532649463005
701,11	796,778238532592
701,24	797,495450298428
701,36	798,190556546917
701,48	798,077402200414
701,6	797,566733040294
701,72	797,048061293508
701,84	797,698625373217
701,96	797,272611105771
702,08	797,486304679012
702,2	797,069440860591
702,32	796,897415611464
702,44	797,578716395911
702,56	797,341062420805
702,68	798,247775187228
702,8	798,860835784549
702,92	798,751962295258
703,04	799,213419514767
703,16	798,914646783125
703,28	800,952103361793
703,4	801,641282823428
703,52	802,140792283112
703,64	802,977523301845
703,76	802,921648481353
703,88	803,864340659309
704	804,018814065873
704,12	804,162663526547
704,24	803,944891322142
704,36	804,194823183289
704,48	802,706120804314
704,6	802,067582049467
704,72	801,841580400759
704,84	801,248969190123
704,96	802,319333193514
705,07	802,547684980149
705,19	802,830083431644
705,31	803,237520808392
705,43	803,012824482448
705,55	802,985469523652
705,67	803,143638023997
705,79	803,647695979307
705,91	803,337536322564
706,03	802,251966915139
706,15	802,90417213566
706,27	803,81423496136
706,39	802,824024002401
706,51	802,140684435434
706,63	801,861510467552
706,75	802,17757282136
706,87	802,393529232535
706,99	801,845429045818
707,11	801,900564155445
707,23	802,77824611199
707,35	802,454937555892
707,47	802,999916719827
707,59	803,144291168923
707,71	803,821104681342
707,83	803,394060740055
707,95	803,973972618622
708,07	804,101928097664
708,19	804,389631802015
708,31	804,501844899053
708,43	804,136586986854
708,55	804,547694423811
708,67	804,165887474184
708,79	804,049745265789
708,91	804,641518151815
709,03	805,14707106633
709,15	806,723198972325
709,27	806,876160513139
709,39	807,539257288836
709,51	808,069118616717
709,63	807,954818744011
709,75	808,030512561936
709,87	807,649846198212
709,99	807,650445570771
710,11	807,507947922948
710,23	806,546229153013
710,35	806,668705128765
710,47	807,037584764302
710,58	807,4043360103
710,7	806,869777791371
710,82	805,569117568067
710,94	804,724836658423
711,06	805,067822155031
711,18	805,027619917332
711,3	804,681048741768
711,42	804,756738633087
711,54	805,205334702402
711,66	805,307310758261
711,78	805,519059507893
711,9	805,543883320371
712,02	804,373258017063
712,14	804,501056676542
712,26	803,599314981984
712,38	803,060243857396
712,5	802,682870949231
712,62	802,868288489043
712,74	802,329998403724
712,86	802,5078245844
712,98	801,985453135605
713,1	803,22914882362
713,22	803,104604400246
713,34	802,620912761179
713,45	802,339553211632
713,57	802,127222252322
713,69	802,136659932013
713,81	802,269605131387
713,93	802,595042473179
714,05	802,672754065698
714,17	801,86358563235
714,29	802,634095036688
714,41	802,23751338629
714,53	801,802987832764
714,65	802,502919956074
714,77	802,745029953481
714,89	802,466385821106
715,01	801,823252651479
715,13	800,592114943533
715,25	801,3046487173
715,37	799,999833771726
715,49	800,047247355804
715,61	799,663579165684
715,72	800,319198232445
715,84	801,38253757803
715,96	799,89245725155
716,08	800,126920224061
716,2	800,154298521114
716,32	800,328533220313
716,44	799,682389514679
716,56	800,145614720696
716,68	799,888431291673
716,8	800,953161506443
716,92	801,496686410388
717,04	801,276236615895
717,16	801,462934136132
717,28	801,572856949773
717,4	802,098288069584
717,52	802,016062819874
717,63	801,834978960032
717,75	802,479155727224
717,87	801,914980754386
717,99	802,505374539396
718,11	803,532532527039
718,23	803,011231026015
718,35	801,406821686052
718,47	802,523804316354
718,59	804,423535372955
718,71	804,64550385524
718,83	802,604136813682
718,95	802,785012470179
719,07	803,88565011841
719,19	803,82966618021
719,3	803,178920299797
719,42	803,92937806402
719,54	803,45168979228
719,66	803,408589946374
719,78	802,833856981815
719,9	802,449719661287
720,02	802,182457973953
720,14	800,867369948646
720,26	795,297794453232
720,38	795,871628335649
720,5	796,911106487348
720,62	797,546026117175
720,74	798,004595725592
720,85	798,195586063461
720,97	797,971927631598
721,09	798,837869309261
721,21	798,201641740873
721,33	798,568121235425
721,45	798,513731988733
721,57	797,753295820844
721,69	796,510868840282
721,81	795,777276950996
721,93	796,348604825531
722,05	797,097666797748
722,16	797,671228707336
722,28	798,9718404656
722,4	800,182267795712
722,52	800,538970553366
722,64	800,799037917384
722,76	800,896369048555
722,88	802,211358477596
723	803,003573252471
723,12	802,365636049042
723,24	802,327927252919
723,36	802,556081514948
723,47	802,860342814864
723,59	802,566064119034
723,71	801,739228812202
723,83	802,505452914224
723,95	803,049585218716
724,07	804,331184058212
724,19	805,678089636148
724,31	807,115500691817
724,43	808,132548233464
724,55	808,415824467884
724,66	807,931703517925
724,78	808,233652600211
724,9	807,952020600118
725,02	808,493170740375
725,14	808,221385579335
725,26	808,344916064422
725,38	808,470391198343
725,5	806,898035205462
725,62	807,377666756967
725,74	808,389847141996
725,85	808,794589719167
725,97	808,741194731124
726,09	809,294085493986
726,21	809,751628224958
726,33	810,909787170951
726,45	811,765103160802
726,57	811,210684039278
726,69	810,792223729169
726,81	811,037686873542
726,92	810,451611918473
727,04	811,187165619474
727,16	812,61757942202
727,28	812,446306951084
727,4	813,202291780635
727,52	814,332738283538
727,64	814,744146088395
727,76	815,069643436189
727,88	814,492746439693
727,99	815,171060812878
728,11	816,295354568467
728,23	815,690340327237
728,35	814,607487863349
728,47	814,046025755974
728,59	814,615846227342
728,71	815,300745525038
728,83	813,591208375207
728,94	813,560982024417
729,06	814,13651262602
729,18	813,597185124338
729,3	812,779634295469
729,42	811,801298733757
729,54	812,643396182337
729,66	811,793365940478
729,78	811,177980180542
729,9	810,841368247505
730,01	809,883752775277
730,13	809,198189211154
730,25	808,162797747736
730,37	808,255538052834
730,49	807,232369567054
730,61	805,651006912342
730,73	804,368586194542
730,84	803,829214084516
730,96	802,639699305853
731,08	802,039741974197
731,2	800,121659771802
731,32	800,840855312716
731,44	800,205545853615
731,56	799,907711184711
731,68	799,578874281603
731,79	799,141123423022
731,91	798,398662448769
732,03	797,260661044745
732,15	797,797494196022
732,27	801,403254539046
732,39	802,224489351848
732,51	802,089331416637
732,62	801,758725204559
732,74	801,837223924334
732,86	802,244495713649
732,98	802,023746454257
733,1	801,853895589559
733,22	802,337934890577
733,34	802,120310318411
733,45	801,705460866475
733,57	801,532721866361
733,69	803,20285611668
733,81	804,376979630002
733,93	804,75428751613
734,05	803,933872979531
734,17	802,671913801089
734,28	803,194983655647
734,4	802,678804785333
734,52	801,977814977615
734,64	802,162115840711
734,76	802,117498722688
734,88	801,9535792822
735	802,10183912566
735,11	802,667960413517
735,23	803,234959379433
735,35	803,74916922566
735,47	803,402717619335
735,59	804,393993242043
735,71	805,265109417738
735,83	805,634926620817
735,94	806,071185945779
736,06	806,270027439637
736,18	805,276823800827
736,3	805,252642437059
736,42	805,108937212168
736,54	806,007426907739
736,65	805,473003451802
736,77	805,83009878852
736,89	806,021131054853
737,01	806,713414644377
737,13	807,098360927355
737,25	807,556621248533
737,36	807,182051436212
737,48	810,137795204763
737,6	810,850733016991
737,72	811,11345536107
737,84	811,417336292853
737,96	811,16599745994
738,08	810,689520779262
738,19	810,836757060172
738,31	810,509058336902
738,43	810,62686539722
738,55	810,685214964215
738,67	810,004826591397
738,79	810,71327157376
738,9	811,248554787518
739,02	812,012215147729
739,14	812,380951071807
739,26	811,384354845193
739,38	810,823561513433
739,5	809,637391504199
739,61	809,696961931145
739,73	808,914717520296
739,85	808,110831432658
739,97	808,175048998105
740,09	807,311028164953
740,2	806,929218826737
740,32	807,151972251594
740,44	806,826521848302
740,56	806,553008508618
740,68	804,60303728237
740,8	805,122455923262
740,91	804,813597214091
741,03	804,010636209252
741,15	803,978003006126
741,27	804,810491816172
741,39	804,907313158501
741,51	803,658291710725
741,62	801,842841674459
741,74	801,468575824573
741,86	800,390442046146
741,98	799,422328302733
742,1	798,592239319078
742,21	798,899658507599
742,33	799,291472960888
742,45	799,148093015127
742,57	798,612276796612
742,69	798,297564740941
742,8	800,671074293837
742,92	801,965921316404
743,04	802,611558012112
743,16	804,443408707861
743,28	803,859865254487
743,4	803,744595766373
743,51	803,324891875596
743,63	803,288856477881
743,75	803,169113332693
743,87	802,576444358999
743,99	803,339071468312
744,1	802,970436505786
744,22	803,721332074955
744,34	803,459758857439
744,46	803,751185200074
744,58	804,320210626888
744,69	804,014249438536
744,81	803,770300321294
744,93	803,444015228707
745,05	804,109921409617
745,17	803,994522978512
745,28	804,217276933519
745,4	803,787529477219
745,52	803,496949702737
745,64	802,882533610643
745,76	803,220013078978
745,87	803,69268822222
745,99	803,891259858025
746,11	804,15781900326
746,23	804,241207099351
746,35	803,676990320392
746,46	803,79744402984
746,58	802,965741764468
746,7	802,425438914765
746,82	801,436646212194
746,94	801,889956195619
747,05	801,747421722755
747,17	802,689432360712
747,29	802,853156845782
747,41	804,024039714652
747,53	805,399959423127
747,64	806,438390324469
747,76	806,848547132383
747,88	806,432419599242
748	806,796234268087
748,12	806,943558757817
748,23	807,144487714791
748,35	806,476469549868
748,47	806,565388352428
748,59	808,40472125465
748,7	808,123335325766
748,82	808,465871802715
748,94	808,573489110076
749,06	808,858224766166
749,18	808,105309231894
749,29	808,748848793617
749,41	808,361247408236
749,53	808,387807438996
749,65	807,660012420659
749,76	808,195978024987
749,88	808,222391437202
750	808,57466128943
750,12	807,842190702565
750,24	808,285951249494
750,35	809,254764284196
750,47	810,023260190097
750,59	809,770355357866
750,71	809,05829725691
750,82	809,264877369291
750,94	808,649499800466
751,06	808,029968761925
751,18	808,530904768146
751,3	809,008363304292
751,41	809,316111785936
751,53	809,783970224207
751,65	809,392029006784
751,77	809,621900401691
751,88	809,201799014853
752	808,389541012354
752,12	807,960467604042
752,24	807,420384475341
752,35	807,631212494065
752,47	806,669222485355
752,59	808,260092030562
752,71	807,920973815828
752,83	808,335937885051
752,94	808,303468684732
753,06	807,978513651365
753,18	806,861756101824
753,3	806,166951706821
753,41	805,46111981101
753,53	805,811617895771
753,65	805,286599623069
753,77	805,584315940332
753,88	805,818474338696
754	805,796071657651
754,12	805,403940005651
754,24	805,385310641744
754,35	805,21818589626
754,47	805,055131480139
754,59	805,273558623824
754,71	805,022451792752
754,82	804,333608830786
754,94	802,91586361743
755,06	802,34345479014
755,18	801,634201037579
755,29	800,921483750317
755,41	801,145628207481
755,53	801,1146930227
755,65	801,205896294484
755,76	800,686778376867
755,88	800,249386761977
756	800,463975549012
756,12	801,416811857885
756,23	801,047716660986
756,35	800,785258081148
756,47	799,475809880017
756,59	799,925313275017
756,7	799,233347478437
756,82	797,719573159258
756,94	797,274631070874
757,06	796,794674455796
757,17	797,112522652266
757,29	797,157259531779
757,41	797,198503351306
757,53	798,005467589477
757,64	797,375807124402
757,76	796,762412893716
757,88	797,260402040204
758	798,639476875843
758,11	798,369650415528
758,23	799,24890758202
758,35	799,456010026246
758,47	800,351083440383
758,58	801,293318285226
758,7	802,558350534083
758,82	802,759419473986
758,94	803,723382427563
759,05	804,276238614153
759,17	803,567117999178
759,29	803,358533214486
759,4	802,551523989292
759,52	802,819193595088
759,64	802,068986143274
759,76	802,705140061579
759,87	802,266189304367
759,99	802,345737167891
760,11	803,059538064486
760,23	803,962077058191
760,34	803,529478670197
760,46	802,54882382413
760,58	802,378875609891
760,7	802,434812061789
760,81	802,606645763606
760,93	802,512822932779
761,05	803,8321224705
761,16	805,172601580547
761,28	805,987363511109
761,4	806,355790112992
761,52	805,552221532833
761,63	805,062248890909
761,75	805,295529995719
761,87	804,780589107455
761,98	805,49124722181
762,1	805,696882000822
762,22	804,986376138585
762,34	804,312693616934
762,45	804,629008957207
762,57	804,440758097169
762,69	804,362311769041
762,81	804,214125272721
762,92	803,549002298288
763,04	803,927799929508
763,16	804,659211876527
763,27	804,405902667937
763,39	803,595327956097
763,51	804,361989146488
763,63	804,903058727232
763,74	805,602715457954
763,86	805,651470269357
763,98	806,100813524071
764,09	806,200162173499
764,21	806,132750861494
764,33	805,733677639609
764,44	805,016489351848
764,56	804,734053731587
764,68	803,883674662612
764,8	803,935609774569
764,91	803,057962149613
765,03	802,457804100799
765,15	801,134472806505
765,26	801,123506779804
765,38	801,453384856933
765,5	801,107872932925
765,62	799,468448483683
765,73	798,642926317874
765,85	798,502127917646
765,97	798,748503980496
766,08	797,869493531877
766,2	798,353782749149
766,32	798,361727048433
766,43	798,621162543439
766,55	797,895221075506
766,67	798,072211815356
766,79	798,671436258189
766,9	799,235203429081
767,02	799,906759320592
767,14	798,825310886428
767,25	799,412787808878
767,37	799,692177116741
767,49	799,110048319395
767,6	799,900476034011
767,72	800,324652661382
767,84	800,371717732939
767,95	799,338661178739
768,07	800,123974622705
768,19	800,416750290563
768,31	801,365531510433
768,42	800,793163679475
768,54	801,987812554072
768,66	804,796772003414
768,77	805,302656867629
768,89	806,141153035692
769,01	806,101529250012
769,12	807,18313675251
769,24	807,965391480896
769,36	807,839258127755
769,47	807,916040932249
769,59	808,62235238087
769,71	809,148991543815
769,82	809,64962057565
769,94	809,005676165675
770,06	809,466512002657
770,17	809,291040096243
770,29	808,446033481018
770,41	808,215057183388
770,53	809,036499616952
770,64	809,188241905744
770,76	809,338354169398
770,88	808,145245258506
770,99	810,009916568356
771,11	810,726539086919
771,23	810,910218305326
771,34	809,503602468985
771,46	810,533972001084
771,58	810,945276473278
771,69	810,740674013033
771,81	810,718089047739
771,93	809,635723086872
772,04	810,458164760166
772,16	810,744506147703
772,28	810,270258445262
772,39	810,998845094218
772,51	811,178218817998
772,63	811,124374915162
772,74	810,579694697625
772,86	809,585838636291
772,98	808,439407169844
773,09	806,366130282931
773,21	805,565782469509
773,33	806,851687555163
773,44	806,587220364755
773,56	806,334977293846
773,68	806,409495809775
773,79	807,63591656253
773,91	807,65083462521
774,03	808,12562230592
774,14	807,092927984061
774,26	807,635127943863
774,38	808,017339765045
774,49	807,666024136394
774,61	807,355002828438
774,73	808,286238719018
774,84	808,283709576783
774,96	807,86071973411
775,08	807,083281710696
775,19	807,887796026205
775,31	807,808021112791
775,43	807,716056353207
775,54	806,612094826959
775,66	807,321946489795
775,77	807,325235191481
775,89	806,577591003761
776,01	805,699920425052
776,12	806,662566182832
776,24	807,157206953705
776,36	807,01200381009
776,47	807,296849469413
776,59	807,399806454432
776,71	806,825872897969
776,82	806,462848647971
776,94	806,663014369398
777,06	805,974469101279
777,17	806,115282217542
777,29	804,262599407514
777,41	803,850297612286
777,52	805,097328515376
777,64	805,884843550375
777,75	806,447143574552
777,87	807,862840229654
777,99	807,785375716213
778,1	808,230992015706
778,22	808,947302759402
778,34	810,545786943743
778,45	811,028742175189
778,57	811,963751353776
778,69	812,141754144347
778,8	812,374169502387
778,92	814,715527455658
779,04	815,002539185958
779,15	815,362067964078
779,27	815,337109493473
779,38	815,455990002884
779,5	816,01118517677
779,62	816,885601740757
779,73	818,323980483485
779,85	818,043992006968
779,97	818,217102793775
780,08	818,164166845811
780,2	819,851067798042
780,31	819,84944195002
780,43	819,309014765555
780,55	818,540139184792
780,66	818,638632818622
780,78	818,828935598414
780,9	819,190774630861
781,01	819,072766736868
781,13	819,1655462789
781,25	820,106520100554
781,36	820,090141124792
781,48	819,999671114685
781,59	819,125098272934
781,71	819,430748618551
781,83	818,811311364147
781,94	819,939949350275
782,06	820,452270976613
782,18	820,245993166307
782,29	819,796651490392
782,41	819,292432940382
782,52	818,921783931791
782,64	819,296631187391
782,76	818,690089362334
782,87	817,624361206994
782,99	817,462606311117
783,1	818,239760931433
783,22	817,832462756956
783,34	817,354984791683
783,45	816,15182518446
783,57	815,588784092002
783,69	816,069404682216
783,8	814,884485104822
783,92	814,683033408195
784,03	814,529676486095
784,15	813,831614382797
784,27	814,238955639254
784,38	814,131942266072
784,5	813,743379031107
784,61	813,568127125334
784,73	813,545783809449
784,85	815,069560732773
784,96	815,336268896793
785,08	814,926768111763
785,19	814,994613436101
785,31	814,829950433878
785,43	815,534060658494
785,54	814,422332584715
785,66	813,388380927413
785,77	811,696779378909
785,89	812,8132900358
786,01	812,68860340403
786,12	811,713473957105
786,24	812,02371329366
786,35	812,613253006854
786,47	812,106059772968
786,59	812,428909993912
786,7	811,832951998113
786,82	812,804723433508
786,93	811,95801775129
787,05	811,398902804844
787,17	809,495516415719
787,28	809,931422893746
787,4	798,696777875846
787,51	798,227044902549
787,63	798,974191116199
787,75	800,998494560136
787,86	801,750499372268
787,98	800,181683844113
788,09	801,508811817104
788,21	802,704183350374
788,33	802,475648056068
788,44	804,275622241836
788,56	805,305625970365
788,67	806,689765341583
788,79	807,977038779606
788,91	807,149004232462
789,02	808,29081044221
789,14	811,368741254708
789,25	812,601193583437
789,37	812,341624210965
789,48	812,485789553712
789,6	812,81100651036
789,72	814,029318716337
789,83	815,570143420168
789,95	816,291654173185
790,06	816,879133332751
790,18	817,104639669792
790,3	816,670154506713
790,41	817,480517746921
790,53	818,169198995628
790,64	818,659898112142
790,76	819,023440371221
790,87	818,505842714369
790,99	820,025376572609
791,11	821,465177562417
791,22	820,812686392912
791,34	821,454221515356
791,45	821,076142225873
791,57	821,262594222529
791,68	821,071071019724
791,8	820,714326240391
791,92	819,832513167821
792,03	819,75434455096
792,15	819,919975339282
792,26	821,192683893632
792,38	821,623991919581
792,49	821,160368535883
792,61	820,86600027964
792,73	821,469923011719
792,84	822,089013087717
792,96	822,245936731538
793,07	821,154653797419
793,19	820,666413785068
793,3	820,127450729539
793,42	819,622623765289
793,54	819,5294986353
793,65	819,392524851195
793,77	819,236345444238
793,88	819,060960414427
794	818,86636976173
794,11	818,652573486121
794,23	818,419571587656
794,34	818,167364066292
794,46	817,895950922073
794,58	817,605332154941
794,69	817,295507764953
794,81	816,966477752067
794,92	816,61824211631
795,04	816,250800857699
795,15	815,864153976159
795,27	815,458301471765
795,39	815,033243344471
795,5	814,588979594322
795,62	814,12551022126
795,73	813,642835225357
795,85	813,140954606526
795,96	812,619868364854
796,08	812,079576500299
796,19	811,520079012844
796,31	810,941375902519
796,42	810,343467169296
796,54	809,726352813217
796,66	809,090032834225
796,77	808,434507232392
796,89	807,759776007646
797	807,065839160045
797,12	806,352696689559
797,23	805,62034859616
797,35	804,86879487992
797,46	804,098035540766
797,58	803,308070578758
797,69	802,498899993836
797,81	801,670523786073
797,93	800,822941955397
798,04	799,956154501866
798,16	799,07016142545
798,27	798,164962726121
798,39	797,240558403952
798,5	796,296948458868
798,62	795,33413289093
798,73	794,352111700093
798,85	793,3508848864
798,96	792,33045244978
799,08	791,290814390333
799,19	790,231970707988
799,31	789,153921402743
