Wavelength (nm)	Intensity
377.35	385.40
377.48	502.00
377.62	651.80
377.75	640.60
377.88	682.00
378.02	715.40
378.15	753.40
378.28	754.20
378.41	752.60
378.55	746.00
378.68	744.00
378.81	734.60
378.95	726.60
379.08	730.00
379.21	734.80
379.35	752.00
379.48	757.60
379.61	759.60
379.74	766.20
379.88	778.80
380.01	774.20
380.14	767.40
380.28	774.20
380.41	767.80
380.54	745.60
380.68	740.20
380.81	753.60
380.94	760.60
381.07	759.80
381.21	756.40
381.34	777.00
381.47	767.40
381.61	751.80
381.74	757.60
381.87	782.60
382.00	762.20
382.14	760.60
382.27	781.80
382.40	785.60
382.54	764.40
382.67	757.40
382.80	762.60
382.93	749.00
383.07	744.80
383.20	749.20
383.33	743.60
383.47	759.00
383.60	760.80
383.73	754.00
383.86	757.20
384.00	769.20
384.13	755.60
384.26	754.00
384.40	767.80
384.53	770.80
384.66	765.80
384.79	760.40
384.93	764.20
385.06	769.80
385.19	774.60
385.33	776.00
385.46	782.60
385.59	769.00
385.72	746.60
385.86	740.00
385.99	739.00
386.12	740.00
386.25	758.60
386.39	760.60
386.52	760.20
386.65	756.80
386.79	759.60
386.92	741.60
387.05	735.80
387.18	740.20
387.32	747.00
387.45	740.80
387.58	748.80
387.71	756.40
387.85	753.80
387.98	756.00
388.11	756.40
388.25	759.60
388.38	766.20
388.51	761.00
388.64	751.60
388.78	747.60
388.91	760.20
389.04	757.00
389.17	764.80
389.31	780.20
389.44	785.20
389.57	768.00
389.70	761.20
389.84	753.60
389.97	747.40
390.10	744.20
390.24	743.00
390.37	755.20
390.50	761.20
390.63	763.60
390.77	767.40
390.90	761.20
391.03	748.80
391.16	745.20
391.30	737.80
391.43	731.40
391.56	748.20
391.69	756.80
391.83	757.40
391.96	770.40
392.09	772.00
392.22	757.20
392.36	750.40
392.49	752.00
392.62	746.20
392.75	739.80
392.89	740.00
393.02	736.40
393.15	746.40
393.28	732.80
393.42	737.20
393.55	730.40
393.68	731.40
393.81	716.00
393.95	721.00
394.08	725.20
394.21	744.00
394.34	752.80
394.48	760.00
394.61	769.60
394.74	770.40
394.87	770.80
395.01	762.20
395.14	774.40
395.27	781.60
395.40	778.40
395.54	770.80
395.67	778.00
395.80	757.20
395.93	743.40
396.07	733.60
396.20	730.80
396.33	725.20
396.46	729.80
396.59	725.80
396.73	740.40
396.86	746.20
396.99	749.80
397.12	750.40
397.26	794.80
397.39	804.60
397.52	808.40
397.65	803.80
397.79	813.00
397.92	768.20
398.05	752.20
398.18	751.00
398.32	755.60
398.45	750.40
398.58	751.20
398.71	758.20
398.84	757.80
398.98	756.60
399.11	750.60
399.24	745.60
399.37	738.00
399.51	734.80
399.64	733.40
399.77	738.40
399.90	742.40
400.03	750.60
400.17	757.00
400.30	754.40
400.43	748.60
400.56	753.80
400.70	742.20
400.83	737.60
400.96	744.60
401.09	759.40
401.23	758.80
401.36	768.00
401.49	763.00
401.62	752.60
401.75	739.20
401.89	743.00
402.02	742.00
402.15	741.80
402.28	745.60
402.41	748.40
402.55	754.00
402.68	756.40
402.81	762.00
402.94	759.20
403.08	758.40
403.21	754.80
403.34	753.60
403.47	759.00
403.60	767.80
403.74	761.20
403.87	754.60
404.00	746.60
404.13	733.00
404.26	731.20
404.40	736.40
404.53	733.60
404.66	741.60
404.79	751.60
404.93	743.80
405.06	745.60
405.19	753.20
405.32	750.40
405.45	744.40
405.59	748.00
405.72	775.40
405.85	764.00
405.98	763.40
406.11	764.20
406.25	770.00
406.38	740.20
406.51	741.80
406.64	733.80
406.77	736.00
406.91	733.00
407.04	738.60
407.17	743.80
407.30	761.00
407.43	768.00
407.57	763.00
407.70	760.60
407.83	757.60
407.96	759.80
408.09	753.80
408.23	761.60
408.36	775.40
408.49	778.80
408.62	761.00
408.75	763.20
408.89	762.00
409.02	756.00
409.15	765.00
409.28	771.00
409.41	782.40
409.55	782.40
409.68	768.80
409.81	766.20
409.94	764.80
410.07	745.20
410.20	746.00
410.34	756.60
410.47	758.00
410.60	751.60
410.73	755.00
410.86	747.80
411.00	737.80
411.13	731.00
411.26	742.40
411.39	740.40
411.52	745.20
411.66	740.60
411.79	738.20
411.92	731.80
412.05	735.60
412.18	740.60
412.31	754.80
412.45	752.00
412.58	757.40
412.71	768.80
412.84	768.60
412.97	767.80
413.11	776.60
413.24	784.60
413.37	772.20
413.50	767.00
413.63	764.40
413.76	761.60
413.90	752.20
414.03	760.00
414.16	760.40
414.29	770.20
414.42	771.40
414.56	774.60
414.69	765.20
414.82	767.40
414.95	755.60
415.08	757.80
415.21	740.00
415.35	747.80
415.48	754.40
415.61	745.60
415.74	742.00
415.87	776.00
416.00	769.20
416.14	759.00
416.27	766.20
416.40	770.20
416.53	753.40
416.66	750.80
416.79	757.20
416.93	757.20
417.06	750.20
417.19	747.40
417.32	740.60
417.45	742.00
417.58	741.60
417.72	746.00
417.85	751.20
417.98	756.20
418.11	749.00
418.24	755.60
418.37	755.20
418.51	760.80
418.64	767.80
418.77	763.60
418.90	757.20
419.03	762.80
419.16	749.40
419.29	744.00
419.43	765.60
419.56	775.40
419.69	768.00
419.82	780.20
419.95	792.20
420.08	797.80
420.22	798.20
420.35	800.00
420.48	779.80
420.61	773.00
420.74	747.00
420.87	739.20
421.00	743.40
421.14	763.60
421.27	765.20
421.40	770.00
421.53	768.20
421.66	763.80
421.79	756.80
421.93	752.60
422.06	756.60
422.19	761.80
422.32	763.80
422.45	758.80
422.58	763.60
422.71	762.80
422.85	749.00
422.98	733.00
423.11	731.00
423.24	720.80
423.37	720.20
423.50	729.80
423.63	735.60
423.77	742.80
423.90	753.00
424.03	751.80
424.16	739.80
424.29	738.80
424.42	729.80
424.55	734.80
424.69	737.00
424.82	743.80
424.95	754.80
425.08	759.40
425.21	747.40
425.34	742.80
425.47	740.80
425.60	734.20
425.74	731.60
425.87	735.00
426.00	732.80
426.13	736.80
426.26	735.60
426.39	750.80
426.52	755.40
426.66	749.00
426.79	765.00
426.92	777.40
427.05	763.00
427.18	755.60
427.31	758.20
427.44	742.20
427.57	732.40
427.71	737.20
427.84	746.80
427.97	751.60
428.10	748.40
428.23	736.20
428.36	753.40
428.49	760.40
428.62	764.00
428.76	762.40
428.89	774.40
429.02	768.20
429.15	752.00
429.28	752.00
429.41	759.00
429.54	761.60
429.67	748.60
429.81	747.80
429.94	752.80
430.07	760.40
430.20	755.00
430.33	751.60
430.46	753.00
430.59	737.60
430.72	728.20
430.85	727.20
430.99	737.00
431.12	745.20
431.25	754.80
431.38	758.80
431.51	776.40
431.64	781.60
431.77	774.80
431.90	768.80
432.03	767.00
432.17	756.00
432.30	746.80
432.43	751.00
432.56	755.20
432.69	764.40
432.82	764.80
432.95	762.20
433.08	753.40
433.21	752.00
433.35	738.20
433.48	740.40
433.61	738.00
433.74	747.40
433.87	746.60
434.00	754.40
434.13	751.80
434.26	757.60
434.39	750.20
434.53	752.40
434.66	742.20
434.79	747.00
434.92	742.80
435.05	750.60
435.18	760.00
435.31	765.60
435.44	755.60
435.57	753.00
435.70	757.40
435.84	765.40
435.97	768.40
436.10	767.60
436.23	767.20
436.36	757.20
436.49	737.80
436.62	741.00
436.75	742.60
436.88	739.80
437.01	731.40
437.14	729.00
437.28	732.20
437.41	739.20
437.54	741.40
437.67	741.80
437.80	763.80
437.93	764.00
438.06	753.60
438.19	753.40
438.32	764.00
438.45	756.20
438.58	755.40
438.72	760.00
438.85	764.80
438.98	771.80
439.11	776.40
439.24	777.20
439.37	787.80
439.50	781.40
439.63	769.00
439.76	755.00
439.89	749.00
440.02	750.20
440.15	760.00
440.29	767.00
440.42	777.00
440.55	789.80
440.68	781.40
440.81	778.00
440.94	785.80
441.07	783.60
441.20	768.20
441.33	764.00
441.46	763.80
441.59	757.60
441.72	756.80
441.85	765.00
441.99	782.20
442.12	786.00
442.25	785.40
442.38	772.80
442.51	766.40
442.64	750.60
442.77	741.00
442.90	730.40
443.03	737.00
443.16	742.60
443.29	741.20
443.42	748.20
443.55	743.80
443.68	738.20
443.82	728.20
443.95	734.00
444.08	726.60
444.21	733.80
444.34	740.60
444.47	743.20
444.60	736.40
444.73	746.60
444.86	751.00
444.99	754.80
445.12	756.40
445.25	765.40
445.38	763.20
445.51	759.40
445.64	743.20
445.78	757.60
445.91	761.60
446.04	752.40
446.17	758.20
446.30	770.40
446.43	749.40
446.56	739.40
446.69	752.60
446.82	755.60
446.95	761.00
447.08	766.20
447.21	774.20
447.34	773.00
447.47	770.80
447.60	772.80
447.73	774.80
447.86	766.80
447.99	765.00
448.13	760.80
448.26	753.00
448.39	756.40
448.52	757.80
448.65	757.00
448.78	758.80
448.91	753.00
449.04	754.40
449.17	760.00
449.30	756.80
449.43	761.40
449.56	768.40
449.69	754.00
449.82	755.80
449.95	762.20
450.08	756.80
450.21	754.60
450.34	766.00
450.47	757.80
450.60	754.20
450.73	755.60
450.87	761.00
451.00	779.60
451.13	781.40
451.26	783.80
451.39	776.60
451.52	767.00
451.65	740.80
451.78	736.80
451.91	747.00
452.04	762.80
452.17	765.40
452.30	764.40
452.43	771.80
452.56	750.00
452.69	744.40
452.82	740.20
452.95	730.20
453.08	728.40
453.21	733.40
453.34	735.40
453.47	751.80
453.60	773.40
453.73	774.20
453.86	780.00
453.99	771.60
454.12	766.00
454.25	757.00
454.38	751.60
454.52	743.60
454.65	733.80
454.78	727.80
454.91	724.60
455.04	719.00
455.17	733.00
455.30	740.80
455.43	734.00
455.56	740.20
455.69	748.00
455.82	731.60
455.95	728.80
456.08	726.20
456.21	715.80
456.34	711.80
456.47	714.20
456.60	716.80
456.73	729.00
456.86	733.20
456.99	732.40
457.12	744.60
457.25	749.20
457.38	746.40
457.51	748.00
457.64	752.60
457.77	739.80
457.90	737.20
458.03	735.80
458.16	733.40
458.29	721.80
458.42	721.20
458.55	719.00
458.68	732.00
458.81	755.20
458.94	758.80
459.07	760.00
459.20	770.40
459.33	772.40
459.46	762.40
459.59	771.40
459.72	790.00
459.85	789.40
459.98	777.60
460.11	761.20
460.24	768.00
460.37	755.40
460.50	747.80
460.63	746.00
460.76	759.80
460.89	756.20
461.02	755.40
461.15	753.20
461.28	764.80
461.41	750.40
461.54	745.00
461.67	752.20
461.80	759.80
461.93	756.00
462.06	762.80
462.19	760.80
462.32	760.40
462.45	754.00
462.58	748.80
462.71	741.80
462.84	741.40
462.97	734.00
463.10	740.60
463.23	741.00
463.36	742.40
463.49	746.80
463.62	745.00
463.75	744.00
463.88	734.40
464.01	757.80
464.14	756.20
464.27	757.20
464.40	753.60
464.53	761.00
464.66	750.80
464.79	747.20
464.92	746.20
465.05	741.00
465.18	746.60
465.31	740.60
465.44	740.20
465.57	757.80
465.70	767.80
465.83	760.20
465.96	768.40
466.09	769.60
466.22	751.40
466.35	744.20
466.48	744.40
466.61	743.60
466.74	753.20
466.87	760.40
467.00	768.40
467.13	759.40
467.26	745.40
467.39	736.80
467.52	744.20
467.65	736.40
467.78	749.40
467.91	750.20
468.04	747.60
468.17	726.60
468.30	722.40
468.43	725.20
468.56	734.20
468.69	734.20
468.82	743.60
468.95	752.20
469.08	752.00
469.21	762.40
469.34	778.60
469.47	781.60
469.60	780.00
469.73	783.60
469.86	766.40
469.99	750.60
470.11	754.80
470.24	753.80
470.37	742.20
470.50	747.40
470.63	755.80
470.76	763.60
470.89	764.00
471.02	766.80
471.15	780.80
471.28	778.20
471.41	763.00
471.54	754.00
471.67	763.00
471.80	748.40
471.93	748.60
472.06	743.20
472.19	769.40
472.32	769.60
472.45	771.40
472.58	765.40
472.71	764.20
472.84	740.00
472.97	736.20
473.10	726.20
473.23	738.60
473.36	749.40
473.49	759.00
473.62	763.40
473.74	768.20
473.87	750.20
474.00	753.40
474.13	753.80
474.26	741.80
474.39	742.20
474.52	752.40
474.65	738.60
474.78	738.20
474.91	762.40
475.04	769.00
475.17	772.60
475.30	789.80
475.43	783.40
475.56	767.60
475.69	757.20
475.82	763.20
475.95	752.00
476.08	764.80
476.21	765.80
476.34	782.20
476.46	768.60
476.59	766.60
476.72	752.20
476.85	750.20
476.98	740.40
477.11	735.00
477.24	734.40
477.37	740.00
477.50	727.80
477.63	719.20
477.76	719.60
477.89	719.80
478.02	713.40
478.15	724.40
478.28	729.80
478.41	740.40
478.54	741.00
478.66	748.80
478.79	744.40
478.92	749.20
479.05	740.80
479.18	740.80
479.31	733.60
479.44	730.80
479.57	726.80
479.70	727.20
479.83	731.80
479.96	755.80
480.09	779.00
480.22	789.80
480.35	797.40
480.48	793.20
480.60	778.00
480.73	759.00
480.86	748.60
480.99	746.00
481.12	760.00
481.25	756.40
481.38	755.40
481.51	760.40
481.64	757.00
481.77	744.00
481.90	740.20
482.03	748.00
482.16	747.40
482.29	757.20
482.41	753.20
482.54	754.80
482.67	754.80
482.80	747.40
482.93	755.40
483.06	764.60
483.19	767.80
483.32	763.40
483.45	779.60
483.58	772.00
483.71	770.60
483.84	770.40
483.97	762.60
484.09	745.60
484.22	733.20
484.35	726.40
484.48	725.20
484.61	733.60
484.74	732.80
484.87	741.40
485.00	736.40
485.13	736.00
485.26	729.40
485.39	751.40
485.52	756.40
485.64	769.60
485.77	764.00
485.90	772.40
486.03	751.40
486.16	745.80
486.29	746.20
486.42	752.20
486.55	751.40
486.68	758.80
486.81	753.60
486.94	760.20
487.06	763.40
487.19	755.20
487.32	749.40
487.45	752.60
487.58	737.00
487.71	738.80
487.84	746.40
487.97	750.80
488.10	743.60
488.23	744.60
488.35	729.20
488.48	721.60
488.61	717.60
488.74	725.80
488.87	740.40
489.00	755.60
489.13	763.00
489.26	771.00
489.39	771.80
489.52	762.40
489.64	757.00
489.77	748.00
489.90	741.20
490.03	738.40
490.16	734.40
490.29	733.00
490.42	727.40
490.55	726.60
490.68	718.80
490.81	727.60
490.93	729.40
491.06	742.60
491.19	751.60
491.32	751.00
491.45	742.60
491.58	740.40
491.71	732.60
491.84	737.80
491.97	749.00
492.09	754.00
492.22	767.40
492.35	774.60
492.48	761.60
492.61	763.80
492.74	763.20
492.87	747.40
493.00	746.40
493.12	747.40
493.25	739.00
493.38	730.20
493.51	734.00
493.64	737.20
493.77	740.00
493.90	753.20
494.03	767.40
494.16	769.80
494.28	767.00
494.41	782.20
494.54	784.20
494.67	776.00
494.80	779.00
494.93	779.40
495.06	763.20
495.19	750.40
495.31	745.40
495.44	740.40
495.57	737.60
495.70	731.80
495.83	734.20
495.96	751.60
496.09	766.40
496.22	767.00
496.34	777.60
496.47	782.40
496.60	778.40
496.73	759.00
496.86	759.40
496.99	744.00
497.12	737.80
497.24	727.80
497.37	728.80
497.50	728.60
497.63	744.00
497.76	756.80
497.89	744.80
498.02	748.20
498.15	754.20
498.27	763.00
498.40	759.80
498.53	780.40
498.66	775.00
498.79	775.00
498.92	760.00
499.05	752.40
499.17	757.00
499.30	768.80
499.43	755.60
499.56	760.20
499.69	756.80
499.82	741.20
499.95	734.80
500.07	747.40
500.20	764.20
500.33	768.60
500.46	772.40
500.59	779.60
500.72	778.00
500.85	764.00
500.97	754.60
501.10	755.40
501.23	759.20
501.36	761.20
501.49	758.00
501.62	772.40
501.75	762.60
501.87	756.00
502.00	753.40
502.13	746.20
502.26	736.60
502.39	738.00
502.52	729.20
502.64	731.80
502.77	735.00
502.90	734.00
503.03	736.60
503.16	748.80
503.29	746.40
503.42	752.60
503.54	759.00
503.67	770.20
503.80	758.20
503.93	756.60
504.06	758.20
504.19	757.60
504.31	755.00
504.44	764.40
504.57	755.20
504.70	754.00
504.83	749.40
504.96	749.00
505.08	766.60
505.21	781.40
505.34	777.80
505.47	789.60
505.60	790.60
505.73	791.20
505.85	781.40
505.98	774.80
506.11	763.00
506.24	761.60
506.37	743.20
506.50	742.60
506.62	742.20
506.75	747.00
506.88	735.40
507.01	732.40
507.14	730.40
507.27	731.20
507.39	725.40
507.52	740.40
507.65	734.40
507.78	752.20
507.91	764.20
508.04	773.20
508.16	764.00
508.29	763.00
508.42	747.20
508.55	753.20
508.68	746.60
508.81	748.00
508.93	761.80
509.06	772.00
509.19	762.20
509.32	767.00
509.45	764.20
509.57	754.20
509.70	738.60
509.83	735.80
509.96	731.60
510.09	738.20
510.22	740.00
510.34	762.20
510.47	763.20
510.60	768.80
510.73	764.80
510.86	762.20
510.98	754.00
511.11	759.00
511.24	755.60
511.37	760.80
511.50	764.00
511.63	761.00
511.75	762.00
511.88	760.40
512.01	761.40
512.14	764.20
512.27	759.80
512.39	751.20
512.52	745.40
512.65	744.60
512.78	741.40
512.91	749.60
513.03	749.80
513.16	755.40
513.29	744.80
513.42	745.40
513.55	729.40
513.67	728.60
513.80	729.00
513.93	739.40
514.06	740.80
514.19	757.20
514.31	758.60
514.44	760.60
514.57	767.00
514.70	763.00
514.83	761.40
514.95	766.40
515.08	766.00
515.21	756.60
515.34	756.60
515.47	754.80
515.59	752.60
515.72	764.00
515.85	766.60
515.98	772.00
516.11	777.60
516.23	778.80
516.36	768.80
516.49	776.20
516.62	783.00
516.75	772.80
516.87	776.00
517.00	783.80
517.13	777.60
517.26	760.40
517.39	763.20
517.51	767.00
517.64	747.60
517.77	742.60
517.90	746.00
518.02	733.20
518.15	718.20
518.28	728.40
518.41	732.80
518.54	730.00
518.66	741.00
518.79	741.80
518.92	742.60
519.05	744.00
519.18	745.60
519.30	742.60
519.43	742.60
519.56	746.80
519.69	739.00
519.81	731.60
519.94	734.20
520.07	738.60
520.20	744.40
520.33	751.00
520.45	771.60
520.58	785.00
520.71	787.80
520.84	775.60
520.96	771.00
521.09	771.80
521.22	761.80
521.35	758.60
521.48	759.80
521.60	767.00
521.73	770.20
521.86	773.40
521.99	776.20
522.11	781.00
522.24	776.20
522.37	775.00
522.50	762.60
522.62	760.60
522.75	753.00
522.88	760.80
523.01	757.40
523.14	775.20
523.26	766.20
523.39	777.20
523.52	772.80
523.65	768.40
523.77	755.40
523.90	757.60
524.03	746.40
524.16	739.60
524.28	734.40
524.41	729.00
524.54	731.00
524.67	738.40
524.79	750.20
524.92	747.60
525.05	763.80
525.18	761.60
525.31	772.20
525.43	760.60
525.56	756.00
525.69	751.80
525.82	761.40
525.94	748.60
526.07	758.40
526.20	784.00
526.33	793.60
526.45	794.00
526.58	790.60
526.71	784.60
526.84	763.60
526.96	746.60
527.09	740.20
527.22	733.60
527.35	741.40
527.47	739.80
527.60	753.60
527.73	755.60
527.86	764.20
527.98	749.80
528.11	757.20
528.24	737.00
528.37	736.80
528.49	742.40
528.62	740.80
528.75	745.00
528.88	761.40
529.00	763.40
529.13	760.80
529.26	788.60
529.39	799.60
529.51	789.00
529.64	785.80
529.77	782.80
529.90	755.80
530.02	727.40
530.15	728.20
530.28	726.40
530.40	724.20
530.53	726.40
530.66	735.60
530.79	733.80
530.91	732.00
531.04	732.60
531.17	736.80
531.30	737.20
531.42	748.40
531.55	751.60
531.68	750.40
531.81	749.60
531.93	745.00
532.06	741.60
532.19	742.00
532.31	746.20
532.44	737.60
532.57	744.60
532.70	749.80
532.82	761.20
532.95	761.20
533.08	764.80
533.21	759.40
533.33	747.40
533.46	755.20
533.59	759.40
533.71	764.00
533.84	764.60
533.97	761.20
534.10	743.20
534.22	735.80
534.35	737.00
534.48	731.40
534.61	734.40
534.73	741.20
534.86	750.60
534.99	748.00
535.11	751.00
535.24	748.40
535.37	736.00
535.50	737.20
535.62	741.60
535.75	743.20
535.88	746.40
536.00	745.80
536.13	731.40
536.26	720.00
536.39	727.60
536.51	731.20
536.64	736.80
536.77	741.60
536.89	752.40
537.02	751.40
537.15	755.80
537.28	753.60
537.40	758.00
537.53	758.40
537.66	751.60
537.78	741.40
537.91	750.60
538.04	745.40
538.17	756.80
538.29	775.80
538.42	785.40
538.55	774.80
538.67	778.00
538.80	764.80
538.93	758.80
539.05	761.60
539.18	768.00
539.31	750.80
539.44	744.20
539.56	733.60
539.69	722.40
539.82	714.20
539.94	738.00
540.07	740.80
540.20	743.20
540.32	743.20
540.45	753.40
540.58	734.20
540.71	735.00
540.83	732.40
540.96	746.20
541.09	751.80
541.21	759.00
541.34	762.20
541.47	779.20
541.59	788.20
541.72	785.60
541.85	786.80
541.98	786.20
542.10	794.20
542.23	776.40
542.36	770.00
542.48	765.80
542.61	761.20
542.74	741.40
542.86	734.20
542.99	732.80
543.12	728.60
543.24	729.00
543.37	726.80
543.50	728.20
543.62	723.40
543.75	735.40
543.88	743.80
544.01	752.20
544.13	754.80
544.26	755.00
544.39	745.00
544.51	745.20
544.64	737.80
544.77	741.20
544.89	742.40
545.02	760.80
545.15	765.60
545.27	773.60
545.40	776.20
545.53	766.20
545.65	747.00
545.78	737.40
545.91	727.60
546.03	719.40
546.16	726.00
546.29	732.20
546.41	727.40
546.54	734.20
546.67	752.60
546.79	750.00
546.92	748.80
547.05	746.20
547.17	742.60
547.30	722.60
547.43	733.60
547.56	726.80
547.68	737.60
547.81	733.00
547.94	731.20
548.06	738.80
548.19	750.40
548.32	750.00
548.44	758.60
548.57	773.40
548.70	769.00
548.82	767.60
548.95	764.20
549.08	773.00
549.20	765.80
549.33	759.20
549.45	748.20
549.58	753.20
549.71	729.80
549.83	728.20
549.96	726.60
550.09	733.60
550.21	724.80
550.34	732.60
550.47	722.60
550.59	723.80
550.72	733.60
550.85	732.00
550.97	733.80
551.10	754.00
551.23	757.80
551.35	749.20
551.48	752.20
551.61	759.20
551.73	757.00
551.86	752.00
551.99	760.40
552.11	763.60
552.24	750.40
552.37	740.00
552.49	747.20
552.62	733.40
552.75	730.20
552.87	736.60
553.00	738.20
553.12	737.60
553.25	753.80
553.38	756.20
553.50	747.20
553.63	749.40
553.76	745.00
553.88	734.40
554.01	740.60
554.14	762.40
554.26	763.20
554.39	766.80
554.52	766.00
554.64	761.40
554.77	756.60
554.89	761.80
555.02	762.80
555.15	762.60
555.27	768.20
555.40	758.60
555.53	749.00
555.65	748.60
555.78	761.80
555.91	749.80
556.03	749.40
556.16	761.80
556.29	767.40
556.41	755.20
556.54	758.80
556.66	757.40
556.79	749.80
556.92	737.40
557.04	738.20
557.17	736.60
557.30	734.80
557.42	735.40
557.55	741.00
557.67	737.60
557.80	738.40
557.93	738.40
558.05	740.60
558.18	741.80
558.31	743.80
558.43	747.40
558.56	746.40
558.68	737.20
558.81	747.80
558.94	745.60
559.06	743.60
559.19	741.80
559.32	747.60
559.44	731.00
559.57	730.80
559.69	727.80
559.82	729.00
559.95	715.20
560.07	716.80
560.20	723.40
560.33	719.40
560.45	726.40
560.58	732.40
560.70	733.00
560.83	725.80
560.96	733.80
561.08	725.00
561.21	722.00
561.33	728.20
561.46	730.60
561.59	731.00
561.71	732.60
561.84	747.20
561.97	735.60
562.09	736.40
562.22	738.60
562.34	748.60
562.47	741.60
562.60	746.80
562.72	748.20
562.85	742.80
562.97	733.20
563.10	730.20
563.23	732.00
563.35	731.20
563.48	737.40
563.60	733.20
563.73	728.80
563.86	724.20
563.98	723.20
564.11	728.80
564.23	738.40
564.36	754.20
564.49	758.40
564.61	756.40
564.74	750.60
564.86	754.00
564.99	760.60
565.12	766.00
565.24	775.80
565.37	783.00
565.49	791.00
565.62	777.20
565.75	793.20
565.87	796.60
566.00	787.20
566.12	785.60
566.25	785.80
566.38	767.00
566.50	759.60
566.63	756.20
566.75	739.20
566.88	734.40
567.01	728.20
567.13	723.00
567.26	730.00
567.38	734.60
567.51	745.20
567.64	754.20
567.76	751.80
567.89	737.60
568.01	742.80
568.14	742.20
568.26	732.60
568.39	743.20
568.52	748.80
568.64	742.00
568.77	734.20
568.89	735.80
569.02	725.60
569.15	731.00
569.27	737.80
569.40	738.60
569.52	738.00
569.65	736.40
569.77	726.80
569.90	733.80
570.03	732.80
570.15	732.00
570.28	737.40
570.40	753.80
570.53	751.20
570.66	760.00
570.78	754.80
570.91	756.40
571.03	742.40
571.16	726.80
571.28	711.20
571.41	709.60
571.54	703.20
571.66	703.60
571.79	705.20
571.91	715.60
572.04	728.60
572.16	733.20
572.29	737.00
572.42	735.40
572.54	741.00
572.67	742.40
572.79	747.40
572.92	752.00
573.04	761.20
573.17	751.60
573.29	751.80
573.42	751.40
573.55	746.80
573.67	739.20
573.80	744.00
573.92	744.20
574.05	742.00
574.17	739.00
574.30	740.60
574.43	737.00
574.55	727.80
574.68	726.40
574.80	723.20
574.93	725.00
575.05	725.60
575.18	736.80
575.30	741.80
575.43	748.00
575.56	747.80
575.68	743.20
575.81	738.40
575.93	738.40
576.06	736.40
576.18	736.80
576.31	753.20
576.43	757.80
576.56	753.80
576.69	750.80
576.81	752.00
576.94	747.40
577.06	742.20
577.19	748.20
577.31	760.80
577.44	761.00
577.56	759.00
577.69	754.60
577.82	737.80
577.94	732.00
578.07	739.60
578.19	732.00
578.32	733.80
578.44	752.60
578.57	753.80
578.69	754.00
578.82	766.00
578.94	770.60
579.07	765.20
579.19	766.20
579.32	757.80
579.45	743.00
579.57	743.00
579.70	739.80
579.82	745.20
579.95	744.80
580.07	756.40
580.20	758.20
580.32	765.20
580.45	760.00
580.57	768.40
580.70	771.00
580.82	756.40
580.95	754.60
581.08	749.20
581.20	748.00
581.33	741.40
581.45	749.40
581.58	736.60
581.70	740.40
581.83	739.20
581.95	736.20
582.08	742.80
582.20	747.00
582.33	741.00
582.45	740.20
582.58	741.00
582.70	737.00
582.83	744.80
582.95	754.40
583.08	755.60
583.21	754.20
583.33	745.60
583.46	742.20
583.58	738.20
583.71	736.80
583.83	741.60
583.96	753.20
584.08	758.20
584.21	755.40
584.33	748.60
584.46	749.40
584.58	747.20
584.71	741.00
584.83	733.80
584.96	751.40
585.08	760.00
585.21	767.60
585.33	774.00
585.46	779.00
585.58	769.40
585.71	766.40
585.83	756.80
585.96	751.80
586.08	765.40
586.21	752.00
586.33	750.60
586.46	750.20
586.59	755.40
586.71	750.40
586.84	750.60
586.96	744.20
587.09	754.20
587.21	742.60
587.34	728.80
587.46	736.40
587.59	735.40
587.71	719.60
587.84	716.60
587.96	725.00
588.09	725.80
588.21	733.80
588.34	739.00
588.46	750.20
588.59	752.00
588.71	755.20
588.84	762.60
588.96	759.60
589.09	753.20
589.21	752.40
589.34	751.40
589.46	743.00
589.59	741.20
589.71	739.20
589.84	736.20
589.96	738.80
590.09	732.00
590.21	738.60
590.34	742.20
590.46	738.80
590.59	742.00
590.71	738.20
590.84	737.00
590.96	738.80
591.09	741.80
591.21	735.00
591.34	748.40
591.46	750.80
591.59	750.00
591.71	741.60
591.83	736.20
591.96	726.60
592.08	729.20
592.21	726.60
592.33	735.80
592.46	747.80
592.58	763.00
592.71	764.00
592.83	775.00
592.96	765.40
593.08	752.20
593.21	735.40
593.33	725.40
593.46	724.80
593.58	746.60
593.71	749.80
593.83	767.00
593.96	765.00
594.08	758.60
594.21	745.20
594.33	741.40
594.46	717.00
594.58	724.20
594.71	724.40
594.83	748.20
594.96	758.20
595.08	770.80
595.20	765.80
595.33	779.00
595.45	760.40
595.58	756.00
595.70	754.80
595.83	759.80
595.95	739.20
596.08	729.40
596.20	730.60
596.33	722.00
596.45	713.60
596.58	719.60
596.70	726.00
596.83	727.80
596.95	724.80
597.08	729.20
597.20	732.80
597.32	729.00
597.45	734.60
597.57	742.20
597.70	745.40
597.82	743.00
597.95	748.60
598.07	742.60
598.20	741.80
598.32	746.80
598.45	754.40
598.57	749.00
598.70	747.00
598.82	756.40
598.94	750.80
599.07	739.60
599.19	728.40
599.32	733.80
599.44	729.40
599.57	725.80
599.69	723.20
599.82	745.40
599.94	741.40
600.07	736.00
600.19	747.60
600.31	772.60
600.44	781.60
600.56	779.20
600.69	780.00
600.81	769.60
600.94	755.80
601.06	747.00
601.19	742.00
601.31	753.00
601.44	758.00
601.56	754.00
601.68	752.60
601.81	762.20
601.93	747.20
602.06	743.20
602.18	751.00
602.31	750.00
602.43	745.00
602.56	750.80
602.68	754.60
602.80	743.40
602.93	738.80
603.05	734.00
603.18	728.80
603.30	722.60
603.43	725.80
603.55	726.60
603.68	735.60
603.80	737.40
603.92	735.20
604.05	726.00
604.17	726.80
604.30	722.20
604.42	731.20
604.55	733.00
604.67	743.40
604.79	737.20
604.92	734.80
605.04	727.20
605.17	726.40
605.29	731.80
605.42	737.60
605.54	747.20
605.66	748.00
605.79	752.20
605.91	738.80
606.04	742.00
606.16	734.80
606.29	734.40
606.41	728.20
606.53	732.60
606.66	724.60
606.78	720.60
606.91	719.40
607.03	722.60
607.16	726.40
607.28	735.80
607.40	736.40
607.53	734.60
607.65	741.00
607.78	753.60
607.90	748.60
608.03	757.60
608.15	754.80
608.27	753.80
608.40	735.80
608.52	742.80
608.65	738.80
608.77	757.60
608.89	768.20
609.02	773.80
609.14	776.80
609.27	772.60
609.39	751.00
609.52	739.00
609.64	738.60
609.76	733.20
609.89	741.20
610.01	752.00
610.14	746.20
610.26	749.20
610.38	742.40
610.51	735.80
610.63	742.80
610.76	757.40
610.88	765.40
611.01	771.20
611.13	766.80
611.25	758.00
611.38	751.00
611.50	740.40
611.63	743.00
611.75	750.40
611.87	757.40
612.00	752.00
612.12	743.40
612.25	744.40
612.37	750.80
612.49	757.40
612.62	763.40
612.74	766.60
612.87	748.80
612.99	739.60
613.11	725.20
613.24	722.60
613.36	724.20
613.49	729.80
613.61	742.80
613.73	742.00
613.86	743.00
613.98	749.40
614.11	763.60
614.23	758.60
614.35	761.80
614.48	762.80
614.60	759.40
614.72	749.40
614.85	746.00
614.97	745.80
615.10	744.00
615.22	748.60
615.34	745.60
615.47	745.20
615.59	749.20
615.72	743.60
615.84	749.40
615.96	750.20
616.09	748.20
616.21	739.60
616.34	747.80
616.46	739.60
616.58	750.20
616.71	758.40
616.83	767.00
616.95	767.20
617.08	757.60
617.20	746.20
617.33	739.00
617.45	736.00
617.57	727.60
617.70	733.00
617.82	746.60
617.95	753.20
618.07	757.60
618.19	759.00
618.32	752.40
618.44	730.60
618.56	715.60
618.69	715.20
618.81	718.20
618.94	726.80
619.06	729.00
619.18	730.00
619.31	727.80
619.43	734.60
619.55	723.80
619.68	733.60
619.80	760.00
619.92	770.00
620.05	767.20
620.17	776.80
620.30	783.60
620.42	763.40
620.54	753.40
620.67	752.80
620.79	761.20
620.91	749.80
621.04	746.40
621.16	734.00
621.29	725.80
621.41	715.40
621.53	720.80
621.66	730.60
621.78	754.60
621.90	764.60
622.03	768.20
622.15	767.40
622.27	762.00
622.40	747.20
622.52	738.80
622.64	738.80
622.77	741.80
622.89	747.00
623.02	755.40
623.14	762.80
623.26	770.60
623.39	768.00
623.51	759.00
623.63	761.00
623.76	759.40
623.88	747.60
624.00	744.40
624.13	743.60
624.25	742.00
624.37	746.80
624.50	742.40
624.62	735.60
624.75	744.00
624.87	735.60
624.99	731.40
625.12	748.60
625.24	763.20
625.36	767.00
625.49	767.00
625.61	767.00
625.73	755.60
625.86	749.40
625.98	739.40
626.10	742.60
626.23	736.00
626.35	732.40
626.47	730.20
626.60	731.40
626.72	731.60
626.84	735.00
626.97	740.60
627.09	758.80
627.21	773.80
627.34	772.80
627.46	779.40
627.58	783.40
627.71	757.40
627.83	748.20
627.95	749.40
628.08	733.60
628.20	712.20
628.32	709.60
628.45	703.20
628.57	702.40
628.69	720.20
628.82	738.40
628.94	751.20
629.06	758.00
629.19	750.20
629.31	747.00
629.43	747.00
629.56	755.00
629.68	745.80
629.80	745.80
629.93	737.60
630.05	729.80
630.17	719.00
630.30	734.40
630.42	741.20
630.54	738.80
630.67	762.20
630.79	772.60
630.91	764.80
631.04	762.40
631.16	764.60
631.28	743.40
631.41	741.60
631.53	743.20
631.65	739.80
631.78	745.20
631.90	736.20
632.02	738.40
632.14	731.60
632.27	732.80
632.39	741.80
632.51	750.80
632.64	737.60
632.76	740.40
632.88	741.60
633.01	728.80
633.13	748.20
633.25	743.20
633.38	733.60
633.50	725.40
633.62	715.00
633.75	700.60
633.87	708.00
633.99	715.60
634.11	723.60
634.24	733.80
634.36	734.60
634.48	741.60
634.61	737.00
634.73	737.20
634.85	739.80
634.98	734.20
635.10	744.40
635.22	755.20
635.35	757.00
635.47	758.60
635.59	766.00
635.71	748.00
635.84	751.00
635.96	745.20
636.08	743.40
636.21	737.00
636.33	737.60
636.45	724.80
636.58	730.00
636.70	726.40
636.82	718.40
636.94	725.60
637.07	734.80
637.19	738.40
637.31	736.00
637.44	748.00
637.56	742.20
637.68	740.00
637.81	732.40
637.93	740.80
638.05	750.60
638.17	752.20
638.30	752.00
638.42	753.60
638.54	748.00
638.67	732.40
638.79	733.00
638.91	729.60
639.03	729.20
639.16	728.80
639.28	726.00
639.40	730.40
639.53	730.80
639.65	734.20
639.77	737.80
639.89	743.00
640.02	726.40
640.14	731.00
640.26	726.40
640.39	726.80
640.51	733.00
640.63	746.60
640.75	740.40
640.88	737.80
641.00	747.80
641.12	741.20
641.24	732.40
641.37	751.20
641.49	755.20
641.61	748.00
641.74	745.00
641.86	751.80
641.98	736.60
642.10	738.80
642.23	738.20
642.35	739.40
642.47	739.80
642.60	728.20
642.72	723.60
642.84	714.60
642.96	710.00
643.09	704.40
643.21	713.00
643.33	725.40
643.45	743.00
643.58	750.40
643.70	752.60
643.82	755.60
643.94	748.80
644.07	740.80
644.19	740.80
644.31	741.00
644.44	734.00
644.56	731.00
644.68	721.40
644.80	711.60
644.93	713.80
645.05	719.80
645.17	725.20
645.29	733.60
645.42	744.60
645.54	747.00
645.66	745.00
645.78	745.00
645.91	753.60
646.03	751.20
646.15	752.20
646.27	757.60
646.40	758.60
646.52	744.00
646.64	737.00
646.76	737.20
646.89	735.80
647.01	737.40
647.13	739.00
647.25	739.20
647.38	739.20
647.50	728.60
647.62	719.40
647.74	724.40
647.87	732.60
647.99	728.00
648.11	731.40
648.23	746.80
648.36	742.60
648.48	736.00
648.60	729.60
648.72	739.60
648.85	731.00
648.97	727.80
649.09	733.60
649.21	742.60
649.34	736.80
649.46	738.40
649.58	737.20
649.70	740.80
649.83	742.60
649.95	749.60
650.07	745.40
650.19	756.80
650.32	752.40
650.44	745.20
650.56	739.00
650.68	738.80
650.81	741.40
650.93	739.20
651.05	747.40
651.17	747.40
651.29	748.20
651.42	736.40
651.54	734.60
651.66	731.20
651.78	747.40
651.91	753.40
652.03	752.60
652.15	756.20
652.27	752.40
652.40	740.00
652.52	729.80
652.64	748.60
652.76	746.20
652.88	742.40
653.01	728.80
653.13	734.60
653.25	724.20
653.37	735.00
653.50	734.20
653.62	746.20
653.74	749.00
653.86	742.80
653.98	736.80
654.11	742.00
654.23	754.00
654.35	744.80
654.47	746.60
654.60	738.20
654.72	746.00
654.84	732.40
654.96	737.20
655.08	733.80
655.21	745.40
655.33	740.80
655.45	742.80
655.57	745.60
655.70	757.80
655.82	755.80
655.94	746.20
656.06	751.40
656.18	753.40
656.31	741.20
656.43	738.60
656.55	745.00
656.67	742.20
656.79	740.00
656.92	741.00
657.04	760.20
657.16	762.80
657.28	768.00
657.40	764.00
657.53	774.00
657.65	760.80
657.77	761.20
657.89	748.00
658.01	751.00
658.14	742.60
658.26	732.00
658.38	725.80
658.50	748.80
658.62	752.60
658.75	758.40
658.87	758.80
658.99	766.80
659.11	761.40
659.23	763.40
659.36	767.60
659.48	775.00
659.60	771.80
659.72	763.40
659.84	765.80
659.97	775.60
660.09	780.40
660.21	771.60
660.33	757.60
660.45	739.40
660.58	716.40
660.70	701.00
660.82	713.60
660.94	728.80
661.06	742.00
661.19	748.00
661.31	757.60
661.43	760.80
661.55	762.20
661.67	758.00
661.80	758.40
661.92	757.80
662.04	759.00
662.16	753.60
662.28	750.60
662.40	749.80
662.53	744.00
662.65	740.80
662.77	733.60
662.89	732.80
663.01	736.40
663.14	744.00
663.26	736.60
663.38	735.60
663.50	735.60
663.62	727.40
663.74	725.80
663.87	735.40
663.99	756.40
664.11	760.40
664.23	760.60
664.35	756.80
664.48	747.80
664.60	724.80
664.72	723.60
664.84	733.40
664.96	739.00
665.08	747.00
665.21	746.40
665.33	745.60
665.45	750.00
665.57	747.00
665.69	738.80
665.81	737.40
665.94	735.80
666.06	725.00
666.18	720.00
666.30	723.60
666.42	737.80
666.54	737.40
666.67	743.00
666.79	748.20
666.91	738.40
667.03	731.60
667.15	728.60
667.27	717.60
667.40	721.60
667.52	727.00
667.64	720.60
667.76	728.80
667.88	740.20
668.00	729.80
668.13	729.80
668.25	734.60
668.37	740.20
668.49	735.20
668.61	745.40
668.73	750.00
668.85	752.00
668.98	737.20
669.10	733.40
669.22	733.40
669.34	727.20
669.46	730.00
669.58	736.60
669.71	734.60
669.83	729.60
669.95	735.00
670.07	734.60
670.19	729.60
670.31	737.00
670.43	748.80
670.56	752.20
670.68	754.40
670.80	766.80
670.92	759.20
671.04	746.00
671.16	741.60
671.28	744.40
671.41	738.40
671.53	743.00
671.65	764.00
671.77	777.00
671.89	780.00
672.01	774.60
672.13	775.40
672.26	751.60
672.38	737.40
672.50	733.60
672.62	736.20
672.74	736.00
672.86	744.80
672.98	748.20
673.11	753.00
673.23	751.20
673.35	748.60
673.47	740.60
673.59	742.00
673.71	750.20
673.83	755.20
673.96	751.20
674.08	752.80
674.20	749.80
674.32	736.40
674.44	737.20
674.56	747.40
674.68	751.40
674.80	751.80
674.93	748.20
675.05	749.80
675.17	750.60
675.29	750.60
675.41	748.00
675.53	745.00
675.65	747.00
675.77	739.40
675.90	733.00
676.02	742.80
676.14	758.80
676.26	756.00
676.38	765.00
676.50	762.80
676.62	752.20
676.74	740.60
676.87	742.80
676.99	740.20
677.11	749.80
677.23	744.20
677.35	737.40
677.47	733.20
677.59	732.80
677.71	734.40
677.83	745.60
677.96	749.00
678.08	738.20
678.20	734.60
678.32	731.20
678.44	749.80
678.56	757.40
678.68	766.80
678.80	771.40
678.93	772.40
679.05	758.40
679.17	751.20
679.29	750.20
679.41	743.40
679.53	744.20
679.65	736.20
679.77	742.40
679.89	750.00
680.01	741.80
680.14	738.80
680.26	747.60
680.38	754.40
680.50	749.20
680.62	758.20
680.74	761.60
680.86	757.40
680.98	761.00
681.10	757.20
681.22	758.80
681.35	746.40
681.47	755.40
681.59	742.60
681.71	743.80
681.83	752.00
681.95	764.40
682.07	749.00
682.19	737.00
682.31	742.40
682.43	723.80
682.56	716.00
682.68	724.80
682.80	734.20
682.92	726.60
683.04	731.60
683.16	745.60
683.28	737.20
683.40	737.40
683.52	736.00
683.64	740.40
683.76	730.40
683.89	736.60
684.01	742.20
684.13	747.60
684.25	756.60
684.37	756.60
684.49	757.40
684.61	749.80
684.73	743.40
684.85	740.20
684.97	737.00
685.09	732.20
685.21	754.40
685.34	764.40
685.46	764.00
685.58	779.40
685.70	773.20
685.82	743.60
685.94	729.80
686.06	726.00
686.18	709.40
686.30	720.00
686.42	725.40
686.54	750.00
686.66	755.00
686.79	777.20
686.91	778.20
687.03	780.40
687.15	763.20
687.27	766.20
687.39	752.00
687.51	758.00
687.63	762.00
687.75	775.00
687.87	764.60
687.99	766.20
688.11	766.40
688.23	769.20
688.35	751.40
688.48	753.80
688.60	749.80
688.72	741.20
688.84	735.00
688.96	741.20
689.08	756.20
689.20	759.80
689.32	748.00
689.44	745.60
689.56	741.00
689.68	717.60
689.80	710.40
689.92	728.80
690.04	736.00
690.16	743.60
690.28	747.20
690.41	763.60
690.53	760.20
690.65	760.60
690.77	759.20
690.89	763.20
691.01	744.60
691.13	734.80
691.25	723.00
691.37	714.20
691.49	727.80
691.61	731.20
691.73	734.60
691.85	735.00
691.97	748.60
692.09	744.40
692.21	754.80
692.33	749.20
692.45	755.20
692.57	750.40
692.70	733.60
692.82	721.20
692.94	727.40
693.06	724.20
693.18	720.00
693.30	735.60
693.42	742.40
693.54	747.20
693.66	747.60
693.78	751.20
693.90	747.60
694.02	741.00
694.14	736.80
694.26	745.40
694.38	747.20
694.50	736.80
694.62	736.60
694.74	742.00
694.86	742.60
694.98	747.20
695.10	751.20
695.22	753.00
695.34	743.20
695.46	737.80
695.58	731.00
695.71	732.00
695.83	744.00
695.95	743.40
696.07	741.40
696.19	734.20
696.31	748.00
696.43	738.80
696.55	740.60
696.67	745.60
696.79	748.00
696.91	747.80
697.03	746.80
697.15	745.20
697.27	747.40
697.39	750.20
697.51	736.20
697.63	736.00
697.75	732.00
697.87	716.60
697.99	716.20
698.11	714.00
698.23	713.80
698.35	722.60
698.47	730.60
698.59	742.40
698.71	737.00
698.83	736.00
698.95	729.60
699.07	733.80
699.19	720.60
699.31	733.60
699.43	733.80
699.55	737.40
699.67	731.60
699.79	737.80
699.91	737.60
700.03	738.40
700.15	738.60
700.27	733.60
700.39	732.60
700.51	727.00
700.63	727.40
700.75	724.60
700.87	736.00
700.99	731.20
701.11	737.60
701.24	742.00
701.36	750.00
701.48	742.60
701.60	755.00
701.72	747.00
701.84	743.00
701.96	744.20
702.08	750.40
702.20	742.40
702.32	744.00
702.44	744.60
702.56	743.00
702.68	754.80
702.80	766.80
702.92	770.40
703.04	772.00
703.16	768.80
703.28	759.40
703.40	752.40
703.52	754.80
703.64	750.20
703.76	747.40
703.88	740.20
704.00	739.00
704.12	738.80
704.24	743.60
704.36	741.20
704.48	744.00
704.60	735.60
704.72	735.00
704.84	733.80
704.96	735.80
705.07	732.40
705.19	743.60
705.31	737.80
705.43	739.80
705.55	744.60
705.67	739.00
705.79	731.40
705.91	736.00
706.03	731.00
706.15	725.80
706.27	731.80
706.39	729.20
706.51	728.80
706.63	735.00
706.75	748.80
706.87	751.00
706.99	751.40
707.11	751.20
707.23	752.20
707.35	745.40
707.47	753.40
707.59	754.00
707.71	757.80
707.83	749.20
707.95	763.60
708.07	762.80
708.19	760.60
708.31	755.20
708.43	763.80
708.55	746.80
708.67	751.20
708.79	755.40
708.91	763.20
709.03	757.00
709.15	758.20
709.27	746.00
709.39	747.40
709.51	747.60
709.63	741.60
709.75	743.20
709.87	739.80
709.99	735.20
710.11	722.40
710.23	744.20
710.35	747.20
710.47	759.60
710.58	771.00
710.70	777.00
710.82	761.60
710.94	757.60
711.06	745.80
711.18	741.80
711.30	741.40
711.42	749.40
711.54	746.80
711.66	753.20
711.78	756.20
711.90	751.60
712.02	740.40
712.14	745.80
712.26	752.60
712.38	742.40
712.50	742.80
712.62	739.60
712.74	739.40
712.86	725.40
712.98	723.20
713.10	726.60
713.22	728.60
713.34	725.40
713.45	723.60
713.57	722.80
713.69	723.40
713.81	727.40
713.93	716.80
714.05	731.20
714.17	742.60
714.29	740.00
714.41	745.60
714.53	755.60
714.65	744.40
714.77	749.00
714.89	744.80
715.01	733.20
715.13	722.60
715.25	719.40
715.37	715.60
715.49	725.80
715.61	735.60
715.72	739.20
715.84	743.20
715.96	746.80
716.08	752.20
716.20	750.60
716.32	754.80
716.44	757.80
716.56	761.00
716.68	762.20
716.80	763.20
716.92	766.40
717.04	764.60
717.16	749.60
717.28	742.20
717.40	734.20
717.52	732.80
717.63	736.40
717.75	746.00
717.87	742.80
717.99	757.40
718.11	762.00
718.23	764.00
718.35	749.00
718.47	748.60
718.59	738.80
718.71	740.40
718.83	730.00
718.95	736.80
719.07	736.60
719.19	738.80
719.30	728.40
719.42	735.40
719.54	736.80
719.66	729.40
719.78	726.20
719.90	729.80
720.02	733.40
720.14	734.80
720.26	738.80
720.38	730.40
720.50	734.00
720.62	733.00
720.74	737.80
720.85	755.40
720.97	765.60
721.09	776.00
721.21	774.40
721.33	769.00
721.45	754.80
721.57	748.20
721.69	742.20
721.81	741.00
721.93	733.40
722.05	726.80
722.16	730.40
722.28	727.00
722.40	740.80
722.52	744.40
722.64	756.60
722.76	762.60
722.88	757.60
723.00	747.40
723.12	742.20
723.24	735.00
723.36	731.40
723.47	730.60
723.59	728.80
723.71	734.80
723.83	740.00
723.95	741.20
724.07	752.80
724.19	743.40
724.31	732.80
724.43	726.60
724.55	744.40
724.66	731.40
724.78	735.80
724.90	745.40
725.02	746.60
725.14	716.80
725.26	723.40
725.38	728.60
725.50	729.40
725.62	728.80
725.74	742.80
725.85	750.20
725.97	814.80
726.09	823.60
726.21	826.60
726.33	821.60
726.45	808.40
726.57	742.00
726.69	734.80
726.81	738.80
726.92	746.00
727.04	747.80
727.16	745.40
727.28	746.00
727.40	755.20
727.52	766.20
727.64	772.80
727.76	767.20
727.88	760.40
727.99	745.60
728.11	725.60
728.23	719.00
728.35	723.00
728.47	728.60
728.59	729.40
728.71	735.80
728.83	749.00
728.94	761.00
729.06	762.80
729.18	765.80
729.30	776.00
729.42	776.00
729.54	766.60
729.66	770.20
729.78	766.40
729.90	742.40
730.01	730.40
730.13	734.80
730.25	733.20
730.37	733.60
730.49	747.80
730.61	751.40
730.73	749.60
730.84	746.20
730.96	751.20
731.08	752.60
731.20	771.40
731.32	770.40
731.44	765.60
731.56	765.40
731.68	760.20
731.79	737.40
731.91	738.00
732.03	736.20
732.15	729.00
732.27	735.40
732.39	733.60
732.51	732.00
732.62	749.00
732.74	755.00
732.86	751.40
732.98	759.20
733.10	764.60
733.22	746.80
733.34	744.60
733.45	736.80
733.57	726.80
733.69	719.40
733.81	713.80
733.93	715.20
734.05	721.80
734.17	722.60
734.28	722.60
734.40	734.80
734.52	745.60
734.64	746.00
734.76	744.60
734.88	748.60
735.00	757.80
735.11	740.80
735.23	733.80
735.35	749.00
735.47	741.00
735.59	732.80
735.71	742.20
735.83	752.20
735.94	748.20
736.06	761.20
736.18	767.60
736.30	769.40
736.42	772.20
736.54	786.60
736.65	785.60
736.77	780.40
736.89	790.40
737.01	772.20
737.13	747.20
737.25	740.00
737.36	742.20
737.48	722.20
737.60	738.60
737.72	753.20
737.84	753.40
737.96	763.40
738.08	765.40
738.19	768.80
738.31	758.00
738.43	761.20
738.55	744.00
738.67	748.20
738.79	744.80
738.90	741.00
739.02	742.80
739.14	747.60
739.26	747.80
739.38	746.40
739.50	750.20
739.61	750.00
739.73	751.60
739.85	758.80
739.97	748.60
740.09	749.20
740.20	747.60
740.32	736.60
740.44	728.40
740.56	738.80
740.68	738.00
740.80	742.80
740.91	757.00
741.03	756.00
741.15	760.60
741.27	759.80
741.39	760.40
741.51	757.20
741.62	751.40
741.74	742.00
741.86	745.40
741.98	741.60
742.10	740.60
742.21	739.20
742.33	755.60
742.45	755.20
742.57	754.80
742.69	748.80
742.80	757.20
742.92	744.00
743.04	752.40
743.16	742.20
743.28	744.60
743.40	739.40
743.51	739.40
743.63	729.40
743.75	739.40
743.87	741.20
743.99	748.60
744.10	747.00
744.22	752.40
744.34	752.00
744.46	739.60
744.58	737.80
744.69	734.20
744.81	723.80
744.93	733.60
745.05	757.00
745.17	761.00
745.28	768.60
745.40	779.60
745.52	772.20
745.64	759.00
745.76	747.00
745.87	745.80
745.99	734.60
746.11	728.20
746.23	727.60
746.35	750.00
746.46	750.00
746.58	757.80
746.70	755.80
746.82	752.00
746.94	726.80
747.05	715.60
747.17	712.00
747.29	735.60
747.41	741.60
747.53	754.80
747.64	772.40
747.76	780.00
747.88	760.40
748.00	765.20
748.12	763.60
748.23	759.00
748.35	758.40
748.47	754.00
748.59	745.80
748.70	740.80
748.82	734.20
748.94	729.00
749.06	729.60
749.18	735.00
749.29	737.60
749.41	740.40
749.53	751.00
749.65	752.60
749.76	753.60
749.88	758.60
750.00	762.00
750.12	750.20
750.24	746.60
750.35	749.80
750.47	747.80
750.59	748.60
750.71	745.60
750.82	753.40
750.94	747.40
751.06	748.00
751.18	747.60
751.30	762.00
751.41	756.60
751.53	754.20
751.65	748.80
751.77	754.00
751.88	736.00
752.00	744.80
752.12	751.20
752.24	757.20
752.35	755.60
752.47	773.20
752.59	762.60
752.71	773.40
752.83	769.00
752.94	762.20
753.06	748.80
753.18	744.00
753.30	729.20
753.41	724.40
753.53	731.60
753.65	732.40
753.77	744.80
753.88	745.00
754.00	761.40
754.12	752.40
754.24	744.80
754.35	747.20
754.47	751.00
754.59	738.80
754.71	737.80
754.82	757.20
754.94	755.80
755.06	758.80
755.18	760.40
755.29	765.40
755.41	752.40
755.53	751.00
755.65	746.80
755.76	753.20
755.88	745.20
756.00	735.00
756.12	730.40
756.23	742.00
756.35	728.80
756.47	732.20
756.59	741.40
756.70	742.00
756.82	732.80
756.94	745.00
757.06	744.80
757.17	742.00
757.29	745.40
757.41	744.00
757.53	740.20
757.64	745.40
757.76	756.60
757.88	755.80
758.00	746.20
758.11	743.20
758.23	732.00
758.35	732.60
758.47	724.40
758.58	727.80
758.70	724.00
758.82	732.40
758.94	720.20
759.05	726.40
759.17	740.00
759.29	744.80
759.40	744.80
759.52	753.80
759.64	756.80
759.76	751.60
759.87	749.60
759.99	749.60
760.11	752.00
760.23	757.60
760.34	751.40
760.46	753.20
760.58	761.00
760.70	759.80
760.81	756.40
760.93	758.00
761.05	754.20
761.16	745.40
761.28	737.00
761.40	741.80
761.52	740.80
761.63	741.80
761.75	737.40
761.87	749.00
761.98	743.00
762.10	752.20
762.22	750.60
762.34	763.20
762.45	775.00
762.57	773.00
762.69	772.40
762.81	769.00
762.92	763.60
763.04	756.20
763.16	756.00
763.27	753.00
763.39	764.60
763.51	758.20
763.63	740.60
763.74	734.60
763.86	728.20
763.98	726.80
764.09	727.20
764.21	729.00
764.33	736.20
764.44	735.80
764.56	732.20
764.68	725.60
764.80	743.40
764.91	744.00
765.03	745.40
765.15	741.40
765.26	758.00
765.38	746.00
765.50	741.00
765.62	744.40
765.73	742.40
765.85	739.80
765.97	743.40
766.08	749.00
766.20	753.80
766.32	765.00
766.43	759.20
766.55	753.40
766.67	744.60
766.79	730.00
766.90	719.80
767.02	712.40
767.14	727.00
767.25	732.60
767.37	740.80
767.49	750.40
767.60	764.60
767.72	752.20
767.84	749.40
767.95	750.60
768.07	749.40
768.19	748.80
768.31	751.20
768.42	757.20
768.54	759.60
768.66	757.40
768.77	750.40
768.89	748.00
769.01	747.40
769.12	735.80
769.24	730.80
769.36	726.20
769.47	727.60
769.59	725.20
769.71	730.60
769.82	727.60
769.94	743.60
770.06	742.60
770.17	752.60
770.29	757.80
770.41	760.60
770.53	753.80
770.64	755.60
770.76	750.20
770.88	741.80
770.99	750.40
771.11	749.40
771.23	759.60
771.34	764.00
771.46	771.60
771.58	767.20
771.69	768.20
771.81	749.20
771.93	749.80
772.04	748.20
772.16	754.80
772.28	753.00
772.39	762.40
772.51	751.20
772.63	744.60
772.74	757.40
772.86	754.20
772.98	747.80
773.09	754.40
773.21	763.40
773.33	748.40
773.44	754.80
773.56	765.00
773.68	758.80
773.79	754.60
773.91	753.00
774.03	758.00
774.14	748.60
774.26	743.20
774.38	743.80
774.49	743.60
774.61	734.00
774.73	735.00
774.84	741.20
774.96	746.80
775.08	753.20
775.19	759.40
775.31	759.20
775.43	750.00
775.54	750.40
775.66	737.00
775.77	738.80
775.89	746.60
776.01	759.80
776.12	748.60
776.24	754.60
776.36	751.00
776.47	752.00
776.59	737.40
776.71	740.00
776.82	735.40
776.94	742.20
777.06	729.60
777.17	736.80
777.29	743.80
777.41	745.00
777.52	741.80
777.64	737.60
777.75	738.60
777.87	740.80
777.99	739.00
778.10	736.60
778.22	744.00
778.34	752.60
778.45	749.60
778.57	755.40
778.69	765.20
778.80	769.80
778.92	765.20
779.04	768.40
779.15	769.40
779.27	765.00
779.38	752.60
779.50	754.20
779.62	738.80
779.73	750.80
779.85	741.00
779.97	750.00
780.08	753.00
780.20	766.60
780.31	749.00
780.43	749.80
780.55	754.60
780.66	765.40
780.78	757.40
780.90	760.60
781.01	757.40
781.13	762.80
781.25	742.60
781.36	746.60
781.48	752.60
781.59	757.00
781.71	743.80
781.83	744.60
781.94	748.60
782.06	744.40
782.18	733.80
782.29	744.60
782.41	754.80
782.52	751.40
782.64	751.80
782.76	761.20
782.87	776.60
782.99	791.20
783.10	790.80
783.22	795.20
783.34	792.20
783.45	767.40
783.57	748.40
783.69	756.60
783.80	747.00
783.92	746.80
784.03	749.40
784.15	743.40
784.27	733.40
784.38	737.20
784.50	734.60
784.61	735.80
784.73	738.60
784.85	746.40
784.96	754.20
785.08	759.80
785.19	753.80
785.31	749.20
785.43	749.60
785.54	748.60
785.66	751.40
785.77	746.20
785.89	755.20
786.01	754.80
786.12	758.60
786.24	757.20
786.35	767.20
786.47	759.40
786.59	755.00
786.70	746.20
786.82	749.00
786.93	756.20
787.05	760.60
787.17	758.00
787.28	758.20
787.40	763.80
787.51	750.20
787.63	752.00
787.75	758.20
787.86	755.20
787.98	751.20
788.09	768.80
788.21	774.20
788.33	766.00
788.44	768.00
788.56	760.20
788.67	753.20
788.79	741.40
788.91	740.40
789.02	752.60
789.14	761.00
789.25	755.80
789.37	764.20
789.48	763.80
789.60	752.80
789.72	749.20
789.83	744.40
789.95	734.80
790.06	742.40
790.18	744.80
790.30	738.80
790.41	738.00
790.53	738.40
790.64	733.60
790.76	727.20
790.87	731.20
790.99	735.20
791.11	744.00
791.22	747.20
791.34	752.60
791.45	750.60
791.57	751.20
791.68	752.60
791.80	747.60
791.92	737.80
792.03	737.80
792.15	731.20
792.26	729.00
792.38	732.00
792.49	741.00
792.61	742.40
792.73	767.20
792.84	765.60
792.96	891.60
793.07	900.80
793.19	907.00
793.30	883.60
793.42	877.20
793.54	773.00
793.65	758.80
793.77	745.60
793.88	757.20
794.00	755.80
794.11	731.60
794.23	725.60
794.34	727.00
794.46	733.60
794.58	755.60
794.69	751.40
794.81	755.00
794.92	773.40
795.04	766.40
795.15	753.00
795.27	757.00
795.39	754.00
795.50	741.00
795.62	736.40
795.73	737.40
795.85	749.40
795.96	752.00
796.08	752.20
796.19	748.00
796.31	739.80
796.42	736.80
796.54	736.80
796.66	727.60
796.77	737.60
796.89	732.20
797.00	727.60
797.12	736.00
797.23	752.00
797.35	757.80
797.46	777.60
797.58	776.00
797.69	770.80
797.81	759.40
797.93	745.20
798.04	739.80
798.16	730.20
798.27	723.40
798.39	721.20
798.50	719.20
798.62	725.40
798.73	734.40
798.85	746.60
798.96	762.80
799.08	767.60
799.19	757.60
799.31	757.20
799.43	755.60
799.54	750.40
799.66	747.40
799.77	738.20
799.89	739.00
800.00	745.80
800.12	757.00
800.23	753.20
800.35	748.40
800.46	746.60
800.58	731.60
800.69	709.40
800.81	720.40
800.92	726.60
801.04	719.60
801.16	717.60
801.27	722.20
801.39	717.20
801.50	730.60
801.62	743.20
801.73	743.60
801.85	754.20
801.96	763.00
802.08	756.20
802.19	751.00
802.31	772.20
802.42	771.60
802.54	759.00
802.65	769.80
802.77	764.80
802.88	769.80
803.00	764.40
803.11	772.20
803.23	767.00
803.34	765.20
803.46	754.80
803.57	744.40
803.69	747.20
803.80	739.60
803.92	752.00
804.03	749.20
804.15	761.00
804.26	750.40
804.38	759.00
804.50	760.20
804.61	756.40
804.73	742.00
804.84	747.20
804.96	736.60
805.07	731.80
805.19	737.40
805.30	749.80
805.42	745.60
805.53	743.80
805.65	740.20
805.76	737.00
805.88	742.00
805.99	743.40
806.11	747.60
806.22	751.00
806.34	745.60
806.45	744.20
806.57	731.00
806.68	729.20
806.80	722.60
806.91	713.80
807.03	700.40
807.14	708.40
807.26	719.00
807.37	720.40
807.49	737.20
807.60	759.80
807.72	770.60
807.83	767.20
807.95	768.00
808.06	767.80
808.17	746.80
808.29	743.80
808.40	742.60
808.52	751.20
808.63	744.80
808.75	752.20
808.86	747.20
808.98	750.60
809.09	744.60
809.21	747.00
809.32	736.40
809.44	743.40
809.55	732.80
809.67	736.00
809.78	742.60
809.90	750.00
810.01	758.60
810.13	756.40
810.24	750.60
810.36	741.80
810.47	750.40
810.59	747.40
810.70	751.00
810.82	752.00
810.93	750.20
811.05	739.00
811.16	731.60
811.27	747.20
811.39	742.00
811.50	732.20
811.62	739.00
811.73	740.00
811.85	733.40
811.96	739.20
812.08	752.20
812.19	749.80
812.31	746.80
812.42	746.60
812.54	754.20
812.65	761.80
812.77	767.40
812.88	772.00
813.00	766.20
813.11	757.20
813.22	750.20
813.34	759.40
813.45	770.20
813.57	774.80
813.68	771.20
813.80	768.40
813.91	767.40
814.03	753.40
814.14	752.00
814.26	758.20
814.37	752.00
814.49	733.60
814.60	737.20
814.71	726.80
814.83	722.20
814.94	726.60
815.06	730.00
815.17	722.00
815.29	743.40
815.40	746.20
815.52	743.40
815.63	745.40
815.75	745.40
815.86	733.00
815.97	740.00
816.09	748.00
816.20	739.80
816.32	750.80
816.43	749.80
816.55	757.20
816.66	753.40
816.78	764.60
816.89	757.40
817.00	753.20
817.12	747.20
817.23	748.40
817.35	742.00
817.46	754.60
817.58	760.00
817.69	759.60
817.81	761.40
817.92	764.20
818.03	747.00
818.15	740.40
818.26	734.60
818.38	734.00
818.49	726.20
818.61	860.00
818.72	883.00
818.83	876.20
818.95	869.60
819.06	882.00
819.18	761.00
819.29	752.00
819.41	756.20
819.52	757.00
819.64	745.20
819.75	734.60
819.86	729.60
819.98	735.00
820.09	735.00
820.21	743.20
820.32	758.00
820.44	752.20
820.55	755.20
820.66	757.40
820.78	758.40
820.89	752.40
821.01	763.60
821.12	755.00
821.23	765.60
821.35	764.80
821.46	757.00
821.58	744.40
821.69	757.40
821.81	750.00
821.92	755.20
822.03	751.00
822.15	751.60
822.26	752.40
822.38	756.00
822.49	753.20
822.61	768.00
822.72	771.60
822.83	766.00
822.95	769.60
823.06	780.40
823.18	779.60
823.29	783.60
823.40	775.20
823.52	784.00
823.63	769.00
823.75	756.20
823.86	757.60
823.97	757.20
824.09	746.40
824.20	753.00
824.32	768.80
824.43	776.40
824.55	778.80
824.66	779.20
824.77	788.60
824.89	781.00
825.00	775.80
825.12	772.00
825.23	759.20
825.34	749.40
825.46	745.60
825.57	725.00
825.69	727.40
825.80	724.00
825.91	719.60
826.03	714.80
826.14	726.20
826.26	724.00
826.37	732.40
826.48	728.00
826.60	739.60
826.71	743.80
826.83	763.80
826.94	775.40
827.05	777.80
827.17	769.80
827.28	762.80
827.39	752.20
827.51	741.00
827.62	742.40
827.74	744.60
827.85	750.40
827.96	763.60
828.08	762.00
828.19	753.20
828.31	757.40
828.42	764.20
828.53	752.40
828.65	758.00
828.76	760.20
828.87	607.80
828.99	450.60
