Wavelength (nm)	Intensity
400,03	0,000000000000000
400,17	0,404447485612773
400,3	0,0625841236686463
400,43	0,261568983860241
400,56	0,325609818736295
400,7	0,295955425937496
400,83	0,23241071760457
400,96	0,159303583284651
401,09	0,169203198750491
401,23	0,195246961544196
401,36	0,180944248855506
401,49	0,235801398634726
401,62	0,189048842187542
401,75	0,206169343353065
401,89	0,217357550428241
402,02	0,216355523289312
402,15	0,219784489365677
402,28	0,212915885611
402,41	0,205962122978479
402,55	0,19144597729196
402,68	0,19460377128402
402,81	0,187040854516648
402,94	0,167222400284822
403,08	0,160907552558944
403,21	0,154353507500582
403,34	0,147404845964671
403,47	0,139517529490534
403,6	0,138852889691654
403,74	0,149236867012145
403,87	0,161709954173492
404	0,159203949772609
404,13	0,147514099129472
404,26	0,135450976246301
404,4	0,123838000101961
404,53	0,125491185349071
404,66	0,120915794862478
404,79	0,11148052198042
404,93	0,120799990568824
405,06	0,119294227416473
405,19	0,112789460118078
405,32	0,10783697115536
405,45	0,108555075732242
405,59	0,104231295546699
405,72	0,106108175662387
405,85	0,117081825535301
405,98	0,11651110996548
406,11	0,125117476852583
406,25	0,128522067413649
406,38	0,120228024582283
406,51	0,127735966007995
406,64	0,135069476254832
406,77	0,143723441852119
406,91	0,152377607607326
407,04	0,144643394789269
407,17	0,143584464941146
407,3	0,140486461082631
407,43	0,143087393696468
407,57	0,138087669636325
407,7	0,145019394019061
407,83	0,148299163513239
407,96	0,149293402873811
408,09	0,14790188464432
408,23	0,14285945907053
408,36	0,141753546278501
408,49	0,150472684077055
408,62	0,155592451198378
408,75	0,155960667533635
408,89	0,150493467867919
409,02	0,147459686688907
409,15	0,145933885843224
409,28	0,141004034314574
409,41	0,13964586263644
409,55	0,132170664860431
409,68	0,130420664149233
409,81	0,129029147936628
409,94	0,131152678759728
410,07	0,130252083751862
410,2	0,128800402127217
410,34	0,130010039585762
410,47	0,134528507317858
410,6	0,132586912154701
410,73	0,134709385572746
410,86	0,137627596550816
411	0,143576977096692
411,13	0,148282101623191
411,26	0,146975498473211
411,39	0,144608058742156
411,52	0,14669362906457
411,66	0,142964962651953
411,79	0,140602708813579
411,92	0,145686982911427
412,05	0,148766975086508
412,18	0,151843979956451
412,31	0,149357687291694
412,45	0,148792978100634
412,58	0,151008246550065
412,71	0,15150273415527
412,84	0,15517223605267
412,97	0,157307358778267
413,11	0,165649944177629
413,24	0,167632709707053
413,37	0,167783210693363
413,5	0,169264297176393
413,63	0,174561247697854
413,76	0,1792259452814
413,9	0,174067365469034
414,03	0,175319226404422
414,16	0,171639814853634
414,29	0,173976433577768
414,42	0,170317453705932
414,56	0,171720812378487
414,69	0,17372640658428
414,82	0,177572116813691
414,95	0,178347353655074
415,08	0,180523249382548
415,21	0,183161305400148
415,35	0,183881173110702
415,48	0,185406134535853
415,61	0,188126074202436
415,74	0,186343949760987
415,87	0,189306992445412
416	0,188238472228754
416,14	0,189023485588119
416,27	0,191439637825383
416,4	0,191042953333231
416,53	0,187707911991238
416,66	0,18676119145925
416,79	0,188778791623586
416,93	0,183100168358031
417,06	0,182129699481398
417,19	0,179974415475152
417,32	0,179233866189718
417,45	0,177745662096702
417,58	0,177742107744799
417,72	0,177702333557756
417,85	0,176730917513956
417,98	0,17730601311545
418,11	0,178146268957933
418,24	0,176567969323074
418,37	0,181318226420895
418,51	0,185326324790686
418,64	0,194051211372075
418,77	0,194201197512041
418,9	0,196829242615767
419,03	0,199326933623183
419,16	0,198385431995653
419,29	0,195872712308035
419,43	0,197299988541822
419,56	0,198416717760751
419,69	0,19401365433326
419,82	0,195041282637161
419,95	0,193974211988045
420,08	0,19413613288199
420,22	0,194470309668469
420,35	0,19507649796082
420,48	0,19980813747496
420,61	0,202831953173416
420,74	0,206507625322014
420,87	0,206484564955486
421	0,204404950798816
421,14	0,209616089793734
421,27	0,207294016921644
421,4	0,209735936034363
421,53	0,212556061869254
421,66	0,21056335231314
421,79	0,209140600245911
421,93	0,207885005415151
422,06	0,213539694137359
422,19	0,21806144558165
422,32	0,219371077886656
422,45	0,218524293397474
422,58	0,218979391412883
422,71	0,221767811896999
422,85	0,216021508081334
422,98	0,213722220802002
423,11	0,216164110905151
423,24	0,220161297980669
423,37	0,219422922689488
423,5	0,220572621132626
423,63	0,224498512204368
423,77	0,223712126019802
423,9	0,221899296781359
424,03	0,22266518259668
424,16	0,22560495210273
424,29	0,229495639390911
424,42	0,229097547806647
424,55	0,230398220784028
424,69	0,232689385985529
424,82	0,236003694059609
424,95	0,234458801925842
425,08	0,235187131266448
425,21	0,240199972586991
425,34	0,243823953223523
425,47	0,238747914093338
425,6	0,235491354182006
425,74	0,237221029635542
425,87	0,238873334198361
426	0,237441416499905
426,13	0,239787531444232
426,26	0,240118545029033
426,39	0,23987387205459
426,52	0,240776095397714
426,66	0,24291454099415
426,79	0,24395132371967
426,92	0,244800294840142
427,05	0,241088493660668
427,18	0,237304354303478
427,31	0,235444218571028
427,44	0,238644189863944
427,57	0,236257785916889
427,71	0,241373369324581
427,84	0,242523417411485
427,97	0,241371070833927
428,1	0,236736263623051
428,23	0,234122481076581
428,36	0,232691271933876
428,49	0,233544398252573
428,62	0,23372726459
428,76	0,237391813910897
428,89	0,237824768191383
429,02	0,237365835992513
429,15	0,233141690881915
429,28	0,231866791951744
429,41	0,231947291717858
429,54	0,234049457039996
429,67	0,231383008895433
429,81	0,230278682935196
429,94	0,230741802636813
430,07	0,232220690409391
430,2	0,230843672874553
430,33	0,233011697581166
430,46	0,231974965592636
430,59	0,232069759761691
430,72	0,230868505663981
430,85	0,230776634765752
430,99	0,232075481178617
431,12	0,235270796369981
431,25	0,235392509780798
431,38	0,235873446897446
431,51	0,236442682284705
431,64	0,238578483412004
431,77	0,236854836924974
431,9	0,237080391606074
432,03	0,239112739307325
432,17	0,240681666953364
432,3	0,242220772819892
432,43	0,244420856376615
432,56	0,245181019438009
432,69	0,249392284193236
432,82	0,251273259386884
432,95	0,255863270550178
433,08	0,257186574320973
433,21	0,25647324232658
433,35	0,254634508422764
433,48	0,254420677945748
433,61	0,257022957381767
433,74	0,255521693221436
433,87	0,253881661515048
434	0,254001989559294
434,13	0,255189084943104
434,26	0,257987153051943
434,39	0,256605994502261
434,53	0,256843742892308
434,66	0,260317383203569
434,79	0,260150478307596
434,92	0,259746335453824
435,05	0,258377604152613
435,18	0,2618452849223
435,31	0,258372211359006
435,44	0,256849849456598
435,57	0,257390955007705
435,7	0,260462324479706
435,84	0,262111878109439
435,97	0,25973813756572
436,1	0,259018887197724
436,23	0,257554325459965
436,36	0,257215401885211
436,49	0,257033904676659
436,62	0,256834880795549
436,75	0,257454059968239
436,88	0,257262188265152
437,01	0,255568845752695
437,14	0,256422548450108
437,28	0,256638086696229
437,41	0,258352853654151
437,54	0,259906476270271
437,67	0,263002000136313
437,8	0,263401475824558
437,93	0,260773589582321
438,06	0,257977227449795
438,19	0,259702892051007
438,32	0,261405604520922
438,45	0,262430746155671
438,58	0,260768219993788
438,72	0,261001698838974
438,85	0,260772436140069
438,98	0,262116751333264
439,11	0,260095683277199
439,24	0,260356505638295
439,37	0,259602928901742
439,5	0,263289314619311
439,63	0,262772187676527
439,76	0,26228921185383
439,89	0,261761846611487
440,02	0,263133193210644
440,15	0,263167018112129
440,29	0,263254794303224
440,42	0,263382318243283
440,55	0,265774375531354
440,68	0,26672664280494
440,81	0,268009481508458
440,94	0,268340294788154
441,07	0,269477320562001
441,2	0,268886961459726
441,33	0,270386005680628
441,46	0,26971073751454
441,59	0,269426651064684
441,72	0,26971817169846
441,85	0,271347241425629
441,99	0,272241404062337
442,12	0,270247946104075
442,25	0,270966373734499
442,38	0,270355364726062
442,51	0,271020553519127
442,64	0,270936318227233
442,77	0,269028930510943
442,9	0,270536490365254
443,03	0,273027211471752
443,16	0,273700913435261
443,29	0,271908732407486
443,42	0,270819620662131
443,55	0,272297109705299
443,68	0,272537054539879
443,82	0,273292470896936
443,95	0,274770725003076
444,08	0,274825856001604
444,21	0,27443773382806
444,34	0,273828197426369
444,47	0,274760966772901
444,6	0,277302013275088
444,73	0,278262185632278
444,86	0,2779916183864
444,99	0,279640269726159
445,12	0,280730547423342
445,25	0,280934134769793
445,38	0,279024961816417
445,51	0,278905179649514
445,64	0,281786035108139
445,78	0,283777411693677
445,91	0,282426413581098
446,04	0,282764285156244
446,17	0,284513002787591
446,3	0,283273457007249
446,43	0,28366094900829
446,56	0,28370952342751
446,69	0,2830265770094
446,82	0,284579474271677
446,95	0,284845951262335
447,08	0,285278954172989
447,21	0,286583124881547
447,34	0,286235642729283
447,47	0,283722379822637
447,6	0,283409463324124
447,73	0,283344534951867
447,86	0,282277106252592
447,99	0,281089203372846
448,13	0,281256229547963
448,26	0,280779566126623
448,39	0,279392885028787
448,52	0,279695400823106
448,65	0,279674570837118
448,78	0,278655185938888
448,91	0,279368253429565
449,04	0,279443932547759
449,17	0,278137105717834
449,3	0,279834895407535
449,43	0,281261851742115
449,56	0,282788389243977
449,69	0,283872133288518
449,82	0,284206350409828
449,95	0,284311029036337
450,08	0,283924713799351
450,21	0,28471485905423
450,34	0,284882739796058
450,47	0,286555845331808
450,6	0,288182970618653
450,73	0,288620640258119
450,87	0,28970134570206
451	0,290141854023348
451,13	0,290840949777611
451,26	0,291908975026242
451,39	0,292623828274513
451,52	0,293961209868619
451,65	0,293467796100263
451,78	0,293462648362749
451,91	0,293972575735151
452,04	0,293631985892788
452,17	0,294381096642014
452,3	0,295414370178759
452,43	0,296988552035794
452,56	0,300402082216715
452,69	0,299246090016231
452,82	0,299113528766003
452,95	0,299935963179137
453,08	0,302299259713055
453,21	0,304008518095169
453,34	0,305371575747428
453,47	0,308287893125895
453,6	0,308706562643189
453,73	0,308882577526523
453,86	0,310074594842576
453,99	0,312045344073718
454,12	0,313205990703702
454,25	0,313139423028428
454,38	0,31432570761143
454,52	0,315790161133743
454,65	0,317041552031386
454,78	0,316811368759175
454,91	0,316131104405069
455,04	0,317987848906937
455,17	0,317867034506594
455,3	0,318033885649116
455,43	0,318697001972765
455,56	0,319118958435534
455,69	0,319947704090553
455,82	0,3216053727325
455,95	0,320654592743552
456,08	0,319981637658297
456,21	0,320006081104197
456,34	0,320359353796802
456,47	0,320089964395943
456,6	0,32130991667314
456,73	0,321208591736053
456,86	0,32253208635657
456,99	0,322201486108376
457,12	0,322145891230304
457,25	0,321095585875002
457,38	0,321361334035943
457,51	0,323501496478094
457,64	0,322582888100232
457,77	0,323365310679798
457,9	0,32184481433405
458,03	0,321071847133693
458,16	0,321616534903955
458,29	0,321634158697972
458,42	0,32244654539191
458,55	0,323156496966191
458,68	0,32401229752438
458,81	0,323516639630218
458,94	0,3228450471547
459,07	0,324592929859266
459,2	0,32407567070947
459,33	0,324876859493209
459,46	0,327278642875133
459,59	0,327247653069512
459,72	0,328806110100305
459,85	0,331481592932405
459,98	0,331458893516841
460,11	0,331674476505672
460,24	0,33189058938773
460,37	0,332492850880915
460,5	0,332354609130342
460,63	0,333511870422218
460,76	0,33434383567562
460,89	0,334199486879721
461,02	0,334136921250436
461,15	0,335129658263936
461,28	0,335805823799346
461,41	0,335965602444939
461,54	0,336668288686916
461,67	0,337101713099482
461,8	0,337073837648705
461,93	0,33715278470998
462,06	0,336277085544912
462,19	0,337067854444004
462,32	0,337950008443628
462,45	0,337176194451995
462,58	0,336622219435239
462,71	0,337028339544049
462,84	0,338143270671621
462,97	0,34140334818956
463,1	0,342346125585057
463,23	0,342336244743462
463,36	0,343339450131652
463,49	0,344758118205411
463,62	0,343971887532128
463,75	0,344431154696565
463,88	0,345083444109122
464,01	0,3452898056226
464,14	0,345309117834878
464,27	0,346013656621694
464,4	0,346058038107609
464,53	0,34784986859391
464,66	0,348715372301475
464,79	0,349430775127738
464,92	0,350830185005786
465,05	0,351606196083942
465,18	0,35236737792848
465,31	0,35369017185097
465,44	0,354954182822991
465,57	0,355537854340887
465,7	0,354930405256746
465,83	0,356516223081859
465,96	0,35823521581706
466,09	0,358688892374975
466,22	0,358211778238233
466,35	0,358272721593833
466,48	0,359029708225848
466,61	0,35912908182429
466,74	0,359078935492127
466,87	0,358699886999627
467	0,359024662173299
467,13	0,359159107457722
467,26	0,359260761854221
467,39	0,360332036623201
467,52	0,360188084317398
467,65	0,360806568269846
467,78	0,360665653894749
467,91	0,361864858230045
468,04	0,36204162501232
468,17	0,361538450760789
468,3	0,362995696579911
468,43	0,363835539676455
468,56	0,363741415535559
468,69	0,365325000591124
468,82	0,365358225891226
468,95	0,366658063442602
469,08	0,367340291977688
469,21	0,36742859006995
469,34	0,368108940808295
469,47	0,36842257518488
469,6	0,369485011449126
469,73	0,369916709941072
469,86	0,370504097781254
469,99	0,370731159365512
470,11	0,371359977373109
470,24	0,372162886103046
470,37	0,372213136945145
470,5	0,372284704838553
470,63	0,373016659178469
470,76	0,373304161071804
470,89	0,37265586639703
471,02	0,37398028587352
471,15	0,374579428934991
471,28	0,374648138257358
471,41	0,375180190354291
471,54	0,375398041700092
471,67	0,376168874865106
471,8	0,376815486016385
471,93	0,377474291534665
472,06	0,377753847127444
472,19	0,379178001646147
472,32	0,380263151045915
472,45	0,379871012583307
472,58	0,380778324409252
472,71	0,380803394343586
472,84	0,380575850429053
472,97	0,380455241828007
473,1	0,381480730653249
473,23	0,381870726598088
473,36	0,383462303561787
473,49	0,383885256376422
473,62	0,384756200715304
473,74	0,385837172030225
473,87	0,387114302745753
474	0,387378574385532
474,13	0,388991627147591
474,26	0,389412716711978
474,39	0,39001209623082
474,52	0,390709398183974
474,65	0,391898659606592
474,78	0,392232344236719
474,91	0,393178145588486
475,04	0,39332125993192
475,17	0,393704732371017
475,3	0,394384346596859
475,43	0,395085850924885
475,56	0,395870446831355
475,69	0,397098084564792
475,82	0,398533273476402
475,95	0,399062082624745
476,08	0,398991516810404
476,21	0,399163317283384
476,34	0,399993745016889
476,46	0,401937975196352
476,59	0,402878763262323
476,72	0,404701763056106
476,85	0,405576886021038
476,98	0,406201847559357
477,11	0,40685436637845
477,24	0,407784999123355
477,37	0,408611938014425
477,5	0,409583167223359
477,63	0,410019603514234
477,76	0,410858611309386
477,89	0,41098697155488
478,02	0,410775496793333
478,15	0,410775010231629
478,28	0,411551034326797
478,41	0,412689601226966
478,54	0,412969191916761
478,66	0,413462837988129
478,79	0,413695024474835
478,92	0,413899797898756
479,05	0,413341727559074
479,18	0,414043252475317
479,31	0,414497525325259
479,44	0,41514705501006
479,57	0,415612174473172
479,7	0,416654055033765
479,83	0,416948661771879
479,96	0,417646833010911
480,09	0,418408495838256
480,22	0,419302880378045
480,35	0,420280952259839
480,48	0,420753681617623
480,6	0,421255633077646
480,73	0,422440650241656
480,86	0,423411754160838
480,99	0,423613534134105
481,12	0,424081338037399
481,25	0,424825336203183
481,38	0,425607526107579
481,51	0,426489723746532
481,64	0,426853808201046
481,77	0,42672166837214
481,9	0,427262597476076
482,03	0,427572565321106
482,16	0,427654010459914
482,29	0,428141794756107
482,41	0,42877926813536
482,54	0,429241324184068
482,67	0,430275466299376
482,8	0,430949894696313
482,93	0,431666756055809
483,06	0,432240732140853
483,19	0,432604653132156
483,32	0,432931777877901
483,45	0,433752703860348
483,58	0,43429309036099
483,71	0,434596976031017
483,84	0,434957448980891
483,97	0,43615026791087
484,09	0,436329139865966
484,22	0,436347744891683
484,35	0,436759991263686
484,48	0,438088995711056
484,61	0,439211794360368
484,74	0,439931276948772
484,87	0,440292812489378
485	0,441140881959831
485,13	0,441223383317882
485,26	0,441845136324967
485,39	0,442040246904382
485,52	0,442771165953758
485,64	0,443948497516906
485,77	0,444933843628878
485,9	0,44509192472651
486,03	0,446176092312063
486,16	0,447078266756199
486,29	0,447959472418436
486,42	0,448236922616073
486,55	0,449438394149571
486,68	0,449684392000776
486,81	0,45012683829274
486,94	0,450168347770159
487,06	0,450221266051435
487,19	0,450183085025045
487,32	0,451488335855079
487,45	0,451863748820811
487,58	0,452684174010868
487,71	0,453745077880978
487,84	0,454869592999409
487,97	0,454997946465099
488,1	0,455650510428488
488,23	0,45657202965695
488,35	0,457392287939091
488,48	0,457908074323777
488,61	0,458969066907737
488,74	0,459432950787169
488,87	0,459913116603173
489	0,460019640663227
489,13	0,460384157144579
489,26	0,460978947350722
489,39	0,461331062416161
489,52	0,461770456504401
489,64	0,462405250884968
489,77	0,462540235719343
489,9	0,463188485081061
490,03	0,463480304445419
490,16	0,463612070124864
490,29	0,46399196822381
490,42	0,46468000447691
490,55	0,464796887440814
490,68	0,465338458372705
490,81	0,465639691111911
490,93	0,466562209457493
491,06	0,467418016658682
491,19	0,468198904433459
491,32	0,468947553530136
491,45	0,469513657997438
491,58	0,470575580615521
491,71	0,470713950438124
491,84	0,471516854159383
491,97	0,472339443874942
492,09	0,473041499167365
492,22	0,473572880302382
492,35	0,473613484045313
492,48	0,473664058392263
492,61	0,474144653040396
492,74	0,474771699622393
492,87	0,475262460435873
493	0,47620162292293
493,12	0,476724524277242
493,25	0,477017484786063
493,38	0,477035018201589
493,51	0,477543721603287
493,64	0,477955848799718
493,77	0,478557570020268
493,9	0,478746939037734
494,03	0,480020891142957
494,16	0,480334442582486
494,28	0,48110123027644
494,41	0,481949271844257
494,54	0,482774778271486
494,67	0,483344054398361
494,8	0,484345276869641
494,93	0,484892555463554
495,06	0,485914908115559
495,19	0,486339700041708
495,31	0,48690043318371
495,44	0,487324486677633
495,57	0,487576399587726
495,7	0,487730274807015
495,83	0,487886862171212
495,96	0,487951597199597
496,09	0,488040361765653
496,22	0,488036727422956
496,34	0,488701185436939
496,47	0,489131176770876
496,6	0,489837042287667
496,73	0,490900678673981
496,86	0,491702545769952
496,99	0,492470003892521
497,12	0,493292795151005
497,24	0,494287904676856
497,37	0,494983337988263
497,5	0,495846737103078
497,63	0,495845914468321
497,76	0,496280725685466
497,89	0,497219199335442
498,02	0,497733668544701
498,15	0,498285310927141
498,27	0,49902410573781
498,4	0,500057491802082
498,53	0,500616680617852
498,66	0,500787206295137
498,79	0,501516946092076
498,92	0,502406355276999
499,05	0,502907187880685
499,17	0,503559922031767
499,3	0,504250831425324
499,43	0,505026866111824
499,56	0,505989534725429
499,69	0,506762268480458
499,82	0,50698409326268
499,95	0,507975833000333
500,07	0,508805896484387
500,2	0,509591593207043
500,33	0,510207814500412
500,46	0,511128670992562
500,59	0,511808006319482
500,72	0,511913979712454
500,85	0,512352071797914
500,97	0,513209960006682
501,1	0,513467030470603
501,23	0,513578137398665
501,36	0,513962086735857
501,49	0,514560609152173
501,62	0,515682331932158
501,75	0,516311309738601
501,87	0,517056714195374
502	0,517606698218324
502,13	0,518647204542129
502,26	0,518845040542952
502,39	0,519430412567001
502,52	0,520455771327789
502,64	0,521101883427927
502,77	0,521615938117673
502,9	0,521949040319951
503,03	0,522672424972271
503,16	0,523504009852738
503,29	0,524102343264847
503,42	0,524225102923752
503,54	0,524607235584358
503,67	0,525273168013806
503,8	0,526116992185768
503,93	0,526443867323053
504,06	0,527605475100534
504,19	0,52870974862857
504,31	0,529620066672197
504,44	0,530022248393265
504,57	0,53078704015427
504,7	0,531144374909129
504,83	0,532153837296304
504,96	0,532770966830735
505,08	0,533129256566835
505,21	0,533758562319447
505,34	0,534704404285513
505,47	0,535243693345736
505,6	0,535956794354297
505,73	0,536484622204509
505,85	0,53714609706423
505,98	0,536892486264202
506,11	0,537516928312102
506,24	0,538670563845071
506,37	0,538846941061109
506,5	0,539564470482415
506,62	0,540535385862195
506,75	0,540896908094708
506,88	0,54153434304282
507,01	0,541702475198169
507,14	0,542430523059171
507,27	0,542887276179225
507,39	0,543981029132932
507,52	0,544294867152363
507,65	0,544818768749179
507,78	0,545876436345717
507,91	0,546869688362322
508,04	0,547181236305351
508,16	0,547932245776911
508,29	0,548378028724033
508,42	0,549190750174788
508,55	0,549807189317943
508,68	0,5504338657729
508,81	0,550647046584937
508,93	0,551525440461315
509,06	0,552170737204972
509,19	0,552938646724454
509,32	0,553597861859061
509,45	0,554353114025454
509,57	0,555300326161697
509,7	0,556353442672386
509,83	0,557235234286671
509,96	0,557868561788096
510,09	0,558660439858546
510,22	0,559474023955345
510,34	0,560275476345858
510,47	0,561056954975365
510,6	0,561574661586632
510,73	0,562665077180668
510,86	0,563368348599638
510,98	0,564043158621905
511,11	0,564043582277368
511,24	0,564814920620758
511,37	0,565961172760923
511,5	0,56642543942681
511,63	0,566858123205513
511,75	0,567555064694121
511,88	0,567265787171479
512,01	0,567912868697446
512,14	0,568375936741907
512,27	0,568706963360672
512,39	0,568809827969022
512,52	0,56913670282044
512,65	0,569390502979927
512,78	0,569858496658764
512,91	0,570389760580382
513,03	0,571249053650833
513,16	0,571112298617542
513,29	0,571782928584667
513,42	0,572334556866777
513,55	0,572531965991281
513,67	0,573087297913571
513,8	0,573751571496334
513,93	0,57414162215805
514,06	0,575054053224254
514,19	0,575704067919311
514,31	0,576647740596147
514,44	0,577422111447394
514,57	0,578188273362168
514,7	0,578452731982497
514,83	0,579257859759494
514,95	0,579820019911318
515,08	0,580999745389722
515,21	0,581201192121087
515,34	0,582067011959081
515,47	0,582519238018865
515,59	0,583048903855558
515,72	0,583316608410718
515,85	0,583436283239662
515,98	0,583650849303413
516,11	0,584225947228779
516,23	0,584410829978424
516,36	0,584782217122641
516,49	0,584608478472168
516,62	0,585746707162618
516,75	0,585549813535267
516,87	0,586395816730642
517	0,586766578170841
517,13	0,586962087486285
517,26	0,587466653718369
517,39	0,587789119032447
517,51	0,58796073154375
517,64	0,589044958954846
517,77	0,589150378869948
517,9	0,589836481317833
518,02	0,589866590502578
518,15	0,590979870481862
518,28	0,590961923713345
518,41	0,592088169664447
518,54	0,592321717604469
518,66	0,59282238804131
518,79	0,59359811016744
518,92	0,59426990864739
519,05	0,594183470923593
519,18	0,595577497117838
519,3	0,595806426711872
519,43	0,59636212547301
519,56	0,596797226172585
519,69	0,597452736351654
519,81	0,597750567854568
519,94	0,598611594801388
520,07	0,599555346563318
520,2	0,600094749502186
520,33	0,600907459705487
520,45	0,60195799021117
520,58	0,602614167767087
520,71	0,603484779402799
520,84	0,603677712124871
520,96	0,604329776159766
521,09	0,604674618108565
521,22	0,605994714641213
521,35	0,606303796614398
521,48	0,607428468816595
521,6	0,608154490710862
521,73	0,609200381546337
521,86	0,609592891311439
521,99	0,61004638403204
522,11	0,610652862360901
522,24	0,611678898853083
522,37	0,612350385969147
522,5	0,612899387807469
522,62	0,613184593179726
522,75	0,613975226572497
522,88	0,61464405898735
523,01	0,615316309609959
523,14	0,61634044083013
523,26	0,617158061425239
523,39	0,617452749170915
523,52	0,617780079125126
523,65	0,617796062311327
523,77	0,618588796438957
523,9	0,619007278804273
524,03	0,620176917023173
524,16	0,620550360245883
524,28	0,620874351454867
524,41	0,621924718776656
524,54	0,622476474316233
524,67	0,622803919708964
524,79	0,623827968318199
524,92	0,62468931216647
525,05	0,626267632902311
525,18	0,626619138335604
525,31	0,627637541421253
525,43	0,628235429626607
525,56	0,629141559501523
525,69	0,629679727495719
525,82	0,629745203535253
525,94	0,630499436434585
526,07	0,631575067872921
526,2	0,632079054387455
526,33	0,633038776245024
526,45	0,633592183873258
526,58	0,63484051651476
526,71	0,635861323008504
526,84	0,637028338185582
526,96	0,637447452452185
527,09	0,639090885596449
527,22	0,639680216957378
527,35	0,640930385801589
527,47	0,641787183469427
527,6	0,643166536697676
527,73	0,643643253038221
527,86	0,644137194431717
527,98	0,644965763604163
528,11	0,64622874869829
528,24	0,646965079241668
528,37	0,647955508083895
528,49	0,647969548622341
528,62	0,649322490993064
528,75	0,650142650651509
528,88	0,650756405818059
529	0,650979182214796
529,13	0,651712157919286
529,26	0,652381170563676
529,39	0,653441222736931
529,51	0,653752857238993
529,64	0,65446303365489
529,77	0,654711486385276
529,9	0,655671516480624
530,02	0,656265773069886
530,15	0,656826645970429
530,28	0,657670138768674
530,4	0,658533757664565
530,53	0,659079696731376
530,66	0,660075610772502
530,79	0,660220420638708
530,91	0,66109400924425
531,04	0,661658793938452
531,17	0,662937967969965
531,3	0,663357236559715
531,42	0,664112625226424
531,55	0,664420031637234
531,68	0,665189935711548
531,81	0,665646512198902
531,93	0,666931265655085
532,06	0,667495447131296
532,19	0,669067828651225
532,31	0,670224790555206
532,44	0,670878848774144
532,57	0,671406631065819
532,7	0,672207868384898
532,82	0,673136621664859
532,95	0,673984849107712
533,08	0,674581273226536
533,21	0,675616048705972
533,33	0,676055725559332
533,46	0,677038601450454
533,59	0,6774079948002
533,71	0,678552483748914
533,84	0,679175371356233
533,97	0,680352637194493
534,1	0,680617303459293
534,22	0,681494864698966
534,35	0,681644219360615
534,48	0,682382207868358
534,61	0,682648866512279
534,73	0,683850064598104
534,86	0,684584473989882
534,99	0,68590380502466
535,11	0,68604180834533
535,24	0,687236245807361
535,37	0,687757970973138
535,5	0,689204712099705
535,62	0,689736559455254
535,75	0,690520630605022
535,88	0,690752331132491
536	0,69166393462883
536,13	0,691508156970889
536,26	0,692406797820012
536,39	0,692625495005412
536,51	0,693319057942202
536,64	0,694040025627164
536,77	0,695081199539316
536,89	0,695936565691367
537,02	0,696597175471351
537,15	0,697024424670631
537,28	0,697860449594722
537,4	0,698397143202711
537,53	0,699446467629183
537,66	0,700143658041912
537,78	0,701740405700614
537,91	0,702572454445785
538,04	0,703856813238336
538,17	0,704028815535868
538,29	0,704635367418832
538,42	0,705607276801014
538,55	0,706759497134755
538,67	0,707648420049019
538,8	0,708705808107044
538,93	0,709914270835502
539,05	0,710925612672519
539,18	0,711114306321757
539,31	0,712187932599813
539,44	0,712266057382825
539,56	0,712758420829954
539,69	0,713558173163015
539,82	0,714483552875507
539,94	0,714788217878657
540,07	0,715849988282939
540,2	0,715710472777729
540,32	0,716346166382565
540,45	0,716943088910941
540,58	0,718628869984672
540,71	0,718986408007465
540,83	0,719486876252548
540,96	0,720463803694846
541,09	0,721164798522272
541,21	0,721942856508174
541,34	0,723324812865366
541,47	0,723369360889267
541,59	0,724718675687998
541,72	0,725074363661619
541,85	0,726261973995587
541,98	0,727203829814578
542,1	0,728067497340338
542,23	0,728510780933026
542,36	0,729611643473124
542,48	0,730356262842581
542,61	0,731017560870555
542,74	0,731760868789393
542,86	0,732964027429968
542,99	0,733776789893852
543,12	0,734842519521788
543,24	0,735151712170705
543,37	0,735712709089297
543,5	0,73664956831513
543,62	0,737575608534402
543,75	0,738112780401969
543,88	0,739270946269194
544,01	0,740460389154826
544,13	0,740652797143961
544,26	0,741360798140252
544,39	0,7421377900129
544,51	0,742883953611787
544,64	0,74395604361471
544,77	0,744917544736973
544,89	0,74571143200153
545,02	0,7465805539684
545,15	0,747266705708365
545,27	0,74778124248511
545,4	0,748472452315086
545,53	0,749884790636246
545,65	0,750490416722451
545,78	0,751396845312391
545,91	0,75267995222761
546,03	0,753619061355272
546,16	0,754436213984945
546,29	0,755229228850807
546,41	0,755915121788776
546,54	0,757120842350404
546,67	0,757816561789658
546,79	0,758655848428727
546,92	0,759672934547818
547,05	0,760550761381528
547,17	0,761663496843096
547,3	0,762673814099974
547,43	0,763618996526208
547,56	0,764732075154834
547,68	0,765152015720745
547,81	0,765758270412444
547,94	0,766831380211099
548,06	0,767745794725108
548,19	0,76843666592495
548,32	0,768793096030244
548,44	0,769678305524477
548,57	0,769950060220967
548,7	0,770623477940886
548,82	0,771034772233466
548,95	0,771109674482055
549,08	0,771749737400122
549,2	0,773124332657532
549,33	0,773825520860185
549,45	0,774622394704268
549,58	0,775069122816279
549,71	0,775734158101857
549,83	0,776375260820167
549,96	0,777632554888356
550,09	0,777822169792893
550,21	0,778978102753509
550,34	0,779627439124476
550,47	0,780077750408552
550,59	0,780683817399906
550,72	0,780960994317002
550,85	0,781360209407327
550,97	0,781999377123082
551,1	0,78211166556833
551,23	0,782697840097399
551,35	0,782770070532567
551,48	0,783844580707476
551,61	0,783910318341891
551,73	0,78432109323724
551,86	0,78477899767918
551,99	0,78421060983468
552,11	0,784661367839363
552,24	0,785149987926929
552,37	0,785548503719701
552,49	0,786236548262607
552,62	0,786218842825089
552,75	0,786921831771576
552,87	0,786922850661282
553	0,787268297387825
553,12	0,7870373519217
553,25	0,787237579578851
553,38	0,787947680765429
553,5	0,788315322610273
553,63	0,788162115464218
553,76	0,788669323127031
553,88	0,788322272534521
554,01	0,789432650987701
554,14	0,789872793779045
554,26	0,790297363428998
554,39	0,790223223715754
554,52	0,791097366356699
554,64	0,791178480874686
554,77	0,791432542880718
554,89	0,791753842716728
555,02	0,792402268238426
555,15	0,792176201431225
555,27	0,793200679297915
555,4	0,792766180350936
555,53	0,793645741855759
555,65	0,793998573400643
555,78	0,794591413376612
555,91	0,794547054268049
556,03	0,795495852034127
556,16	0,795653285821661
556,29	0,796284577092935
556,41	0,796615186015588
556,54	0,796951668337805
556,66	0,796808501928287
556,79	0,797474005882717
556,92	0,797529411035712
557,04	0,79769733525147
557,17	0,79801150514141
557,3	0,798462074112024
557,42	0,798035075001034
557,55	0,798913977676592
557,67	0,798676846100504
557,8	0,799017556857371
557,93	0,799363422039639
558,05	0,800104280192041
558,18	0,800648709963728
558,31	0,800968668896472
558,43	0,801058569753201
558,56	0,801742382430165
558,68	0,802074683571334
558,81	0,802676361857617
558,94	0,803514640318852
559,06	0,804404765892206
559,19	0,804785792504889
559,32	0,80581561219211
559,44	0,806585468771742
559,57	0,806672542834635
559,69	0,807050373164477
559,82	0,807796304360821
559,95	0,807576124106537
560,07	0,80864489627731
560,2	0,809320629012117
560,33	0,809316246581792
560,45	0,809237645725358
560,58	0,80967002749945
560,7	0,809463637635383
560,83	0,809634727204366
560,96	0,810347438529223
561,08	0,810895246051754
561,21	0,81144780547191
561,33	0,8119726068435
561,46	0,811707494650847
561,59	0,812350506596288
561,71	0,812792428358036
561,84	0,813514270242107
561,97	0,813824969973796
562,09	0,814197725047856
562,22	0,814134926349472
562,34	0,814588691241789
562,47	0,814812370163195
562,6	0,815246341578048
562,72	0,815782748295264
562,85	0,81594575053921
562,97	0,815670647634767
563,1	0,816280367059313
563,23	0,816587816560077
563,35	0,816512510590024
563,48	0,816427017526782
563,6	0,817228127041207
563,73	0,816765804538343
563,86	0,817307137302736
563,98	0,817591029938899
564,11	0,817529394795594
564,23	0,817606123777568
564,36	0,818713190013008
564,49	0,819043114250356
564,61	0,819421643185566
564,74	0,819697907999848
564,86	0,820410954643904
564,99	0,820402928106298
565,12	0,820876692544041
565,24	0,821108865176384
565,37	0,821551834179175
565,49	0,821479948213392
565,62	0,822036941700926
565,75	0,82192541713416
565,87	0,822457089730437
566	0,822849569747096
566,12	0,823367470617085
566,25	0,823701779262597
566,38	0,824144217719651
566,5	0,824712768825697
566,63	0,825451868873016
566,75	0,825426810569574
566,88	0,826418811924683
567,01	0,826821653452539
567,13	0,828161603448963
567,26	0,82844213066596
567,38	0,82945735236219
567,51	0,829973313514444
567,64	0,830399558779885
567,76	0,83090099905658
567,89	0,832015583074784
568,01	0,832234783354817
568,14	0,83348006364054
568,26	0,833568582663406
568,39	0,835040206915391
568,52	0,834489444174084
568,64	0,835472388814314
568,77	0,835908064595879
568,89	0,836621045788632
569,02	0,837238534685416
569,15	0,83846617826695
569,27	0,839247959792176
569,4	0,840234864129363
569,52	0,840109266489532
569,65	0,841084161132531
569,77	0,84160402316865
569,9	0,842745248001607
570,03	0,843097538346152
570,15	0,843949345932583
570,28	0,844455952242142
570,4	0,845754248951832
570,53	0,846025372932476
570,66	0,846613764011283
570,78	0,846733920029912
570,91	0,848477510499697
571,03	0,848886785735245
571,16	0,849680647036123
571,28	0,850217794806739
571,41	0,85113256544001
571,54	0,851551435221915
571,66	0,852187075785062
571,79	0,852154613252363
571,91	0,852953173073488
572,04	0,853512132672403
572,16	0,854107102078746
572,29	0,854672101992293
572,42	0,855376743392444
572,54	0,856066368934976
572,67	0,85716987407234
572,79	0,857170879372719
572,92	0,858032154540296
573,04	0,858813713113843
573,17	0,859463705345067
573,29	0,860260888194465
573,42	0,861142036263844
573,55	0,861574929321347
573,67	0,862206863617783
573,8	0,862587831633614
573,92	0,862840916090213
574,05	0,863125896339615
574,17	0,864150131455104
574,3	0,864556836583459
574,43	0,865185353419302
574,55	0,865851946559636
574,68	0,866597814708044
574,8	0,866732879290795
574,93	0,868018959383638
575,05	0,86805825355812
575,18	0,869265092807756
575,3	0,869683443822681
575,43	0,870397244629513
575,56	0,87066805414355
575,68	0,871474764746108
575,81	0,871987420249304
575,93	0,872635736865766
576,06	0,872885396496951
576,18	0,872986376162171
576,31	0,87359481870863
576,43	0,874268716239283
576,56	0,874390571669146
576,69	0,875030607342611
576,81	0,875888568263445
576,94	0,876783450771119
577,06	0,877348829111316
577,19	0,877965277665377
577,31	0,878053697883356
577,44	0,879073227800127
577,56	0,879739035077403
577,69	0,880747438372985
577,82	0,881345232051853
577,94	0,882484033759784
578,07	0,882993792942199
578,19	0,88367966546668
578,32	0,884313111425595
578,44	0,884754949446074
578,57	0,885132581916094
578,69	0,886067123088816
578,82	0,886297295425088
578,94	0,887563872032615
579,07	0,887787627276417
579,19	0,888859864957271
579,32	0,888842705057907
579,45	0,889671090043995
579,57	0,889826528534488
579,7	0,890338734737228
579,82	0,891099117917736
579,95	0,89192384638634
580,07	0,891950044654505
580,2	0,892421700258943
580,32	0,892663358851337
580,45	0,893507670489741
580,57	0,893780510941936
580,7	0,894623200920195
580,82	0,895007866180497
580,95	0,895963507944135
581,08	0,896258490730776
581,2	0,897599541147877
581,33	0,897663296444653
581,45	0,898819138536666
581,58	0,899174173619286
581,7	0,900298299413502
581,83	0,900316671008631
581,95	0,901149259816202
582,08	0,901436631362946
582,2	0,902504011808446
582,33	0,90279153015135
582,45	0,903844654784723
582,58	0,903792935591398
582,7	0,904521839266575
582,83	0,904957839208422
582,95	0,905855388766134
583,08	0,906141582948233
583,21	0,906850163754129
583,33	0,906901865554253
583,46	0,907926735178647
583,58	0,907854765601089
583,71	0,908469707956509
583,83	0,908850007373376
583,96	0,909185173379546
584,08	0,909628537649037
584,21	0,910535889931202
584,33	0,910662357287424
584,46	0,911262289277912
584,58	0,911512240399059
584,71	0,912365649313102
584,83	0,913183274283693
584,96	0,913643046818116
585,08	0,914066219252802
585,21	0,914463680501141
585,33	0,915316584743267
585,46	0,91640737140248
585,58	0,91625715606733
585,71	0,917263961215405
585,83	0,917675817541374
585,96	0,918622596409116
586,08	0,919286159005715
586,21	0,919690611193774
586,33	0,920563465011652
586,46	0,921198354363852
586,59	0,921932092386359
586,71	0,922382194500471
586,84	0,922390935011537
586,96	0,923139398419354
587,09	0,922549144460642
587,21	0,923263059235913
587,34	0,923524262228135
587,46	0,924463057139561
587,59	0,924985332443661
587,71	0,924883225635711
587,84	0,925484625235003
587,96	0,926547412976952
588,09	0,926585011199034
588,21	0,927363048088742
588,34	0,927419413712345
588,46	0,927732686683408
588,59	0,927763860369902
588,71	0,927861864485795
588,84	0,92867571233051
588,96	0,929202770693257
589,09	0,929903031338604
589,21	0,93079316298281
589,34	0,931232177638319
589,46	0,931809135931664
589,59	0,931991886142289
589,71	0,932650128863997
589,84	0,932794680198805
589,96	0,933794224750879
590,09	0,934621138248412
590,21	0,93546438031879
590,34	0,935801834567445
590,46	0,935902515702227
590,59	0,936158674804985
590,71	0,936330131520543
590,84	0,936499250988714
590,96	0,936734990041702
591,09	0,937005453083937
591,21	0,937564278322157
591,34	0,937603557614763
591,46	0,937847940263758
591,59	0,936779054907656
591,71	0,936966548904773
591,83	0,937725825619895
591,96	0,937853447700288
592,08	0,938316622558655
592,21	0,939502415311545
592,33	0,939802475961596
592,46	0,940248722531435
592,58	0,940560467128995
592,71	0,941066885835821
592,83	0,94118992081208
592,96	0,942415803163663
593,08	0,94263517743704
593,21	0,942632994576746
593,33	0,942836108198968
593,46	0,943872260122922
593,58	0,943975322318479
593,71	0,944726194099216
593,83	0,945170197283579
593,96	0,946407946740876
594,08	0,945924222756021
594,21	0,947314180007795
594,33	0,947735791441369
594,46	0,948449910312801
594,58	0,948666623467037
594,71	0,9495458218008
594,83	0,949067154393852
594,96	0,949812584192174
595,08	0,950026525222598
595,2	0,950377031009516
595,33	0,950198420858283
595,45	0,951124004424482
595,58	0,950822347072348
595,7	0,95130983211268
595,83	0,951681374561566
595,95	0,952143109235732
596,08	0,951700142756902
596,2	0,95308027752007
596,33	0,95330311694557
596,45	0,95347575231487
596,58	0,953215078230968
596,7	0,954034316480741
596,83	0,953689225225339
596,95	0,954579286902973
597,08	0,954332194011312
597,2	0,954544094729285
597,32	0,953965822376617
597,45	0,954686259852062
597,57	0,954573271787779
597,7	0,954880169239857
597,82	0,954674779172472
597,95	0,954618417105868
598,07	0,954297785992184
598,2	0,954628828415772
598,32	0,954526400936947
598,45	0,955344487396828
598,57	0,955609393182285
598,7	0,956245207415125
598,82	0,956010876745126
598,94	0,956496480521792
599,07	0,956118908804713
599,19	0,956946550929589
599,32	0,957547606217216
599,44	0,958124372584549
599,57	0,958700690392104
599,69	0,959994075354088
599,82	0,960229384551934
599,94	0,961022181513579
600,07	0,961579385019363
600,19	0,961995432399605
600,31	0,961915782002367
600,44	0,962248723789189
600,56	0,962271475709273
600,69	0,962437900865985
600,81	0,96230711919072
600,94	0,962788958542079
601,06	0,96297474134497
601,19	0,96362607847599
601,31	0,96284705745834
601,44	0,962651054113152
601,56	0,962369601101689
601,68	0,963386854033711
601,81	0,963659309430146
601,93	0,963322724252732
602,06	0,96357173549315
602,18	0,96371757107642
602,31	0,963820716640786
602,43	0,963697555493934
602,56	0,963607446357961
602,68	0,964711350633605
602,8	0,964959093376842
602,93	0,966007296498944
603,05	0,965874823901602
603,18	0,966608214568031
603,3	0,967611052889196
603,43	0,968274354574063
603,55	0,968815192138464
603,68	0,969831412847868
603,8	0,970414512495769
603,92	0,971673424582457
604,05	0,972074023787041
604,17	0,972952065530657
604,3	0,972970778759516
604,42	0,973808842747662
604,55	0,973813469814592
604,67	0,974242408915161
604,79	0,974514747878102
604,92	0,975159891956172
605,04	0,974695326735618
605,17	0,975177280595717
605,29	0,975085137059169
605,42	0,975311173956952
605,54	0,975390130106665
605,66	0,975793895156607
605,79	0,975795503608212
605,91	0,975970161842662
606,04	0,975575698538742
606,16	0,97573851666863
606,29	0,976136273493499
606,41	0,976602052334578
606,53	0,976598903558792
606,66	0,977127010681364
606,78	0,976706364354216
606,91	0,976480110643925
607,03	0,976245167638721
607,16	0,976566529766644
607,28	0,976800348697434
607,4	0,977323657871553
607,53	0,976599115276825
607,65	0,976835080660199
607,78	0,977279655003925
607,9	0,977568102111918
608,03	0,977112271836529
608,15	0,977716773664067
608,27	0,977446304950012
608,4	0,977805710634715
608,52	0,977536920463665
608,65	0,978045633371969
608,77	0,977247671612615
608,89	0,97795991684617
609,02	0,977003746920142
609,14	0,976799817991686
609,27	0,977028398426118
609,39	0,977341974056533
609,52	0,976499901680462
609,64	0,976984614541597
609,76	0,976676697602928
609,89	0,977053337001514
610,01	0,976620042686855
610,14	0,976653611705623
610,26	0,976294858712227
610,38	0,976824757012761
610,51	0,976640812379663
610,63	0,976603918216003
610,76	0,975766168355683
610,88	0,976431661357949
611,01	0,975651277433956
611,13	0,975997347254107
611,25	0,97612066177549
611,38	0,976342488984878
611,5	0,976369686135741
611,63	0,976228980000317
611,75	0,975910442722968
611,87	0,975910919129799
612	0,976040509106699
612,12	0,976857406587787
612,25	0,976449552116368
612,37	0,976995063296226
612,49	0,976557488221275
612,62	0,976460370158745
612,74	0,976292393028147
612,87	0,976426853227852
612,99	0,97645121597914
613,11	0,97655207974943
613,24	0,976574856578337
613,36	0,976534449856032
613,49	0,976800226915718
613,61	0,977234079372727
613,73	0,977028630287404
613,86	0,97752645522707
613,98	0,977643425671489
614,11	0,978267018679565
614,23	0,978391252566446
614,35	0,979236930231303
614,48	0,979257038400808
614,6	0,979653489528873
614,72	0,979687417518236
614,85	0,979885659264578
614,97	0,979529073171362
615,1	0,980074955143106
615,22	0,980229687035982
615,34	0,980251179207073
615,47	0,979958777279023
615,59	0,980326463380268
615,72	0,979804320091756
615,84	0,980660347953851
615,96	0,980803358356194
616,09	0,981652953240284
616,21	0,98203372025087
616,34	0,981756567308902
616,46	0,981635994866287
616,58	0,981746266386318
616,71	0,981923572238731
616,83	0,982749533956542
616,95	0,982689234702746
617,08	0,983468538454517
617,2	0,98308818134289
617,33	0,983774345746513
617,45	0,983353490377392
617,57	0,98308081428557
617,7	0,983958793160272
617,82	0,984142930522531
617,95	0,984110564063744
618,07	0,984208257218965
618,19	0,983989558078213
618,32	0,98431771200886
618,44	0,98389740907346
618,56	0,984609560937059
618,69	0,984769113903319
618,81	0,985062694581398
618,94	0,98489356876198
619,06	0,985011986392791
619,18	0,984997841334531
619,31	0,985327276462685
619,43	0,985459136813762
619,55	0,985771117499752
619,68	0,985884317855858
619,8	0,986095661625822
619,92	0,985741562506162
620,05	0,985222662586866
620,17	0,985269720062287
620,3	0,985278734014175
620,42	0,984688260031263
620,54	0,984695054336977
620,67	0,984489312453335
620,79	0,984632160812176
620,91	0,983794174554846
621,04	0,984301211032286
621,16	0,98423940827731
621,29	0,984542099459852
621,41	0,984622479255216
621,53	0,985289047964122
621,66	0,985871775220967
621,78	0,985943648720405
621,9	0,985846099294634
622,03	0,98624094477349
622,15	0,986121395885017
622,27	0,986933170763425
622,4	0,985995964727902
622,52	0,986734052764372
622,64	0,987305599017335
622,77	0,987909262286273
622,89	0,987529588857271
623,02	0,987524626444965
623,14	0,987189946868552
623,26	0,987667459350196
623,39	0,987575752300423
623,51	0,988034575891288
623,63	0,987910378292591
623,76	0,988592289914917
623,88	0,988486503255168
624	0,988676221744511
624,13	0,988954135412019
624,25	0,989442171347867
624,37	0,989607809563923
624,5	0,990003522811213
624,62	0,990158893379903
624,75	0,991823907460819
624,87	0,991718086068312
624,99	0,99265343101638
625,12	0,992984086120467
625,24	0,993097486468206
625,36	0,992828879745365
625,49	0,993325737837996
625,61	0,99368754476258
625,73	0,994289838465738
625,86	0,994171707812395
625,98	0,993979576748447
626,1	0,993788654857907
626,23	0,994778739502367
626,35	0,994387047899933
626,47	0,994550129484715
626,6	0,994738725925401
626,72	0,996098695825555
626,84	0,995458757066698
626,97	0,995857812796808
627,09	0,995842865367931
627,21	0,997196145518916
627,34	0,996826781227184
627,46	0,997357379843544
627,58	0,996695045135866
627,71	0,996660974561262
627,83	0,996814311491233
627,95	0,997389762684661
628,08	0,997131486476339
628,2	0,998240418132907
628,32	0,997917044621668
628,45	0,998078560985362
628,57	0,998083389928516
628,69	0,998895926494836
628,82	0,999037059031936
628,94	0,999827139106008
629,06	1,00080856797336
629,19	1,00173107286754
629,31	1,00156537608023
629,43	1,00228697412044
629,56	1,00210300369138
629,68	1,00284316703741
629,8	1,00305987915468
629,93	1,00411473869479
630,05	1,0040788740472
630,17	1,00442457505978
630,3	1,00448342982376
630,42	1,00507868950108
630,54	1,00513074964919
630,67	1,00595359806082
630,79	1,00565041475984
630,91	1,00593478106812
631,04	1,00607012932404
631,16	1,00669773382072
631,28	1,00690085253082
631,41	1,00737870951723
631,53	1,00771567991645
631,65	1,00827796107764
631,78	1,00753249919141
631,9	1,00800631230436
632,02	1,008099802257
632,14	1,00917610621778
632,27	1,00898207873601
632,39	1,00966723216081
632,51	1,00995060332307
632,64	1,01028352476736
632,76	1,01054482063356
632,88	1,01123605852854
633,01	1,0108495312627
633,13	1,01203610871785
633,25	1,01210023441974
633,38	1,01295845181571
633,5	1,01311566887089
633,62	1,01378145014925
633,75	1,01356741146661
633,87	1,01426258901043
633,99	1,01463987780891
634,11	1,01485841777771
634,24	1,01460462974888
634,36	1,01535192770707
634,48	1,01565813943872
634,61	1,01644672380378
634,73	1,01634887971237
634,85	1,01730588320716
634,98	1,01739418675718
635,1	1,01836691904504
635,22	1,01833204936973
635,35	1,01887862610194
635,47	1,01921829823438
635,59	1,02009366397904
635,71	1,02092655597662
635,84	1,02100479583896
635,96	1,02069948574905
636,08	1,02167168104283
636,21	1,02077974937816
636,33	1,02150485533865
636,45	1,02189200853583
636,58	1,02213456229818
636,7	1,02178248618824
636,82	1,02256423805609
636,94	1,02260017678259
637,07	1,02303316439867
637,19	1,02278620511475
637,31	1,02384206850794
637,44	1,02356816254142
637,56	1,02538156960346
637,68	1,02533940434829
637,81	1,02637784615771
637,93	1,02669552675061
638,05	1,02770059438665
638,17	1,02751170629034
638,3	1,02784824374083
638,42	1,02815247526893
638,54	1,0287262577591
638,67	1,02846174647297
638,79	1,02944984381403
638,91	1,02914555348965
639,03	1,0300699300201
639,16	1,02973538478071
639,28	1,03091341165761
639,4	1,03048895245933
639,53	1,03086320498118
639,65	1,03082663923584
639,77	1,03102546905407
639,89	1,03117613522988
640,02	1,03276761516885
640,14	1,03286173868639
640,26	1,03363723901787
640,39	1,03395472508857
640,51	1,03490787191834
640,63	1,03513607356639
640,75	1,03549293472651
640,88	1,0361811927432
641	1,03699674419766
641,12	1,03780138720274
641,24	1,03849249093357
641,37	1,03849964755951
641,49	1,0395165683525
641,61	1,03900042107763
641,74	1,03986423547727
641,86	1,03991848765306
641,98	1,03985726982539
642,1	1,04021792953112
642,23	1,0408807675183
642,35	1,04048607413618
642,47	1,04067182041335
642,6	1,04012581281338
642,72	1,04023579752917
642,84	1,04031558423414
642,96	1,04132070686624
643,09	1,04120711391416
643,21	1,04199646427327
643,33	1,04297680490767
643,45	1,04342370649747
643,58	1,04387850380886
643,7	1,04402401303941
643,82	1,04494387077588
643,94	1,04585553891745
644,07	1,04653171383223
644,19	1,04732041421462
644,31	1,04717493051709
644,44	1,04759659850066
644,56	1,04702142830623
644,68	1,04729679779993
644,8	1,04705589936499
644,93	1,04735130573474
645,05	1,04732477561958
645,17	1,04827461609973
645,29	1,04803797619326
645,42	1,04843743911924
645,54	1,04795311233238
645,66	1,04877483033851
645,78	1,04885958166955
645,91	1,04994020885351
646,03	1,04925614879215
646,15	1,04976214059275
646,27	1,04933048674045
646,4	1,05004010973284
646,52	1,0495560316767
646,64	1,05022637659035
646,76	1,05075371124564
646,89	1,05143665705118
647,01	1,05123906450541
647,13	1,05184432679635
647,25	1,0516581866438
647,38	1,05321337719724
647,5	1,05287174558909
647,62	1,05295819732406
647,74	1,05318258247314
647,87	1,05298221669017
647,99	1,05237638193571
648,11	1,05221318352923
648,23	1,05164247383589
648,36	1,05151487089419
648,48	1,05062279153469
648,6	1,05078284695989
648,72	1,04951902598265
648,85	1,05002184031958
648,97	1,04961810385035
649,09	1,04947605023799
649,21	1,0493719601921
649,34	1,05033984229492
649,46	1,05003383005573
649,58	1,05052997285284
649,7	1,05052732025573
649,83	1,05097748783047
649,95	1,05074247731996
650,07	1,05131094937813
650,19	1,05074019255933
650,32	1,05210555891416
650,44	1,05258374712049
650,56	1,05332451252653
650,68	1,05358979125799
650,81	1,05514357975257
650,93	1,05569557751053
651,05	1,0566741955925
651,17	1,05740695183034
651,29	1,05801019732776
651,42	1,05850222115783
651,54	1,05963960847969
651,66	1,05911170870728
651,78	1,05984253376635
651,91	1,05952047693386
652,03	1,05938623145865
652,15	1,05920295860855
652,27	1,0596503678111
652,4	1,05939882064028
652,52	1,0600979834191
652,64	1,06053071847669
652,76	1,06041509006827
652,88	1,06039062308308
653,01	1,06071442914947
653,13	1,06086431384821
653,25	1,06191100503208
653,37	1,06162909118303
653,5	1,06179956976914
653,62	1,06152930225287
653,74	1,0617408589737
653,86	1,06110050575705
653,98	1,06121564582267
654,11	1,06182403799622
654,23	1,06229644786279
654,35	1,06228647510386
654,47	1,06242128250428
654,6	1,06240538573706
654,72	1,06283681662707
654,84	1,06288380315868
654,96	1,06355889934653
655,08	1,06388079053071
655,21	1,06464056574192
655,33	1,06494828078111
655,45	1,06604825207896
655,57	1,06607631826078
655,7	1,06635896024723
655,82	1,06606734206124
655,94	1,06615260345792
656,06	1,06624629873291
656,18	1,06667756068529
656,31	1,0665712532433
656,43	1,066579418673
656,55	1,06646639164879
656,67	1,06675545616345
656,79	1,06579373759785
656,92	1,06587680807775
657,04	1,06587942538857
657,16	1,06632636858594
657,28	1,06650029293839
657,4	1,06733502404819
657,53	1,06691458922807
657,65	1,06757819078254
657,77	1,06772229032244
657,89	1,06857822227614
658,01	1,06854150640218
658,14	1,06956043773386
658,26	1,06909688846524
658,38	1,0689461655368
658,5	1,06927305449336
658,62	1,06966256917948
658,75	1,06971407604704
658,87	1,07024764249578
658,99	1,07029912872863
659,11	1,07075957105396
659,23	1,0703709195859
659,36	1,07070103079732
659,48	1,07131307661489
659,6	1,07158153099147
659,72	1,07142947222398
659,84	1,07109032454209
659,97	1,07091397383284
660,09	1,07069214886828
660,21	1,07022859188464
660,33	1,07084692334166
660,45	1,07039934320189
660,58	1,07112034414011
660,7	1,07064403753551
660,82	1,0709257615405
660,94	1,07096051915214
661,06	1,07174443777757
661,19	1,07155388981601
661,31	1,07161155049651
661,43	1,07148808484449
661,55	1,0720479532432
661,67	1,0715754699321
661,8	1,07211252710695
661,92	1,07227478009731
662,04	1,07245898588895
662,16	1,07220500297223
662,28	1,07252436725635
662,4	1,07227728885272
662,53	1,07294971960731
662,65	1,0729773658923
662,77	1,07365294852895
662,89	1,07408112811778
663,01	1,07494040640224
663,14	1,07470423545925
663,26	1,07516973170383
663,38	1,07621707433328
663,5	1,07616091621972
663,62	1,07641094760315
663,74	1,07764056585677
663,87	1,0776503795867
663,99	1,07845060413962
664,11	1,07856182708846
664,23	1,07952942245738
664,35	1,0791368552593
664,48	1,08006024566693
664,6	1,08080585846441
664,72	1,08114062024963
664,84	1,08135775405702
664,96	1,08152278453377
665,08	1,08090875443951
665,21	1,08127874657414
665,33	1,08098858077396
665,45	1,08120812981936
665,57	1,08032096353028
665,69	1,08118164238705
665,81	1,08116679020537
665,94	1,08122196048635
666,06	1,08093984682968
666,18	1,08132579975814
666,3	1,08131068259654
666,42	1,08062032339092
666,54	1,07977208750508
666,67	1,08046204533199
666,79	1,08032339915364
666,91	1,08095175357071
667,03	1,0800433260854
667,15	1,08051495916165
667,27	1,08059827700949
667,4	1,08077681398813
667,52	1,07989612335754
667,64	1,08018084163322
667,76	1,08015783547609
667,88	1,08124022059443
668	1,08017036316432
668,13	1,0803074735483
668,25	1,07972467118419
668,37	1,08082073764601
668,49	1,08002420468745
668,61	1,08026711614831
668,73	1,08017567814095
668,85	1,08031915748584
668,98	1,07951781947428
669,1	1,07994682205416
669,22	1,07964730482945
669,34	1,07997686009621
669,46	1,07933717916425
669,58	1,07917023362781
669,71	1,07799757157372
669,83	1,07777788869415
669,95	1,07698014132021
670,07	1,07648188639777
670,19	1,0758606896966
670,31	1,07622632560543
670,43	1,07454670722481
670,56	1,07431818729437
670,68	1,07382755951541
670,8	1,07320933441124
670,92	1,07291753826872
671,04	1,07328626921907
671,16	1,07343383582295
671,28	1,07309042723867
671,41	1,07305104877869
671,53	1,0728407621836
671,65	1,07262184001898
671,77	1,07329396353719
671,89	1,07298713516956
672,01	1,07360498267977
672,13	1,07381192827072
672,26	1,07430103163639
672,38	1,07407594567202
672,5	1,07492906153229
672,62	1,07523134297516
672,74	1,07545648520537
672,86	1,07524175252586
672,98	1,07577930984955
673,11	1,07523247698656
673,23	1,07545382982205
673,35	1,0754073802937
673,47	1,07553243459433
673,59	1,07511531567489
673,71	1,07504140017561
673,83	1,07402747619017
673,96	1,07431129334306
674,08	1,0735830655671
674,2	1,07356197318028
674,32	1,07285773465129
674,44	1,07307294579466
674,56	1,07305724990143
674,68	1,07305466443166
674,8	1,0724092974732
674,93	1,0725108079461
675,05	1,07228703042697
675,17	1,07254225136159
675,29	1,07175021604355
675,41	1,07192644945171
675,53	1,07062700955629
675,65	1,07086032307287
675,77	1,07032574049511
675,9	1,07007757025962
676,02	1,06930585204985
676,14	1,0694011880832
676,26	1,06867713338927
676,38	1,06843387807348
676,5	1,06799683401231
676,62	1,06833736607245
676,74	1,06799039283184
676,87	1,06846377568509
676,99	1,06727407268094
677,11	1,06787064536977
677,23	1,06714219898332
677,35	1,06799041457072
677,47	1,06828762338371
677,59	1,06908883156455
677,71	1,0687137075151
677,83	1,06978105620681
677,96	1,06937349135318
678,08	1,06968045497276
678,2	1,06920052748237
678,32	1,0702902824264
678,44	1,07040987786571
678,56	1,07072933534726
678,68	1,07075367464414
678,8	1,07072448631908
678,93	1,07022433415039
679,05	1,07079670919726
679,17	1,07002989283399
679,29	1,07057229144374
679,41	1,07056707826614
679,53	1,07072662076469
679,65	1,07010825415538
679,77	1,07068301811882
679,89	1,07082692603676
680,01	1,07038872511945
680,14	1,06983148533711
680,26	1,07004058156201
680,38	1,07003819991637
680,5	1,07000670276276
680,62	1,06971256708953
680,74	1,07048946791196
680,86	1,07038735583703
680,98	1,07118600883444
681,1	1,07037988254339
681,22	1,07078094628818
681,35	1,07054916642867
681,47	1,07059072412436
681,59	1,07031470432647
681,71	1,07044721626098
681,83	1,0700622674436
681,95	1,07048286049375
682,07	1,06949351589735
682,19	1,06962268098154
682,31	1,06869004913961
682,43	1,06892018598831
682,56	1,06807178283466
682,68	1,06843945500244
682,8	1,06774625074242
682,92	1,06785939349469
683,04	1,06793576162713
683,16	1,06782195531634
683,28	1,06802357479776
683,4	1,06822156041969
683,52	1,0674844307957
683,64	1,06815566756305
683,76	1,06778540649908
683,89	1,06717587700025
684,01	1,06590589386769
684,13	1,0659346662981
684,25	1,06497536984908
684,37	1,06438350963037
684,49	1,0638694736556
684,61	1,06292007001945
684,73	1,0622033896688
684,85	1,0618158935811
684,97	1,06081804567881
685,09	1,06006073220746
685,21	1,05968187881716
685,34	1,05938597880436
685,46	1,05900337979402
685,58	1,05865301658325
685,7	1,05852125547462
685,82	1,05888710774357
685,94	1,05838476715756
686,06	1,05828763687857
686,18	1,05748599512144
686,3	1,05773719753481
686,42	1,05865402631265
686,54	1,05882263127619
686,66	1,05895237756653
686,79	1,05906197398549
686,91	1,05908329742039
687,03	1,05966359965383
687,15	1,05963791774364
687,27	1,06068152645074
687,39	1,06085631264521
687,51	1,06201733232894
687,63	1,06173113440205
687,75	1,06145632020119
687,87	1,06074275169288
687,99	1,06058413463515
688,11	1,06005193667139
688,23	1,05995792454115
688,35	1,05936849480909
688,48	1,0598350883528
688,6	1,0591440291727
688,72	1,05877561749828
688,84	1,05799534434889
688,96	1,05866064939136
689,08	1,05863378536456
689,2	1,05833380324757
689,32	1,05816761424779
689,44	1,05809403001818
689,56	1,05773315512602
689,68	1,05780112049623
689,8	1,05681371796293
689,92	1,05711213172116
690,04	1,05670028136777
690,16	1,05664581716211
690,28	1,05577059079815
690,41	1,05551706137725
690,53	1,05556685347599
690,65	1,05532861920054
690,77	1,05517135030539
690,89	1,05499060088359
691,01	1,05422286020395
691,13	1,05539446825663
691,25	1,0548352891211
691,37	1,0549699139388
691,49	1,05517413710763
691,61	1,05477509677569
691,73	1,05370779496915
691,85	1,05418051063569
691,97	1,05385012573565
692,09	1,05404692860145
692,21	1,05365124423793
692,33	1,05477784832728
692,45	1,05410043533283
692,57	1,05491973180694
692,7	1,0544068044572
692,82	1,0545927364863
692,94	1,05388982320229
693,06	1,05453052129223
693,18	1,05374614121883
693,3	1,05385889255301
693,42	1,05301551185965
693,54	1,05337320743366
693,66	1,05254100039923
693,78	1,05298184335897
693,9	1,05202461694463
694,02	1,05257276043698
694,14	1,05295346544577
694,26	1,05267216579232
694,38	1,05200713899475
694,5	1,05192532133467
694,62	1,0513114570003
694,74	1,05161507715225
694,86	1,05124347178045
694,98	1,0517374911478
695,1	1,0506066696828
695,22	1,05082516290056
695,34	1,05076178703548
695,46	1,04988824905785
695,58	1,04986475648027
695,71	1,05044255143769
695,83	1,05075331072502
695,95	1,05095293912246
696,07	1,05058836550097
696,19	1,05178285750437
696,31	1,05106837250964
696,43	1,05167406519535
696,55	1,05079039095842
696,67	1,05039143136769
696,79	1,04954818625216
696,91	1,04953232198615
697,03	1,04874716300728
697,15	1,04800760719104
697,27	1,04730549915301
697,39	1,04758140240585
697,51	1,04604554550921
697,63	1,04587103500109
697,75	1,04498960012227
697,87	1,04426674783537
697,99	1,04345540104969
698,11	1,04334344675851
698,23	1,04321511170749
698,35	1,04269588988399
698,47	1,04187235093997
698,59	1,04178841590281
698,71	1,04027652073357
698,83	1,04007908695165
698,95	1,03919905857247
699,07	1,03957663849789
699,19	1,03890522294236
699,31	1,03917650166408
699,43	1,03869724395304
699,55	1,03874856656693
699,67	1,0385494085446
699,79	1,03903878075056
699,91	1,03781409740205
700,03	1,03825697057564
700,15	1,03809114021987
700,27	1,03814538424145
700,39	1,03711187266407
700,51	1,03656424974156
700,63	1,03536654994556
700,75	1,03556407272996
700,87	1,03474538641172
700,99	1,03494885581073
701,11	1,03410299273577
701,24	1,03395866020296
701,36	1,03360970541159
701,48	1,03408685963792
701,6	1,03378112225038
701,72	1,03433892325321
701,84	1,03437190688171
701,96	1,03492676817045
702,08	1,03453444070606
702,2	1,03518760854134
702,32	1,03457896810257
702,44	1,03432375193431
702,56	1,03419572579621
702,68	1,03345686382085
702,8	1,03214207661056
702,92	1,03221119248747
703,04	1,03147541868346
703,16	1,03134741911377
703,28	1,03035842234613
703,4	1,03054973967334
703,52	1,02975244827504
703,64	1,02994728549471
703,76	1,02913107551764
703,88	1,029030753839
704	1,0286831873138
704,12	1,02876726577335
704,24	1,02818409596466
704,36	1,02828187203425
704,48	1,02822348231031
704,6	1,02823656676198
704,72	1,02731248873855
704,84	1,02744064623004
704,96	1,02653988871107
705,07	1,02655127830795
705,19	1,02563345360049
705,31	1,02580049317243
705,43	1,0256262792529
705,55	1,02538785676425
705,67	1,02442674153058
705,79	1,02456807615646
705,91	1,0235357183309
706,03	1,0238944641217
706,15	1,02299177038405
706,27	1,02258289148486
706,39	1,02245074327388
706,51	1,02263837163085
706,63	1,02204615796798
706,75	1,02144347325703
706,87	1,02091414356146
706,99	1,02118986695132
707,11	1,02012195664256
707,23	1,02013108459648
707,35	1,01967686383836
707,47	1,01943879277712
707,59	1,01878843752492
707,71	1,01867931433073
707,83	1,01819024661269
707,95	1,01793870717748
708,07	1,01740466999403
708,19	1,01717213980462
708,31	1,01613337978549
708,43	1,01638206524947
708,55	1,01612820401237
708,67	1,01600654253704
708,79	1,01553370911547
708,91	1,01540434638426
709,03	1,01442677008059
709,15	1,0140197562574
709,27	1,01381495378446
709,39	1,01369515603787
709,51	1,01321476766373
709,63	1,01371938869274
709,75	1,01287770072466
709,87	1,01298585356781
709,99	1,01275008405203
710,11	1,01243499685924
710,23	1,01179217254437
710,35	1,01192514645168
710,47	1,01095118554905
710,58	1,00960182876972
710,7	1,00935097852505
710,82	1,00926624412483
710,94	1,00835178071467
711,06	1,00855715079461
711,18	1,0070590345684
711,3	1,00678840552963
711,42	1,00632984225711
711,54	1,00607653530455
711,66	1,00503517297717
711,78	1,00521441160862
711,9	1,0053005295365
712,02	1,0052383821437
712,14	1,00468933859725
712,26	1,0050411209877
712,38	1,00442566357326
712,5	1,00491194253866
712,62	1,00398906722802
712,74	1,00388564837529
712,86	1,00287508912017
712,98	1,00275795769777
713,1	1,00160371542029
713,22	1,00151114470821
713,34	1,00076386063235
713,45	1,00096749778147
713,57	1,00062934695167
713,69	1,00036075692071
713,81	0,999739021160418
713,93	0,999573071889879
714,05	0,998795879166947
714,17	0,998917055844586
714,29	0,998503907918166
714,41	0,999247526247043
714,53	0,998890256303289
714,65	0,998696239829548
714,77	0,998172746668378
714,89	0,998289653646312
715,01	0,998112662279899
715,13	0,998781089651911
715,25	0,99815746403268
715,37	0,998477757821127
715,49	0,998189161953742
715,61	0,998084194559511
715,72	0,996802223822596
715,84	0,996363560615341
715,96	0,996286543911916
716,08	0,996839503100487
716,2	0,996219782941925
716,32	0,996490383289706
716,44	0,995888000512445
716,56	0,995393996890742
716,68	0,99542472326099
716,8	0,995260757722396
716,92	0,99509069907636
717,04	0,995028364667965
717,16	0,994561277261593
717,28	0,994805525583042
717,4	0,993984717631356
717,52	0,994207436788638
717,63	0,994022223975593
717,75	0,994357076639758
717,87	0,994670588766755
717,99	0,994612458523253
718,11	0,993883086264144
718,23	0,993931858339724
718,35	0,994163824679177
718,47	0,994623782166802
718,59	0,993867547488066
718,71	0,994205087259005
718,83	0,99466974453862
718,95	0,994362375859364
719,07	0,993815496152811
719,19	0,994000853397245
719,3	0,994077728887878
719,42	0,994445752946848
719,54	0,994026982923208
719,66	0,995027447927109
719,78	0,994455372827185
719,9	0,995169965682301
720,02	0,994533322717371
720,14	0,994566895843189
720,26	0,996161154411664
720,38	0,995724536913763
720,5	0,995475173984549
720,62	0,994668262647093
720,74	0,994129089336015
720,85	0,994702932587904
720,97	0,993858868426587
721,09	0,993765981552533
721,21	0,993039109756625
721,33	0,992940251787816
721,45	0,993172987687349
721,57	0,993489428879757
721,69	0,993306926763878
721,81	0,993168710900472
721,93	0,993181270155916
722,05	0,993045084721996
722,16	0,992713733067554
722,28	0,992596970214858
722,4	0,992225238999675
722,52	0,992275204887766
722,64	0,991982300958048
722,76	0,992058779766663
722,88	0,990997306278311
723	0,990922361529349
723,12	0,991139328618916
723,24	0,991461423673727
723,36	0,991349246719672
723,47	0,99143975699068
723,59	0,990857724225848
723,71	0,991216068822754
723,83	0,990696517394182
723,95	0,990798089104972
724,07	0,989884000966527
724,19	0,989285660007501
724,31	0,988245664115589
724,43	0,987647051646728
724,55	0,987077808425028
724,66	0,98735290122646
724,78	0,986922513481506
724,9	0,98724084767873
725,02	0,986517586522815
725,14	0,986526617080555
725,26	0,985862411171036
725,38	0,985649622541168
725,5	0,985572330453534
725,62	0,985624519841719
725,74	0,984450062897229
725,85	0,984181482358417
725,97	0,983080538166017
726,09	0,982568278014298
726,21	0,982138600790223
726,33	0,981492745798237
726,45	0,980791483360159
726,57	0,980961446820752
726,69	0,980812962010818
726,81	0,980601812188725
726,92	0,980577884567375
727,04	0,980425424397682
727,16	0,979259761131863
727,28	0,979544906221039
727,4	0,978595804642907
727,52	0,978381405688988
727,64	0,977487813726298
727,76	0,977420289707451
727,88	0,976737588670351
727,99	0,976492325051627
728,11	0,975562462969461
728,23	0,9756664140988
728,35	0,975539199239543
728,47	0,975985030252128
728,59	0,975336703827136
728,71	0,975174947734326
728,83	0,975040293614408
728,94	0,975189620906034
729,06	0,974619233105542
729,18	0,974681106492415
729,3	0,974215425494802
729,42	0,974829580955292
729,54	0,973984242033104
729,66	0,974546794879555
729,78	0,973850056962789
729,9	0,973972714014295
730,01	0,973607969036024
730,13	0,973686348427321
730,25	0,97341938350738
730,37	0,973161019040531
730,49	0,972831905008012
730,61	0,973430311197124
730,73	0,973058784504853
730,84	0,97329818329314
730,96	0,973382020308044
731,08	0,974023623302382
731,2	0,974197847563303
731,32	0,974248091126619
731,44	0,974081814202541
731,56	0,974312402021327
731,68	0,9742074762655
731,79	0,975041278829925
731,91	0,974392058000832
732,03	0,97541347319135
732,15	0,974950102945751
732,27	0,973802279500363
732,39	0,973449670771968
732,51	0,973605658268208
732,62	0,973246667812224
732,74	0,973248199286939
732,86	0,973171189488911
732,98	0,973179056022721
733,1	0,972463173271661
733,22	0,972841871901077
733,34	0,972245830383281
733,45	0,972602844253117
733,57	0,972184328143166
733,69	0,971323418394972
733,81	0,970016485838256
733,93	0,970292565585242
734,05	0,970111847095602
734,17	0,970308301864778
734,28	0,969572698333375
734,4	0,970081470476715
734,52	0,969660298257233
734,64	0,969482354643651
734,76	0,968902713072514
734,88	0,968994600121034
735	0,96815711078812
735,11	0,968935312234425
735,23	0,968533072525122
735,35	0,968311830467825
735,47	0,96791550603414
735,59	0,968266146201475
735,71	0,967203485127939
735,83	0,967464428954688
735,94	0,966904005327974
736,06	0,966620582906844
736,18	0,967145191729662
736,3	0,967573275937879
736,42	0,96714373087795
736,54	0,966779543955547
736,65	0,966835158744254
736,77	0,966148413413253
736,89	0,965573275791148
737,01	0,965912137043558
737,13	0,964972438968182
737,25	0,964991202281669
737,36	0,965165279937993
737,48	0,964144134379132
737,6	0,963593588928324
737,72	0,96365942337573
737,84	0,963675233544635
737,96	0,963551160094001
738,08	0,963817652373355
738,19	0,964206351453143
738,31	0,963935250546214
738,43	0,964390383615479
738,55	0,963942373837833
738,67	0,963941057717443
738,79	0,963470709477361
738,9	0,963400353734405
739,02	0,962667238393737
739,14	0,962652384142836
739,26	0,962865310804636
739,38	0,963285590629518
739,5	0,962456776784093
739,61	0,962602102057848
739,73	0,9627217214363
739,85	0,963076758899773
739,97	0,963349367463109
740,09	0,963477963841625
740,2	0,963422058023902
740,32	0,96333736577368
740,44	0,962837235653068
740,56	0,962930448468064
740,68	0,962916022841709
740,8	0,963134356948559
740,91	0,962918350464446
741,03	0,962846336958958
741,15	0,962584081324924
741,27	0,961901594189579
741,39	0,961722265893649
741,51	0,962027651878896
741,62	0,96250337283751
741,74	0,962502208427442
741,86	0,962703365278
741,98	0,963298545247142
742,1	0,962901060333038
742,21	0,962722485344293
742,33	0,962318432600124
742,45	0,962005349674291
742,57	0,961850414341733
742,69	0,96171132382729
742,8	0,960184424383278
742,92	0,959994723598183
743,04	0,959746195967135
743,16	0,958836980861601
743,28	0,958631919147179
743,4	0,958828202534517
743,51	0,958973885608374
743,63	0,958776404386537
743,75	0,958496714480753
743,87	0,95908186372062
743,99	0,958448973910492
744,1	0,958996026950585
744,22	0,957839304276347
744,34	0,958167226420478
744,46	0,957705216758726
744,58	0,957379466592742
744,69	0,957346291933598
744,81	0,957719184479403
744,93	0,957906337917405
745,05	0,957922997344378
745,17	0,957447363913126
745,28	0,957687481090439
745,4	0,957579447392549
745,52	0,958489312233397
745,64	0,958242264179614
745,76	0,958605098440051
745,87	0,958110890287235
745,99	0,958452362618631
746,11	0,957924449262296
746,23	0,958259329132919
746,35	0,958280354300053
746,46	0,958641986584873
746,58	0,958843053281772
746,7	0,959702016241004
746,82	0,95975039768149
746,94	0,959264602798476
747,05	0,959022843081274
747,17	0,959266598994326
747,29	0,958883792474579
747,41	0,958641316671935
747,53	0,958375243252803
747,64	0,958022398146177
747,76	0,958114188966719
747,88	0,958306390724119
748	0,957827172613312
748,12	0,957912410931879
748,23	0,958155283974255
748,35	0,958784439227455
748,47	0,958551876351569
748,59	0,958068760655664
748,7	0,958452416341379
748,82	0,958210947631048
748,94	0,95838937295493
749,06	0,958256595228905
749,18	0,957968524627704
749,29	0,958299978292893
749,41	0,958358124902435
749,53	0,958653015161407
749,65	0,958462691313689
749,76	0,95863151744464
749,88	0,958472411973758
750	0,958619503528006
750,12	0,958758298102406
750,24	0,958791368309798
750,35	0,958674884320058
750,47	0,958972065428089
750,59	0,958586082120161
750,71	0,958952811617835
750,82	0,958709075478795
750,94	0,959149391548694
751,06	0,959090399775543
751,18	0,959724928136326
751,3	0,958844987339304
751,41	0,959181543866279
751,53	0,958709570732764
751,65	0,958238638253041
751,77	0,958315815185623
751,88	0,958676931796388
752	0,958694385997102
752,12	0,958910795723165
752,24	0,958559223651313
752,35	0,958437915834842
752,47	0,958192585124978
752,59	0,958302024387225
752,71	0,958038132419079
752,83	0,958202775615421
752,94	0,958141696513332
753,06	0,958287319764105
753,18	0,958109318200849
753,3	0,958835916025789
753,41	0,958952799834861
753,53	0,959301650126668
753,65	0,95922447560428
753,77	0,959516673093339
753,88	0,959047493159181
754	0,95926177769505
754,12	0,959367141077414
754,24	0,960143782944461
754,35	0,959550389462278
754,47	0,95988038509997
754,59	0,959435687643195
754,71	0,959913728733741
754,82	0,959782176016489
754,94	0,960831843628298
755,06	0,960195000347105
755,18	0,960779302896484
755,29	0,960465328172293
755,41	0,96041150078811
755,53	0,96003848450398
755,65	0,960782369168447
755,76	0,960592413216948
755,88	0,961092054793592
756	0,960406178580697
756,12	0,960875613599427
756,23	0,960616562247012
756,35	0,961265429073656
756,47	0,96162277838291
756,59	0,962403052982479
756,7	0,962480311403459
756,82	0,962984190680625
756,94	0,96279004492192
757,06	0,96331978101429
757,17	0,962920767405663
757,29	0,963674215484206
757,41	0,963428155024579
757,53	0,963214464469437
757,64	0,963676022090489
757,76	0,964059033017826
757,88	0,963385323799222
758	0,963308935035528
758,11	0,963206118330207
758,23	0,963011271107001
758,35	0,9627320510038
758,47	0,962520456073481
758,58	0,961522328764406
758,7	0,961464497377845
758,82	0,961720918119774
758,94	0,961428749733091
759,05	0,96121292568638
759,17	0,961174365904998
759,29	0,961279625721117
759,4	0,961830456000334
759,52	0,961999255375553
759,64	0,962509431564884
759,76	0,96270626336465
759,87	0,963418082716943
759,99	0,963260325013129
760,11	0,963258658478624
760,23	0,962816182935707
760,34	0,963175085436252
760,46	0,963516872359818
760,58	0,963838979091373
760,7	0,963964048721843
760,81	0,964067758955402
760,93	0,963897170538964
761,05	0,963499141879796
761,16	0,963069498513541
761,28	0,963565121123442
761,4	0,963236005144386
761,52	0,963981743416539
761,63	0,96441106954073
761,75	0,965294892378881
761,87	0,965818837980952
761,98	0,966296193330202
762,1	0,965764745932279
762,22	0,966685172294746
762,34	0,966850756863506
762,45	0,967426990057864
762,57	0,966752093928444
762,69	0,967261365740148
762,81	0,967265207365722
762,92	0,967389720626523
763,04	0,966857582237026
763,16	0,96635204223329
763,27	0,96567577480485
763,39	0,96657835823325
763,51	0,965917285125236
763,63	0,965905442621076
763,74	0,965238797119994
763,86	0,965374800448656
763,98	0,964991142945836
764,09	0,965170039274183
764,21	0,964873062875495
764,33	0,96543975987335
764,44	0,9652369316937
764,56	0,965609121038083
764,68	0,965565517891078
764,8	0,96576751060059
764,91	0,965878305350893
765,03	0,966528458107279
765,15	0,967058944298477
765,26	0,967558605060425
765,38	0,967400436505454
765,5	0,96775887485801
765,62	0,967994576141896
765,73	0,969142481461625
765,85	0,96907764063631
765,97	0,969436521657985
766,08	0,969991332287819
766,2	0,970797022713158
766,32	0,970056926079483
766,43	0,971135581212084
766,55	0,97145472357237
766,67	0,971795649174259
766,79	0,972075915469223
766,9	0,971973290178776
767,02	0,971288680066388
767,14	0,972107367949561
767,25	0,971914724132243
767,37	0,972169197083355
767,49	0,97201496962919
767,6	0,972617393077178
767,72	0,971820543563752
767,84	0,971697190582968
767,95	0,97160544623217
768,07	0,971674933050132
768,19	0,971681839067308
768,31	0,971984664003227
768,42	0,972416537640556
768,54	0,972114579953938
768,66	0,971146141395825
768,77	0,97075812049476
768,89	0,970229991811669
769,01	0,970453802112144
769,12	0,970468985105935
769,24	0,970452795642376
769,36	0,969829188865372
769,47	0,970277918278461
769,59	0,969727238731104
769,71	0,969331040042536
769,82	0,969171944531076
769,94	0,969970382637534
770,06	0,969781904875615
770,17	0,969811262793452
770,29	0,969756882622457
770,41	0,970175541646591
770,53	0,969792243017484
770,64	0,970487042309897
770,76	0,970236144674995
770,88	0,971154140153015
770,99	0,970574863949235
771,11	0,970934017902462
771,23	0,970143477880528
771,34	0,971378698426335
771,46	0,970991127904408
771,58	0,971383973266639
771,69	0,971376448162612
771,81	0,971806402135164
771,93	0,971947680060725
772,04	0,971785112200165
772,16	0,971573139505066
772,28	0,972567172618553
772,39	0,97224716913575
772,51	0,973056242655922
772,63	0,972969264542099
772,74	0,973874348494718
772,86	0,974311031815846
772,98	0,974743244214123
773,09	0,975401984187021
773,21	0,976432809218677
773,33	0,976528860958751
773,44	0,977693905733785
773,56	0,977709586165335
773,68	0,978186776729714
773,79	0,97802439571139
773,91	0,978769449865914
774,03	0,979057077974925
774,14	0,980206736534608
774,26	0,980222182167101
774,38	0,981196001167491
774,49	0,981493529176662
774,61	0,982107424334808
774,73	0,981512280824606
774,84	0,982482758337044
774,96	0,982706002967415
775,08	0,98292180723811
775,19	0,982905622278506
775,31	0,983608884291799
775,43	0,983785739268093
775,54	0,984617607853796
775,66	0,984393244432364
775,77	0,985092584779488
775,89	0,985413721440016
776,01	0,986982552363183
776,12	0,986350397551019
776,24	0,987305945786803
776,36	0,987592576751658
776,47	0,987946430308362
776,59	0,98747795936953
776,71	0,987941129611785
776,82	0,98814474665589
776,94	0,98837806405596
777,06	0,988618155086702
777,17	0,989430709700812
777,29	0,990044021957098
777,41	0,990847934881557
777,52	0,989960094208198
777,64	0,990740219590738
777,75	0,990778997376142
777,87	0,991384622682588
777,99	0,992393035793742
778,1	0,99391124385375
778,22	0,994245502499843
778,34	0,994636599777844
778,45	0,994513496622879
778,57	0,994904675633716
778,69	0,995207802158823
778,8	0,996143081958169
778,92	0,995266654867499
779,04	0,995926842322738
779,15	0,996078148349697
779,27	0,996405426592844
779,38	0,99579053469758
779,5	0,996503114342847
779,62	0,99657961411375
779,73	0,996647014077162
779,85	0,99660675130026
779,97	0,997121386518844
780,08	0,997583690964454
780,2	0,998139375020763
780,31	0,998231985283335
780,43	0,998734820733966
780,55	0,999012354405862
780,66	0,999755621334111
780,78	0,999891189461337
780,9	1,00022100787226
781,01	1,000007237131
781,13	1,00093435735811
781,25	1,00095557532922
781,36	1,00150957527584
781,48	1,00130049310721
781,59	1,00249938526781
781,71	1,00224186875645
781,83	1,00399046622159
781,94	1,00373477316963
782,06	1,00348737762328
782,18	1,00346321941546
782,29	1,0045649553935
782,41	1,00500658132637
782,52	1,00556272903881
782,64	1,00506002203398
782,76	1,00592804755077
782,87	1,00596277094804
782,99	1,00664227337482
783,1	1,00613547030977
783,22	1,00714924064509
783,34	1,00744088281494
783,45	1,00817828741605
783,57	1,00886530384421
783,69	1,0093654046657
783,8	1,01043501931316
783,92	1,01192556140224
784,03	1,01204776782033
784,15	1,01320600562118
784,27	1,01322190785584
784,38	1,01323291873644
784,5	1,01330946186052
784,61	1,01406622953524
784,73	1,01453194718843
784,85	1,01431775071386
784,96	1,01386894174248
785,08	1,01432429192389
785,19	1,01389832854493
785,31	1,01445026497005
785,43	1,01430555449558
785,54	1,01531588831205
785,66	1,0168237740534
785,77	1,01801880265452
785,89	1,01749062093041
786,01	1,01759274368352
786,12	1,01742323534582
786,24	1,01736311791157
786,35	1,01603361818254
786,47	1,01594782612715
786,59	1,01537867946322
786,7	1,01478889777659
786,82	1,01389049674299
786,93	1,01412926532438
787,05	1,01328815565632
787,17	1,01421548795986
787,28	1,01371137045268
787,4	1,01910169648983
787,51	1,01964153563731
787,63	1,02060339925522
787,75	1,02008360286407
787,86	1,02123609268294
787,98	1,02292590128695
788,09	1,0233615377395
788,21	1,02277149121565
788,33	1,02431296454449
788,44	1,02410960445714
788,56	1,02461471411227
788,67	1,02435166076785
788,79	1,02480512298892
788,91	1,02591095833155
789,02	1,02685695924598
789,14	1,02539891383322
789,25	1,02584826828177
789,37	1,02640897674362
789,48	1,0278366955663
789,6	1,02796538590014
789,72	1,02881997610972
789,83	1,02899554786804
789,95	1,02995097060034
790,06	1,03031482955388
790,18	1,03092263366532
790,3	1,03132734171527
790,41	1,03199917773441
790,53	1,03239587386566
790,64	1,03323037501816
790,76	1,03335815189314
790,87	1,0345100139211
790,99	1,03439316477546
791,11	1,03493819719983
791,22	1,03562948086268
791,34	1,03583408570853
791,45	1,03685499859528
791,57	1,03787943299767
791,68	1,03820285402414
791,8	1,03917914743616
791,92	1,0394014259253
792,03	1,0398858463845
792,15	1,04011560743239
792,26	1,03988941077529
792,38	1,03978350795183
792,49	1,0407011685839
792,61	1,04099099013817
792,73	1,04113396074926
792,84	1,04070702051483
792,96	1,04156386418762
793,07	1,04235478062712
793,19	1,04402075445612
793,3	1,04453628518301
793,42	1,04585406774195
793,54	1,04605504525278
793,65	1,0465629070386
793,77	1,04687510857065
793,88	1,04773080199309
794	1,04754399271961
794,11	1,04833022287856
794,23	1,04785364626842
794,34	1,04832928787401
794,46	1,04817668411831
794,58	1,04916618469648
794,69	1,04945331186818
794,81	1,05028732651155
794,92	1,0509978334735
795,04	1,05151708243184
795,15	1,05191400743479
795,27	1,05379358582048
795,39	1,05429458662203
795,5	1,05593231247871
795,62	1,05619514944587
795,73	1,05729393891383
795,85	1,0574574324595
795,96	1,05870932639247
796,08	1,05873822127963
796,19	1,05967684965831
796,31	1,06047372788553
796,42	1,06133985337676
796,54	1,06154186357635
796,66	1,06241468543149
796,77	1,06302854088364
796,89	1,06482260627903
797	1,06600619556401
797,12	1,06778824469954
797,23	1,06829552419168
797,35	1,07006805422483
797,46	1,07066384560618
797,58	1,07176252903669
797,69	1,07278956929628
797,81	1,07388942887667
797,93	1,07505963518116
798,04	1,07616260567681
798,16	1,07645598558621
798,27	1,07690374446886
798,39	1,07742664327686
798,5	1,07831747705389
798,62	1,0785421666639
798,73	1,07972086713245
798,85	1,08058679441221
798,96	1,08218067555394
799,08	1,08305008406722
799,19	1,08420815555438
799,31	1,08510010001402
