	Light corrected
400,03	--
400,17	31,2379632920124
400,3	4,87341324734029
400,43	20,5340213786639
400,56	25,7676404403997
400,7	23,6082627422049
400,83	18,6864185597862
400,96	12,9092124803338
401,09	13,818458080908
401,23	16,0688601935013
401,36	15,0061307188491
401,49	19,7045837137022
401,62	15,9171771939821
401,75	17,4888739162304
401,89	18,5751869179315
402,02	18,6261243885426
402,15	19,0600185140523
402,28	18,5986826111237
402,41	18,121149475276
402,55	16,9646796039014
402,68	17,367160071145
402,81	16,8100731811156
402,94	15,134250055223
403,08	14,6640616380565
403,21	14,1639415152718
403,34	13,6190820633745
403,47	12,9781348200436
403,6	13,0036454381848
403,74	14,0699502243648
403,87	15,3475571170899
404	15,2097650848635
404,13	14,185633255235
404,26	13,1106580201678
404,4	12,0643607381692
404,53	12,3041827714925
404,66	11,9314474624161
404,79	11,0703475972693
404,93	12,0715541455647
405,06	11,9958720879356
405,19	11,4124619481334
405,32	10,9789162677563
405,45	11,1200221465612
405,59	10,7423760956305
405,72	11,0022358295961
405,85	12,2133517210439
405,98	12,2267094159455
406,11	13,2081166596173
406,25	13,6478826586166
406,38	12,8422798726424
406,51	13,7240670167083
406,64	14,5963618790237
406,77	15,566904492067
406,91	16,3149634875995
407,04	15,7060594573011
407,17	15,826159441964
407,3	15,5559540858018
407,43	16,0202554610573
407,57	15,5705154361769
407,7	16,3733371094269
407,83	16,8828672408087
407,96	16,9203327885254
408,09	17,0720315573457
408,23	16,6045096974074
408,36	16,6291089404728
408,49	17,7352411035577
408,62	18,4011974647193
408,75	18,5116315540904
408,89	18,1392660732466
409,02	17,8391543991381
409,15	17,703894203838
409,28	17,2672456691776
409,41	17,1680435346502
409,55	16,2819929221386
409,68	16,2456449112204
409,81	16,2096708070909
409,94	16,517446153613
410,07	16,5297189948084
410,2	16,5123533637533
410,34	16,8178394524702
410,47	17,465789115579
410,6	17,4021885022237
410,73	17,7746977606327
410,86	18,2671729338576
411	19,179515681466
411,13	19,7334163686811
411,26	19,7087837337635
411,39	19,4751935319843
411,52	19,6862245032917
411,66	19,3541655334491
411,79	19,1441898646996
411,92	19,7851774837821
412,05	20,2648934128414
412,18	20,618620231345
412,31	20,3875342628907
412,45	20,4651995849948
412,58	20,7432415481793
412,71	21,1467926213344
412,84	21,7355138731433
412,97	22,1341441527721
413,11	23,1001820626703
413,24	23,4174895860983
413,37	23,5218874341088
413,5	23,6092226165746
413,63	24,1504153291734
413,76	24,6470455623507
413,9	23,932648883208
414,03	24,2723257628364
414,16	23,9914417787061
414,29	24,5283652302629
414,42	24,3380459396679
414,56	24,5983935402204
414,69	24,9019716048307
414,82	25,2894309632057
414,95	25,6641839618612
415,08	26,0949591492108
415,21	26,5766150635024
415,35	27,0932020572895
415,48	27,4683098624266
415,61	27,9891294013343
415,74	27,7732888656248
415,87	28,2498505156792
416	28,3895309776255
416,14	28,7505220789092
416,27	29,1058649526929
416,4	29,4372806505496
416,53	29,2688736347223
416,66	29,327917265339
416,79	29,8926420468378
416,93	29,2080606906608
417,06	29,1511335083116
417,19	28,9579795905412
417,32	29,0221751577758
417,45	28,886892799815
417,58	28,8305120974137
417,72	28,9396821651576
417,85	28,9233126706849
417,98	29,1859957169991
418,11	29,4728601934053
418,24	29,2958503875061
418,37	30,0766746700925
418,51	30,8170934650587
418,64	32,141328014475
418,77	32,216664821891
418,9	32,633706352398
419,03	33,0668819018646
419,16	33,1301948595004
419,29	32,8651607580309
419,43	33,0044823827698
419,56	33,209982360077
419,69	32,7682198264533
419,82	33,0055899387153
419,95	32,8658066731699
420,08	32,8124278870543
420,22	33,0934166952079
420,35	33,3662206069303
420,48	33,9105437621906
420,61	34,393695538103
420,74	35,0796281192596
420,87	35,1175244985648
421	34,990145042816
421,14	35,9494471741077
421,27	35,969885343375
421,4	36,4007234111623
421,53	36,801522390936
421,66	36,5240833752928
421,79	36,4818469860395
421,93	36,5752733407154
422,06	37,2967167255071
422,19	37,6430932658082
422,32	38,0636191173778
422,45	38,2802630228867
422,58	38,3731677799086
422,71	38,7144622394073
422,85	38,2123694251793
422,98	37,9781955372093
423,11	38,5347916589219
423,24	39,2840484910941
423,37	39,3803343536797
423,5	39,8021523186544
423,63	40,4037418625825
423,77	40,3783287983165
423,9	40,3265267238551
424,03	40,6850852246183
424,16	41,3107764271354
424,29	42,1302334570208
424,42	42,3144985839997
424,55	42,6937078874513
424,69	43,0085200917267
424,82	43,5951847365477
424,95	43,3510821766805
425,08	43,5577862073987
425,21	44,3577576574677
425,34	44,9420244894607
425,47	44,3984063617466
425,6	44,1257291153679
425,74	44,4604100541133
425,87	44,8781637850519
426	44,9213227072156
426,13	45,3603001436167
426,26	45,3866239307927
426,39	45,7054993913625
426,52	46,2525008197714
426,66	46,8361565061637
426,79	47,4360305086794
426,92	48,0940717165841
427,05	48,1734766398293
427,18	47,8294292211791
427,31	47,7923837087338
427,44	48,4070505897558
427,57	48,3577459394677
427,71	49,412271287809
427,84	49,7838119258488
427,97	49,8242019691424
428,1	49,3879046114903
428,23	49,2089653767671
428,36	49,2105809461326
428,49	49,4345838057591
428,62	49,8074922673008
428,76	50,8069735046351
428,89	50,8991493874704
429,02	51,2064490333147
429,15	50,7484030645494
429,28	50,9293502609247
429,41	51,0022664128162
429,54	51,5918494275707
429,67	51,5414078704406
429,81	51,5835416297734
429,94	51,870538214257
430,07	52,329181478393
430,2	52,2546551499458
430,33	52,9682717136801
430,46	53,0475070888083
430,59	53,3440171748448
430,72	53,5615621100997
430,85	53,9385771239564
430,99	54,2799184255358
431,12	54,9948368593908
431,25	55,2208550156827
431,38	55,5817704605141
431,51	55,5499190321816
431,64	56,1362743063858
431,77	55,9490979847063
431,9	56,3620371674623
432,03	56,9114460695716
432,17	57,2376829042242
432,3	57,7376997086853
432,43	58,3289791645436
432,56	58,5768172009254
432,69	59,5020916867826
432,82	59,9789597427507
432,95	61,0580399622627
433,08	61,318059494011
433,21	61,4191658908357
433,35	61,5317699787232
433,48	61,8549428188735
433,61	62,5186290321205
433,74	62,4877913976211
433,87	62,5991709553816
434	62,850235044639
434,13	63,1075597951938
434,26	63,5095712627366
434,39	63,4105430545611
434,53	63,6812430659785
434,66	64,5006771025026
434,79	64,893226848159
434,92	65,19891916317
435,05	65,1482448609859
435,18	65,9933418249096
435,31	65,8704696549645
435,44	66,0179498185245
435,57	66,401854651601
435,7	67,0869634373079
435,84	67,75119005901
435,97	67,7812137803793
436,1	68,0888875784367
436,23	68,0328072183133
436,36	68,2709414743511
436,49	68,8113509732384
436,62	69,1337232591448
436,75	69,4974892688879
436,88	69,6520841353893
437,01	69,7990428193465
437,14	70,1991542174806
437,28	70,5765001957052
437,41	71,3734173576473
437,54	71,8880895928022
437,67	72,9639381297866
437,8	73,2392877295752
437,93	72,8938449869402
438,06	72,5925724219988
438,19	73,2781075066595
438,32	73,9560800849397
438,45	74,5434537123072
438,58	74,5215455465795
438,72	74,8441573849888
438,85	74,9078558220922
438,98	75,4703421529882
439,11	75,2226545735528
439,24	75,6402301150321
439,37	75,9878394509965
439,5	76,9802869257866
439,63	77,1399554832267
439,76	77,4831414151312
439,89	77,5646347561694
440,02	78,1969088265722
440,15	78,5680742393906
440,29	78,7605363510875
440,42	78,8757501322238
440,55	79,4981807911487
440,68	80,0973850364779
440,81	80,6725750884552
440,94	80,9707192055778
441,07	81,504750663507
441,2	81,6665485633413
441,33	82,2244419183696
441,46	82,2307580311363
441,59	82,2989633237238
441,72	82,7798357879419
441,85	83,5218190083194
441,99	84,0275727250579
442,12	83,8003804905421
442,25	84,377802535469
442,38	84,4790080139848
442,51	84,7321468310118
442,64	85,292582843592
442,77	85,3341455935686
442,9	86,0116798346125
443,03	86,9570364455631
443,16	87,2079252307698
443,29	87,0377489009551
443,42	87,1168414134306
443,55	87,7446702110819
443,68	87,8752673979764
443,82	88,2562411959501
443,95	88,7960964058938
444,08	88,8525584508629
444,21	89,1836626552404
444,34	89,4059042812409
444,47	89,7801486037939
444,6	90,4749375431079
444,73	90,8996503361519
444,86	91,3839001420094
444,99	92,0219382042639
445,12	92,6017253759211
445,25	93,0923075230496
445,38	93,0921358899722
445,51	93,5772949248724
445,64	94,4654719162002
445,78	95,200382750984
445,91	95,4674023155464
446,04	96,2391392298801
446,17	97,1044393896209
446,3	97,4148223812904
446,43	97,6815149092153
446,56	98,0925056385266
446,69	98,3903843748684
446,82	99,1304021565392
446,95	99,8821592807238
447,08	100,167816236626
447,21	100,602434518462
447,34	101,029520968743
447,47	100,972433404425
447,6	101,29865728201
447,73	101,758029254575
447,86	102,170596389775
447,99	102,432696462248
448,13	102,920477939726
448,26	103,148061007334
448,39	103,230478466304
448,52	103,787649350734
448,65	104,445811482278
448,78	104,660842441123
448,91	105,452613743193
449,04	106,053353782112
449,17	106,20863794633
449,3	107,008124157512
449,43	107,904885094205
449,56	108,95921912151
449,69	109,698124612382
449,82	110,237408769701
449,95	110,810381248604
450,08	111,288666652862
450,21	111,93833211747
450,34	112,339114250172
450,47	113,006112388677
450,6	113,932717527692
450,73	114,387057258393
450,87	114,824872709523
451	114,995018188378
451,13	115,44519909109
451,26	116,177096165676
451,39	116,761016111901
451,52	117,563850611307
451,65	117,89559571848
451,78	118,281188698999
451,91	118,79136764836
452,04	119,105797816889
452,17	119,887754087688
452,3	120,588934885928
452,43	121,074225630469
452,56	122,034163103939
452,69	122,47283722079
452,82	122,992810657932
452,95	123,153517082556
453,08	124,11136257375
453,21	124,903020832443
453,34	125,707822176843
453,47	126,861844825756
453,6	127,400826523293
453,73	128,126306307612
453,86	129,244982287561
453,99	130,227898798418
454,12	131,274519866564
454,25	131,894352463499
454,38	132,832655369403
454,52	133,954787626818
454,65	134,815849953025
454,78	135,265465181129
454,91	135,618690413877
455,04	136,521287282058
455,17	137,254018250799
455,3	137,958480950009
455,43	138,557785463835
455,56	139,131844871559
455,69	139,929575226338
455,82	141,243539978756
455,95	141,597325601174
456,08	141,836959105443
456,21	142,560502037118
456,34	143,645884629235
456,47	144,37207134558
456,6	145,323594528278
456,73	146,06265536834
456,86	147,271695910988
456,99	147,718455901922
457,12	148,499715239054
457,25	148,684323404466
457,38	149,50567654386
457,51	150,979459544843
457,64	151,407296205238
457,77	152,191804238709
457,9	152,870522628134
458,03	153,152799085258
458,16	154,099997406889
458,29	154,736920517766
458,42	155,734614180374
458,55	156,803786790309
458,68	157,798034347399
458,81	158,65489854889
458,94	159,492481437156
459,07	161,139366125041
459,2	161,677272770235
459,33	162,629608857203
459,46	164,408811710853
459,59	165,438639471568
459,72	166,621178884185
459,85	168,364271926369
459,98	169,509853771984
460,11	170,456993967123
460,24	171,65376053207
460,37	173,061975674043
460,5	173,894947275392
460,63	175,431774095754
460,76	176,719248769307
460,89	177,756838545722
461,02	178,929355536776
461,15	180,321047436449
461,28	181,312175792576
461,41	182,314051838029
461,54	183,360418011825
461,67	184,616396155382
461,8	185,445246041028
461,93	186,535734102036
462,06	187,353812402398
462,19	188,602338031286
462,32	189,693408222948
462,45	190,462215343846
462,58	191,192721590712
462,71	192,147685659442
462,84	193,33107589238
462,97	195,382079422556
463,1	196,229175113471
463,23	197,07101206836
463,36	198,376441063017
463,49	199,895564160092
463,62	200,683735256201
463,75	201,789813295784
463,88	202,901970801999
464,01	204,225685439333
464,14	205,533136897344
464,27	207,030447200898
464,4	207,677159106312
464,53	209,226802074261
464,66	210,796420638083
464,79	212,211367892407
464,92	213,598418557663
465,05	214,982215233849
465,18	216,337789127996
465,31	218,379695978209
465,44	219,902450174108
465,57	221,57817479486
465,7	222,874375594935
465,83	224,965452282042
465,96	226,472755014959
466,09	227,929566187659
466,22	229,292826761514
466,35	231,03395435971
466,48	232,900954476102
466,61	234,821090305692
466,74	236,093232090835
466,87	237,407896287261
467	238,438857020084
467,13	239,881855598573
467,26	241,267201275629
467,39	243,184396026724
467,52	244,704742158163
467,65	246,771055573822
467,78	248,219080412269
467,91	250,336650049472
468,04	251,884466159485
468,17	253,480805446406
468,3	255,779695239087
468,43	258,196713698414
468,56	259,843734897571
468,69	262,139726538163
468,82	263,956121808835
468,95	266,398703031924
469,08	268,221281036907
469,21	270,200546435144
469,34	272,142936552274
469,47	274,200408591732
469,6	276,025991939571
469,73	277,996736674078
469,86	280,017135652883
469,99	281,932541874202
470,11	283,889364813913
470,24	286,109109281351
470,37	288,084492786149
470,5	290,028618076869
470,63	292,227449087325
470,76	294,09718106461
470,89	296,184477511747
471,02	299,117472070135
471,15	301,401900718997
471,28	303,584751561251
471,41	306,297430147483
471,54	308,643585329177
471,67	311,007915519104
471,8	313,397555940248
471,93	315,672044069165
472,06	317,795590054055
472,19	320,467291032059
472,32	323,210729500449
472,45	325,347637090365
472,58	328,13452861
472,71	330,065418182925
472,84	332,286520711768
472,97	334,329109090385
473,1	337,148270521187
473,23	339,428286661692
473,36	342,721298842396
473,49	345,393696410767
473,62	348,232943141558
473,74	350,647150067655
473,87	353,539761502304
474	355,573137121283
474,13	358,979043872473
474,26	361,616472788978
474,39	364,551003439909
474,52	367,431122422766
474,65	370,922586966753
474,78	373,296962978709
474,91	376,025857519791
475,04	378,237625239202
475,17	380,677727862936
475,3	383,40364482045
475,43	386,568497416258
475,56	389,400162272175
475,69	392,808469109855
475,82	396,146577424407
475,95	399,14922361516
476,08	401,849598821961
476,21	404,942918510878
476,34	408,23373334422
476,46	412,438918437338
476,59	416,215108788014
476,72	420,032759140191
476,85	423,201237454733
476,98	426,50533470806
477,11	429,659663194262
477,24	432,845937099725
477,37	435,927529144013
477,5	439,7031491959
477,63	443,413618214162
477,76	446,961447785868
477,89	449,826038743358
478,02	453,07767169695
478,15	456,005914085437
478,28	459,494745303738
478,41	462,907837752001
478,54	466,329619429706
478,66	469,529821103107
478,79	472,500071449687
478,92	474,926485318656
479,05	477,604994747581
479,18	480,982674003167
479,31	484,110207752186
479,44	487,124036186624
479,57	490,433302131382
479,7	494,024726438059
479,83	497,463136567366
479,96	500,710929100497
480,09	504,534343411296
480,22	508,641694957188
480,35	512,507806140289
480,48	515,875698224813
480,6	519,086209977443
480,73	522,905293506142
480,86	526,727338524038
480,99	529,838432899325
481,12	533,306555903629
481,25	536,839368425716
481,38	540,880082400629
481,51	544,20194975627
481,64	547,106847624281
481,77	550,373264296482
481,9	554,284247665232
482,03	557,636769684043
482,16	560,992101460511
482,29	564,310842677425
482,41	568,079276614672
482,54	571,057461629972
482,67	574,996552380169
482,8	578,487275002167
482,93	582,23663818571
483,06	585,760296173085
483,19	589,424580109885
483,32	592,647819176852
483,45	596,633457219896
483,58	600,101335897333
483,71	603,812292487902
483,84	607,297345750021
483,97	611,557187878339
484,09	614,528191143112
484,22	617,6242865102
484,35	620,885002464796
484,48	625,406797268609
484,61	629,009257020326
484,74	632,64079981381
484,87	635,75445796488
485	639,622219305725
485,13	642,528764543921
485,26	646,355972242417
485,39	649,309839075039
485,52	653,136702662311
485,64	657,068381704853
485,77	660,996962862007
485,9	663,591994831217
486,03	667,519439459436
486,16	671,224954846282
486,29	675,039146064596
486,42	677,943211870098
486,55	682,305292415347
486,68	685,523284362705
486,81	689,581505600298
486,94	693,033419047592
487,06	696,222109855588
487,19	699,121345319588
487,32	703,58617949764
487,45	706,811182779624
487,58	710,624587621204
487,71	714,462218002132
487,84	718,557209089689
487,97	721,915166764935
488,1	725,591887548582
488,23	729,118950856782
488,35	733,055201028739
488,48	736,658564197822
488,61	740,928623246956
488,74	744,286163880139
488,87	748,214742536559
489	751,344659532199
489,13	755,066064902529
489,26	758,571002177832
489,39	761,898698555031
489,52	765,979903268559
489,64	769,578839308957
489,77	772,575502321723
489,9	776,086469464537
490,03	779,494677085694
490,16	782,453365420964
490,29	785,821885511883
490,42	789,981147377101
490,55	793,478497462796
490,68	797,309236897669
490,81	800,995805599162
490,93	805,297822220303
491,06	809,288067018251
491,19	813,417680827073
491,32	817,419064803023
491,45	820,856989773341
491,58	824,980077280831
491,71	828,47133421531
491,84	832,274690391505
491,97	836,211119156615
492,09	839,624632349592
492,22	843,614210034639
492,35	846,437252719967
492,48	849,996273098412
492,61	853,314463571782
492,74	857,260097952477
492,87	860,448469967627
493	864,346426524394
493,12	868,042236456728
493,25	871,611117690914
493,38	874,473990766001
493,51	878,407657627211
493,64	882,052416988235
493,77	886,091882675312
493,9	889,165265646797
494,03	893,412942414531
494,16	896,537435674402
494,28	900,778186246439
494,41	904,487294024613
494,54	908,72770565271
494,67	912,665045136973
494,8	917,586413867601
494,93	921,068363909556
495,06	925,210670161818
495,19	928,279837173515
495,31	931,998860229157
495,44	935,13472036027
495,57	938,824282756815
495,7	942,357357683328
495,83	945,549152847351
495,96	948,907074137961
496,09	952,363574820258
496,22	955,671759070087
496,34	959,984964053112
496,47	963,313788997546
496,6	967,356395443081
496,73	972,264164874823
496,86	976,570482747641
496,99	980,188287615861
497,12	984,489436620383
497,24	988,781535704734
497,37	992,669528527822
497,5	996,220193917344
497,63	999,535365257632
497,76	1003,07641711212
497,89	1007,25679783029
498,02	1010,99646163097
498,15	1014,28236644104
498,27	1018,38844071066
498,4	1023,22811060002
498,53	1026,57457146205
498,66	1030,01798749836
498,79	1034,13884632097
498,92	1037,88885103641
499,05	1041,41174299891
499,17	1045,34773646549
499,3	1049,02255766341
499,43	1053,14696278083
499,56	1056,79616679534
499,69	1060,93579724167
499,82	1064,38991461435
499,95	1069,23800294036
500,07	1073,38492713574
500,2	1077,01960731043
500,33	1081,01374917288
500,46	1085,8941357624
500,59	1089,97920972451
500,72	1093,57633233293
500,85	1097,6022962659
500,97	1102,22924094835
501,1	1105,41422254738
501,23	1109,08912933552
501,36	1112,74914316916
501,49	1116,77965733983
501,62	1121,43358406324
501,75	1125,2158780212
501,87	1129,34567588663
502	1133,09773407096
502,13	1138,02888374204
502,26	1141,37475097766
502,39	1144,8151192738
502,52	1149,45392519822
502,64	1153,5122695164
502,77	1157,35831410527
502,9	1161,08601955037
503,03	1165,15125051017
503,16	1169,62236580572
503,29	1174,09205907793
503,42	1177,27642602838
503,54	1180,69832356252
503,67	1184,78140344517
503,8	1188,90229491214
503,93	1192,01039583653
504,06	1197,06497379221
504,19	1201,20581627771
504,31	1205,58428926687
504,44	1209,20216733968
504,57	1213,7919916316
504,7	1216,75054611454
504,83	1221,16466800344
504,96	1225,25465072644
505,08	1229,12745883188
505,21	1233,30640647443
505,34	1238,32317376539
505,47	1241,92930468011
505,6	1245,99665004941
505,73	1249,81472809181
505,85	1254,14415013294
505,98	1256,80825377865
506,11	1261,19771915945
506,24	1266,08723067719
506,37	1269,47595391066
506,5	1273,56879056176
506,62	1277,98769875533
506,75	1280,97462822411
506,88	1285,17741586344
507,01	1289,23106958305
507,14	1294,04831725187
507,27	1297,64328879042
507,39	1303,61845802046
507,52	1307,4936653428
507,65	1311,7883642877
507,78	1316,47511231986
507,91	1321,24495816401
508,04	1324,72529627156
508,16	1329,44853156525
508,29	1333,02718457554
508,42	1337,68936485022
508,55	1341,57227392543
508,68	1345,74037890361
508,81	1348,81461852648
508,93	1353,46344911166
509,06	1357,40370978946
509,19	1361,57973138436
509,32	1365,38368932586
509,45	1369,99116321098
509,57	1374,44888592474
509,7	1379,33843654855
509,83	1383,45643208832
509,96	1387,61730745801
510,09	1392,03701178379
510,22	1396,81727932135
510,34	1401,02005504566
510,47	1405,55891870608
510,6	1409,49617739403
510,73	1414,6623556605
510,86	1419,0191640825
510,98	1423,52083508057
511,11	1426,97153603307
511,24	1431,53574236627
511,37	1436,26990642087
511,5	1440,55423287274
511,63	1444,31278377692
511,75	1449,1885939908
511,88	1452,57744031173
512,01	1457,45136591149
512,14	1461,54696013202
512,27	1465,41090811291
512,39	1469,00682519455
512,52	1473,90362417824
512,65	1477,54399441871
512,78	1481,37973892124
512,91	1485,14100435696
513,03	1490,54873775375
513,16	1493,49846542691
513,29	1497,97176200772
513,42	1501,6900876102
513,55	1505,11524785875
513,67	1509,42589785309
513,8	1513,8629142109
513,93	1517,03970205029
514,06	1521,45993453162
514,19	1525,48278448818
514,31	1530,50809208726
514,44	1534,60044598868
514,57	1539,76016602705
514,7	1543,61611258624
514,83	1548,78752397975
514,95	1552,61500366243
515,08	1557,8160774865
515,21	1560,87684222425
515,34	1566,28507558641
515,47	1569,66494048559
515,59	1573,14844351013
515,72	1576,76375941726
515,85	1580,14233479728
515,98	1583,38597321301
516,11	1587,84518011295
516,23	1590,48676494024
516,36	1594,77558524842
516,49	1596,80829942286
516,62	1602,73076716554
516,75	1604,7152730521
516,87	1609,7379358784
517	1612,92001782632
517,13	1617,26985426802
517,26	1620,87042317418
517,39	1624,89043199127
517,51	1628,01662843103
517,64	1633,752123458
517,77	1637,59298512708
517,9	1642,85588712806
518,02	1645,90933133686
518,15	1651,90147456972
518,28	1655,14471493007
518,41	1660,95501529238
518,54	1664,45840002283
518,66	1668,14670269542
518,79	1673,35745917837
518,92	1677,73700875622
519,05	1680,47583099464
519,18	1686,36468714263
519,3	1689,50785023011
519,43	1694,37187354009
519,56	1697,95841474635
519,69	1702,64821513306
519,81	1705,98723145259
519,94	1710,89302395053
520,07	1714,95385302851
520,2	1718,72057886534
520,33	1723,25990016253
520,45	1728,93864027179
520,58	1733,22412412401
520,71	1738,76622391892
520,84	1742,30906244698
520,96	1747,27720623209
521,09	1751,18671228899
521,22	1757,31852364722
521,35	1761,51357165625
521,48	1766,78878659888
521,6	1771,51494472049
521,73	1777,29393764126
521,86	1781,21289948275
521,99	1785,15975004036
522,11	1789,71229510475
522,24	1795,08152993321
522,37	1799,15245929
522,5	1803,96082855618
522,62	1807,11991113832
522,75	1812,03288735605
522,88	1816,9790983558
523,01	1821,38963894448
523,14	1825,7004067318
523,26	1830,56611350747
523,39	1835,00287295722
523,52	1838,64307142832
523,65	1841,67995536538
523,77	1847,58563129886
523,9	1852,12377544089
524,03	1857,86097619811
524,16	1861,7446189628
524,28	1865,73088613106
524,41	1871,25676663523
524,54	1875,54682754892
524,67	1878,90842748192
524,79	1883,75995812839
524,92	1888,58064486864
525,05	1895,59901531212
525,18	1899,03888185187
525,31	1903,67231802191
525,43	1907,73857691992
525,56	1912,81808447183
525,69	1916,42412951031
525,82	1919,52188053118
525,94	1923,50724666466
526,07	1928,69647709935
526,2	1931,97486181359
526,33	1937,63890667803
526,45	1941,14357611309
526,58	1946,07710234282
526,71	1950,45533252023
526,84	1955,93887702069
526,96	1960,07076713726
527,09	1967,41142819122
527,22	1971,55732471468
527,35	1976,97371758473
527,47	1981,827914613
527,6	1988,29124188807
527,73	1992,00382906385
527,86	1996,14628804381
527,98	2001,10860479282
528,11	2007,00773801327
528,24	2011,01301529345
528,37	2017,08668220071
528,49	2020,21918861369
528,62	2026,50249359639
528,75	2030,81601704192
528,88	2035,14178364502
529	2038,42861600764
529,13	2043,86633606055
529,26	2047,95255405495
529,39	2053,04772195519
529,51	2055,99697137342
529,64	2060,75770900437
529,77	2063,93719353153
529,9	2069,7705546871
530,02	2073,65466668798
530,15	2078,95924731536
530,28	2083,68666488395
530,4	2089,01733870975
530,53	2092,85518446096
530,66	2097,84870055911
530,79	2100,04318519814
530,91	2104,88125548948
531,04	2108,71377315183
531,17	2114,57061407876
531,3	2117,76802042656
531,42	2122,52641709927
531,55	2126,52785940849
531,68	2131,24577036495
531,81	2134,78655471562
531,93	2140,63318178515
532,06	2144,90291204584
532,19	2151,79313248214
532,31	2156,84735455324
532,44	2161,86692259461
532,57	2166,06034320201
532,7	2171,31078229015
532,82	2176,43942479705
532,95	2182,71405644662
533,08	2187,83465473822
533,21	2194,70691059949
533,33	2198,75814798455
533,46	2205,0885611911
533,59	2209,08314320126
533,71	2215,55266400187
533,84	2219,27354607202
533,97	2225,53855689537
534,1	2229,37807378603
534,22	2234,51246873252
534,35	2237,63986233012
534,48	2243,29853055186
534,61	2246,93891839501
534,73	2253,14675189236
534,86	2257,259261936
534,99	2263,06597271089
535,11	2266,59783181354
535,24	2273,33624275152
535,37	2276,65177959652
535,5	2282,9683892212
535,62	2287,36623982385
535,75	2292,91428644649
535,88	2296,78416923514
536	2303,04140574089
536,13	2306,51109768988
536,26	2312,49453816658
536,39	2316,43404410135
536,51	2321,86584288557
536,64	2327,19139362158
536,77	2333,17317643048
536,89	2338,66864120959
537,02	2344,24205633053
537,15	2348,81860011501
537,28	2354,68309243286
537,4	2359,18482465068
537,53	2365,36167654231
537,66	2370,34778791263
537,78	2378,1724356679
537,91	2383,63515790446
538,04	2391,11760571821
538,17	2395,19187102113
538,29	2400,17394143223
538,42	2405,89212615971
538,55	2413,07520322911
538,67	2418,24045749488
538,8	2424,65106728339
538,93	2430,62244751788
539,05	2436,61742330917
539,18	2439,40150591081
539,31	2445,82690299861
539,44	2449,93363992473
539,56	2455,48739528318
539,69	2461,53871683823
539,82	2467,11693575594
539,94	2470,8840604761
540,07	2477,6655150836
540,2	2480,91395380075
540,32	2486,28327645693
540,45	2490,66095991197
540,58	2498,27766797505
540,71	2502,5596230883
540,83	2506,97925464754
540,96	2513,36822278036
541,09	2518,77060187554
541,21	2523,9592873957
541,34	2531,08257183271
541,47	2534,42540333808
541,59	2542,39168336703
541,72	2546,38424812718
541,85	2553,39010221831
541,98	2558,2285650012
542,1	2563,60180756869
542,23	2568,03060206664
542,36	2574,20656496238
542,48	2578,78420274867
542,61	2583,70274976839
542,74	2588,84620833711
542,86	2595,67718907764
542,99	2599,89921152758
543,12	2606,46427479107
543,24	2610,11856209078
543,37	2615,32834831776
543,5	2620,93259864777
543,62	2627,60208040388
543,75	2631,98582807528
543,88	2638,8946227522
544,01	2645,19249012773
544,13	2648,93070058141
544,26	2653,66998906196
544,39	2659,14106984331
544,51	2663,70141295981
544,64	2669,62461864765
544,77	2675,67575450362
544,89	2681,64343152136
545,02	2686,74041930409
545,15	2691,76244578284
545,27	2695,96936255448
545,4	2701,16106917394
545,53	2707,87650896161
545,65	2712,79466092975
545,78	2718,65003552893
545,91	2726,01146410358
546,03	2731,25601891417
546,16	2736,96428369264
546,29	2742,07382184477
546,41	2746,42155994132
546,54	2753,01959672668
546,67	2759,05424264259
546,79	2764,26309660597
546,92	2770,48488091948
547,05	2775,72957829938
547,17	2782,06993904712
547,3	2787,53954535371
547,43	2793,89609275651
547,56	2800,20649080271
547,68	2805,17136419834
547,81	2810,44846479944
547,94	2816,08153258414
548,06	2821,34741301238
548,19	2827,35460071332
548,32	2832,84667176857
548,44	2839,5101236372
548,57	2842,95645711506
548,7	2847,86142172991
548,82	2853,45636895526
548,95	2856,83828636002
549,08	2862,3985189033
549,2	2869,3529141705
549,33	2875,05036103419
549,45	2881,32202626695
549,58	2885,78300838539
549,71	2890,66701576501
549,83	2895,9951551419
549,96	2903,88473432642
550,09	2906,91363634341
550,21	2913,89481398001
550,34	2919,3657899243
550,47	2924,52549974781
550,59	2930,45266985951
550,72	2934,92678340918
550,85	2939,79333051187
550,97	2945,58276513783
551,1	2949,06912201872
551,23	2954,8167691621
551,35	2957,78444037534
551,48	2965,39979086116
551,61	2968,79841919674
551,73	2974,45910893336
551,86	2980,7019061716
551,99	2982,63377007987
552,11	2987,74224262602
552,24	2992,30027027967
552,37	2996,99263420146
552,49	3003,32271254496
552,62	3006,71107940274
552,75	3011,74697167777
552,87	3015,05454498914
553	3020,01274459894
553,12	3022,69889958278
553,25	3027,44766079694
553,38	3034,68393533133
553,5	3039,34007570196
553,63	3042,63583494497
553,76	3048,10656475809
553,88	3051,28299738027
554,01	3058,85562828178
554,14	3063,93426607603
554,26	3069,02912389321
554,39	3071,8753007288
554,52	3078,87165327617
554,64	3082,18439470979
554,77	3087,39678845987
554,89	3091,70885879397
555,02	3098,25549901934
555,15	3102,04775076282
555,27	3109,35937876975
555,4	3111,10511936682
555,53	3118,04674596745
555,65	3122,83815336537
555,78	3128,89974440085
555,91	3132,26865656494
556,03	3139,5270853522
556,16	3142,33102327169
556,29	3148,34235349399
556,41	3152,43070320195
556,54	3156,84260999677
556,66	3159,19593631231
556,79	3165,40142987908
556,92	3168,6454522313
557,04	3173,06186004955
557,17	3176,53852945729
557,3	3181,34516286029
557,42	3183,10792353658
557,55	3189,88020698998
557,67	3192,17409647413
557,8	3197,55855084987
557,93	3202,25752286817
558,05	3207,57976032595
558,18	3212,77086451015
558,31	3217,606188354
558,43	3221,60644742633
558,56	3228,1035595051
558,68	3232,44549416661
558,81	3237,8586457348
558,94	3243,46018148565
559,06	3249,9121522413
559,19	3254,60801338545
559,32	3261,49343303601
559,44	3267,48732346356
559,57	3271,70212585314
559,69	3275,09177005647
559,82	3281,43402174442
559,95	3285,03131228999
560,07	3292,9035481042
560,2	3298,70352278848
560,33	3302,15579035725
560,45	3305,51047088397
560,58	3311,07414230967
560,7	3314,89111863391
560,83	3320,53441531106
560,96	3327,28332687137
561,08	3333,64522775373
561,21	3339,18037698015
561,33	3345,78719915709
561,46	3348,61100796847
561,59	3355,00148423643
561,71	3360,7845158502
561,84	3367,91721198111
561,97	3373,72211544856
562,09	3378,96004693467
562,22	3381,98122213113
562,34	3387,37433671316
562,47	3392,88622771191
562,6	3398,39197770338
562,72	3404,17354060097
562,85	3409,40411101946
562,97	3412,64603297756
563,1	3418,78824273018
563,23	3423,27434909664
563,35	3426,96593260454
563,48	3430,67995303946
563,6	3437,77809100977
563,73	3439,8631877776
563,86	3445,03760914936
563,98	3449,62929093399
564,11	3453,00171664785
564,23	3456,59176213356
564,36	3464,04805290286
564,49	3468,53297872551
564,61	3473,29152867989
564,74	3477,95614754806
564,86	3484,7273346896
564,99	3488,64947306674
565,12	3494,55586724501
565,24	3498,76050200982
565,37	3504,67034150752
565,49	3508,84878252552
565,62	3514,67255266003
565,75	3517,45588775218
565,87	3522,23874489016
566	3526,14609581197
566,12	3531,24326608115
566,25	3535,13165014131
566,38	3539,93766072831
566,5	3544,28318187835
566,63	3549,07128718108
566,75	3551,03799967224
566,88	3557,30719915896
567,01	3561,18438742066
567,13	3569,80196874663
567,26	3572,51085813751
567,38	3578,7779668087
567,51	3583,12236160778
567,64	3587,60112242794
567,76	3591,55358065189
567,89	3596,89960943518
568,01	3600,28677607995
568,14	3607,81169756714
568,26	3610,28724928649
568,39	3618,07425808613
568,52	3618,1849155007
568,64	3624,32185662571
568,77	3627,84749651998
568,89	3633,30013052197
569,02	3637,73162829197
569,15	3644,11561718809
569,27	3648,56743924447
569,4	3654,65534696764
569,52	3655,59666706497
569,65	3661,39053663596
569,77	3664,33542163975
569,9	3670,35098802081
570,03	3673,30722131685
570,15	3678,80047872819
570,28	3680,61734276147
570,4	3686,98933088808
570,53	3689,05418778776
570,66	3693,1642189741
570,78	3695,45742329272
570,91	3703,59707898057
571,03	3707,16422893569
571,16	3711,69920420347
571,28	3714,48966406916
571,41	3720,23152605275
571,54	3723,54402087294
571,66	3728,96751312341
571,79	3731,69112225058
571,91	3736,92878020862
572,04	3741,21068648913
572,16	3746,27313014205
572,29	3750,09792519678
572,42	3756,28126472651
572,54	3761,67019688075
572,67	3767,7235040896
572,79	3769,51324656585
572,92	3774,89791451408
573,04	3780,49704016481
573,17	3785,18932002426
573,29	3790,72289284537
573,42	3796,29095181051
573,55	3799,45457590119
573,67	3804,09323359745
573,8	3806,42673183528
573,92	3809,80488544488
574,05	3812,15811762817
574,17	3818,60875284171
574,3	3822,19698842899
574,43	3826,1427354345
574,55	3829,8766393162
574,68	3834,63237192187
574,8	3837,75673609315
574,93	3844,43154783505
575,05	3846,91397007215
575,18	3854,07994856762
575,3	3857,54912030085
575,43	3862,24919020389
575,56	3865,98566730043
575,68	3871,0711025222
575,81	3874,91703993017
575,93	3879,945842019
576,06	3882,59335629085
576,18	3885,01375409313
576,31	3889,24721199708
576,43	3893,04262077642
576,56	3895,63971471002
576,69	3900,11840679162
576,81	3905,04621431994
576,94	3910,1887078225
577,06	3914,81259331234
577,19	3920,09531172039
577,31	3922,78464834047
577,44	3928,56162195436
577,56	3933,09355969716
577,69	3938,87258314654
577,82	3941,88631803112
577,94	3947,65888472365
578,07	3950,20346510227
578,19	3954,6885705521
578,32	3958,91717206767
578,44	3961,26210479475
578,57	3963,63984731212
578,69	3969,54284257643
578,82	3971,7409640164
578,94	3977,96734907294
579,07	3979,14051639185
579,19	3985,42263387248
579,32	3986,4960860523
579,45	3992,21198296223
579,57	3995,02640929151
579,7	3998,10420721093
579,82	4002,38219526538
579,95	4007,84532413869
580,07	4009,18716162027
580,2	4013,19925102127
580,32	4014,63498419743
580,45	4020,20892788805
580,57	4022,94818483077
580,7	4028,08281071881
580,82	4031,70224915074
580,95	4037,46465491805
581,08	4039,77608830211
581,2	4046,84593513975
581,33	4048,81171186265
581,45	4054,94158220781
581,58	4057,65134213854
581,7	4064,02740133453
581,83	4066,01872316388
581,95	4071,14677095862
582,08	4073,26704611656
582,2	4078,57850262217
582,33	4080,25379112491
582,45	4085,71603532067
582,58	4086,54983042808
582,7	4090,24787719672
582,83	4091,64819325591
582,95	4097,5880177339
583,08	4100,61077453089
583,21	4104,96218534368
583,33	4105,52239319542
583,46	4110,82672372759
583,58	4112,60216968002
583,71	4116,61846346789
583,83	4119,59619005796
583,96	4122,40793835294
584,08	4125,36631118699
584,21	4130,94121438868
584,33	4132,46389493893
584,46	4135,2301426178
584,58	4137,02928104798
584,71	4142,36981401986
584,83	4145,98565746336
584,96	4148,63959299852
585,08	4151,5625605558
585,21	4154,35586352758
585,33	4158,63416720055
585,46	4164,71745652043
585,58	4165,28347956438
585,71	4171,4503026745
585,83	4174,18182820421
585,96	4178,58244191098
586,08	4181,9194850829
586,21	4184,79071451587
586,33	4189,22145870349
586,46	4192,74301107978
586,59	4195,73717062422
586,71	4198,4619520017
586,84	4199,2500743508
586,96	4204,50420993011
587,09	4204,13492056424
587,21	4209,12328044586
587,34	4212,09575352337
587,46	4216,22391996699
587,59	4219,99417072137
587,71	4221,21202810435
587,84	4223,87391043756
587,96	4229,66870850124
588,09	4231,75437226134
588,21	4235,64966009488
588,34	4237,90121722671
588,46	4241,69802293915
588,59	4242,83322078696
588,71	4244,17088489391
588,84	4246,43209756571
588,96	4249,13471975305
589,09	4252,99889769251
589,21	4258,37513485896
589,34	4260,01075682981
589,46	4263,88677203434
589,59	4266,59687796274
589,71	4270,94830230969
589,84	4272,59135670315
589,96	4278,26909333155
590,09	4283,80397620181
590,21	4288,99958974595
590,34	4291,85020879514
590,46	4294,13224742555
590,59	4296,73769455531
590,71	4299,07932841509
590,84	4300,41857057431
590,96	4302,09956653198
591,09	4304,59195774108
591,21	4308,303095553
591,34	4309,46600113755
591,46	4311,29179983868
591,59	4308,18006549891
591,71	4310,62160129869
591,83	4315,59505566099
591,96	4317,46801866543
592,08	4320,2644206771
592,21	4326,69163826717
592,33	4329,04505825702
592,46	4331,94754345102
592,58	4334,96548576131
592,71	4339,30624742694
592,83	4340,26564596666
592,96	4347,80165755518
593,08	4349,84513734718
593,21	4352,85934721511
593,33	4354,77678851452
593,46	4359,75694135229
593,58	4360,77865745596
593,71	4366,46346462121
593,83	4368,92755177377
593,96	4374,79186073736
594,08	4373,68584402267
594,21	4380,15191836376
594,33	4381,71268581567
594,46	4384,34353984755
594,58	4386,66639055941
594,71	4391,95279062916
594,83	4391,01355177913
594,96	4395,38616565737
595,08	4397,31701238872
595,2	4401,15730046338
595,33	4400,96561935575
595,45	4407,29841554587
595,58	4407,046037243
595,7	4410,24770174076
595,83	4412,83199851077
595,95	4416,84623010596
596,08	4416,62269005593
596,2	4423,12283789446
596,33	4424,60162926925
596,45	4426,46256220712
596,58	4426,50257195176
596,7	4431,42838062132
596,83	4431,30714193854
596,95	4435,85625808318
597,08	4436,02597061467
597,2	4438,80409183713
597,32	4436,87726025258
597,45	4441,16573178867
597,57	4441,22285894186
597,7	4443,61549811602
597,82	4443,59105828473
597,95	4445,49732963141
598,07	4445,72235433086
598,2	4448,59569950127
598,32	4448,28602865857
598,45	4452,652599563
598,57	4455,47250917815
598,7	4459,39172835232
598,82	4459,12419230632
598,94	4462,48823366719
599,07	4462,52412571849
599,19	4468,84941936938
599,32	4472,33839098974
599,44	4476,93025767946
599,57	4479,7140441925
599,69	4485,95602624488
599,82	4487,67761951771
599,94	4492,48725108865
600,07	4496,19439512518
600,19	4500,02422564852
600,31	4500,25223183619
600,44	4504,88249682098
600,56	4506,00931044823
600,69	4507,55536697924
600,81	4507,68852204015
600,94	4510,06941011014
601,06	4510,80434462017
601,19	4514,3619828567
601,31	4510,90871537661
601,44	4512,92037628953
601,56	4512,85141439255
601,68	4518,79750626358
601,81	4519,12987550246
601,93	4519,62551375779
602,06	4521,82894784802
602,18	4523,68686047402
602,31	4524,91076679248
602,43	4525,35213458648
602,56	4524,80349544574
602,68	4530,58886710268
602,8	4531,24922217374
602,93	4535,5221710677
603,05	4535,28565486562
603,18	4538,88246974045
603,3	4544,6997623696
603,43	4549,57299569728
603,55	4552,72844301041
603,68	4558,51773915903
603,8	4561,54582663493
603,92	4567,85288505769
604,05	4570,63578714999
604,17	4575,76441458375
604,3	4576,39174728044
604,42	4581,12939024386
604,55	4582,43184723907
604,67	4585,14243145352
604,79	4586,65887314238
604,92	4590,15025467855
605,04	4588,71679407778
605,17	4592,26532671389
605,29	4592,67908153912
605,42	4595,02876591311
605,54	4596,37754692974
605,66	4598,78244331794
605,79	4598,67518660095
605,91	4600,34279714705
606,04	4599,70119193317
606,16	4601,969610052
606,29	4603,51016983807
606,41	4607,08551764603
606,53	4607,42289441464
606,66	4610,66636612672
606,78	4610,36907968587
606,91	4612,19268509742
607,03	4613,53386629279
607,16	4616,21009042223
607,28	4618,06700368071
607,4	4621,60419342771
607,53	4619,62455957706
607,65	4621,844407286
607,78	4624,43816801376
607,9	4626,91162172206
608,03	4625,60459051427
608,15	4629,54946530176
608,27	4628,66196825888
608,4	4631,93411468336
608,52	4631,60492836938
608,65	4634,89818593732
608,77	4632,86649344663
608,89	4637,71638913379
609,02	4634,59297393318
609,14	4634,71472142614
609,27	4636,60122239268
609,39	4639,20429605308
609,52	4636,82483490866
609,64	4639,74767967018
609,76	4639,02563929999
609,89	4640,3207999844
610,01	4639,70137228118
610,14	4641,68031485372
610,26	4641,02596694376
610,38	4644,37985795248
610,51	4643,68956404049
610,63	4643,36169591841
610,76	4639,15517233786
610,88	4642,90350274754
611,01	4640,40494157751
611,13	4643,17979704683
611,25	4644,58421490048
611,38	4645,73498463253
611,5	4646,13563133336
611,63	4646,12098337344
611,75	4644,5042641137
611,87	4644,96477669552
612	4645,77569980547
612,12	4650,44303690735
612,25	4649,3660492533
612,37	4653,09454752583
612,49	4651,53545938257
612,62	4652,48089585438
612,74	4650,79928629508
612,87	4651,94433090037
612,99	4651,31739576242
613,11	4652,69203962156
613,24	4652,92692458314
613,36	4652,22247394938
613,49	4652,9461232418
613,61	4654,97314140586
613,73	4653,23835729837
613,86	4653,79501112383
613,98	4652,57829232953
614,11	4655,37730887232
614,23	4655,75733459443
614,35	4660,34851799857
614,48	4660,40423198792
614,6	4662,09947363292
614,72	4661,22948975583
614,85	4661,62872806422
614,97	4660,10776762527
615,1	4663,01691773302
615,22	4663,80848426317
615,34	4665,10159190994
615,47	4664,52681542284
615,59	4666,70935129091
615,72	4663,9693775267
615,84	4666,26477766031
615,96	4665,94972325423
616,09	4669,46450528537
616,21	4670,68646076214
616,34	4670,2927863159
616,46	4670,02138838364
616,58	4670,92466816917
616,71	4670,87343529293
616,83	4674,28096181469
616,95	4673,28960827922
617,08	4675,89353186017
617,2	4673,41303763462
617,33	4675,97306583161
617,45	4674,92410388113
617,57	4674,73585836065
617,7	4677,49728562714
617,82	4677,95251932495
617,95	4678,03613739972
618,07	4678,64630285832
618,19	4678,18551948872
618,32	4678,84042560045
618,44	4676,46231658769
618,56	4679,91723344426
618,69	4680,13841110344
618,81	4681,19697125522
618,94	4680,31820469744
619,06	4681,44364005708
619,18	4679,88699863616
619,31	4680,72774114452
619,43	4680,0016606414
619,55	4680,46378527106
619,68	4679,67919955186
619,8	4680,47703745523
619,92	4678,48708495554
620,05	4675,94664130919
620,17	4675,50911766665
620,3	4674,70881193581
620,42	4672,42117781131
620,54	4672,91022857413
620,67	4671,86613616956
620,79	4672,26403337752
620,91	4667,9443074399
621,04	4669,51452080648
621,16	4667,2257864818
621,29	4666,93360524416
621,41	4666,72693743833
621,53	4669,07747641114
621,66	4670,78892200869
621,78	4671,95045483734
621,9	4670,31003351126
622,03	4671,13934102807
622,15	4670,2740460444
622,27	4674,18062476597
622,4	4670,85938057458
622,52	4674,08894831775
622,64	4675,16880127064
622,77	4676,30722289155
622,89	4673,54623888322
623,02	4673,14826280115
623,14	4670,68094144704
623,26	4673,24239938915
623,39	4672,06967339762
623,51	4673,34984707155
623,63	4670,88220354552
623,76	4673,46802541166
623,88	4672,91141362944
624	4673,41737896485
624,13	4673,56539545259
624,25	4675,57044475355
624,37	4675,99814193233
624,5	4676,84879843046
624,62	4677,11318811167
624,75	4682,1656979027
624,87	4679,88616767696
624,99	4682,33371907908
625,12	4681,98370196418
625,24	4682,82821083398
625,36	4680,31758147516
625,49	4681,60550561292
625,61	4681,19499466091
625,73	4682,2046489336
625,86	4680,43592337538
625,98	4679,50315567913
626,1	4675,82697181534
626,23	4679,50052585576
626,35	4678,14713632035
626,47	4678,16640045128
626,6	4677,7010235488
626,72	4683,02908875784
626,84	4679,5951817787
626,97	4680,21295411449
627,09	4679,04417331264
627,21	4682,90516777457
627,34	4681,54865162872
627,46	4683,27835394776
627,58	4679,95785040951
627,71	4679,06137517806
627,83	4677,97513718964
627,95	4679,89788311996
628,08	4677,0504271302
628,2	4681,3967124278
628,32	4679,77091622079
628,45	4679,51629000493
628,57	4677,43484364982
628,69	4680,55015836559
628,82	4679,46975719984
628,94	4681,52793276404
629,06	4683,65880928942
629,19	4685,0809145569
629,31	4683,25437166622
629,43	4685,33438817813
629,56	4683,10111044073
629,68	4685,01809335199
629,8	4685,73217983675
629,93	4688,8128507779
630,05	4687,16844816677
630,17	4688,2184248282
630,3	4687,47611067538
630,42	4689,07146248964
630,54	4688,44664903586
630,67	4689,92109836586
630,79	4687,22498426802
630,91	4688,35732735685
631,04	4686,16689051176
631,16	4686,83699613032
631,28	4686,30791675548
631,41	4687,58277672402
631,53	4686,90626665729
631,65	4689,19657808063
631,78	4684,30544245205
631,9	4685,90309982157
632,02	4684,25989958909
632,14	4687,38574562536
632,27	4685,17104522942
632,39	4687,28503069624
632,51	4686,62376253971
632,64	4687,23453406392
632,76	4687,27293027512
632,88	4689,06814420231
633,01	4685,56271477173
633,13	4689,77080729156
633,25	4688,89733230813
633,38	4691,64370238564
633,5	4690,32752357973
633,62	4693,45384639857
633,75	4692,35591216948
633,87	4694,70864264472
633,99	4695,33635622445
634,11	4696,66584069312
634,24	4693,29730705566
634,36	4696,36409194102
634,48	4696,81706817488
634,61	4697,98610075081
634,73	4695,37053101933
634,85	4698,3266521673
634,98	4697,37860571013
635,1	4699,91318371463
635,22	4699,45777562341
635,35	4701,29317967065
635,47	4699,96098835356
635,59	4703,54352679006
635,71	4705,16095133249
635,84	4704,8689895698
635,96	4701,95698531216
636,08	4705,40763742392
636,21	4699,9238824437
636,33	4701,21284531751
636,45	4700,89134075471
636,58	4700,24048930601
636,7	4697,62285777963
636,82	4700,84416163165
636,94	4700,40675365416
637,07	4701,20125486339
637,19	4700,78764342567
637,31	4704,96927737373
637,44	4702,57142632918
637,56	4708,85517804161
637,68	4706,98779383941
637,81	4710,20070651474
637,93	4710,28695432871
638,05	4713,67434223907
638,17	4711,19980849895
638,3	4711,39004378588
638,42	4710,68587379125
638,54	4713,40755334183
638,67	4711,27161637101
638,79	4714,83763825135
638,91	4713,12140212001
639,03	4715,60100446531
639,16	4712,38396867867
639,28	4716,04096314985
639,4	4712,92538706238
639,53	4713,18526109537
639,65	4713,72613142289
639,77	4713,46178747569
639,89	4712,66943047015
640,02	4716,67636663223
640,14	4714,92776977769
640,26	4717,04383909125
640,39	4716,22459801628
640,51	4718,33492772461
640,63	4718,2179417379
640,75	4719,29876228117
640,88	4720,3565992474
641	4723,15967899369
641,12	4723,92847620146
641,24	4725,81267943139
641,37	4724,57884216586
641,49	4727,21547855871
641,61	4725,69487139459
641,74	4729,30554657373
641,86	4728,16528390219
641,98	4726,40768970424
642,1	4727,4588122359
642,23	4730,11862918348
642,35	4727,01017015955
642,47	4726,41397771819
642,6	4723,26103652869
642,72	4723,32847220149
642,84	4721,50428833526
642,96	4724,02103239296
643,09	4722,47225122291
643,21	4724,79446746914
643,33	4726,61472949002
643,45	4727,61248037013
643,58	4728,72111816892
643,7	4729,25078380233
643,82	4730,9832174348
643,94	4734,30927707207
644,07	4736,11784794149
644,19	4738,94692504947
644,31	4736,14970685474
644,44	4738,11484629559
644,56	4736,5616636249
644,68	4737,48919893506
644,8	4735,85714448061
644,93	4736,12355474497
645,05	4736,26082616772
645,17	4739,50081031373
645,29	4737,91067970213
645,42	4738,510102882
645,54	4735,95005772195
645,66	4739,38337860761
645,78	4738,03649670566
645,91	4741,16073913727
646,03	4737,14398770817
646,15	4739,49673692229
646,27	4736,72306461356
646,4	4739,90498469227
646,52	4736,35532195113
646,64	4739,18016969221
646,76	4739,07545672639
646,89	4741,7242379514
647,01	4741,76424295297
647,13	4745,04748346394
647,25	4742,90594126098
647,38	4748,1290048645
647,5	4746,53566858124
647,62	4746,67192080567
647,74	4745,58725572696
647,87	4745,27588690578
647,99	4742,18317773046
648,11	4741,5031795077
648,23	4738,48861715836
648,36	4736,3728415484
648,48	4732,49396985511
648,6	4732,86126140146
648,72	4727,67793033762
648,85	4729,22557038354
648,97	4727,62167240492
649,09	4725,52123541498
649,21	4724,08056211744
649,34	4726,43773681332
649,46	4723,92617687956
649,58	4725,03991661095
649,7	4723,71632835639
649,83	4724,75786182171
649,95	4723,59253880419
650,07	4726,5546908616
650,19	4722,84263906323
650,32	4728,18175890721
650,44	4730,34083572779
650,56	4733,80955308826
650,68	4734,81854329572
650,81	4740,3675088295
650,93	4741,36847338364
651,05	4745,10209442362
651,17	4745,71640738213
651,29	4747,61903252493
651,42	4749,07974857344
651,54	4754,16536233576
651,66	4751,1163512418
651,78	4752,9629669736
651,91	4752,06571384199
652,03	4751,63074755182
652,15	4749,40913189144
652,27	4751,02121223538
652,4	4750,90326969725
652,52	4753,46719575983
652,64	4753,33879067311
652,76	4752,34126402391
652,88	4751,80829447673
653,01	4753,41284131019
653,13	4752,06030751959
653,25	4754,87238661908
653,37	4752,87345287573
653,5	4753,89646368272
653,62	4751,89938946193
653,74	4752,63726569998
653,86	4749,57673825384
653,98	4748,94031129198
654,11	4748,81472068941
654,23	4750,33874917484
654,35	4751,45725169613
654,47	4753,04248386422
654,6	4752,03615131311
654,72	4754,27774383573
654,84	4755,01655703387
654,96	4757,11913083911
655,08	4756,33989006226
655,21	4759,01777387786
655,33	4760,05032992543
655,45	4764,44816772291
655,57	4763,33588813305
655,7	4763,6980592903
655,82	4762,82151817693
655,94	4762,54653985446
656,06	4761,80495979129
656,18	4763,06173967217
656,31	4762,32708883678
656,43	4762,37221411745
656,55	4761,14755085649
656,67	4763,07931528548
656,79	4758,32059145672
656,92	4758,46819331012
657,04	4758,30297066969
657,16	4759,189475262
657,28	4760,01056619406
657,4	4763,37619945484
657,53	4760,97679783114
657,65	4762,56771092267
657,77	4762,82736767024
657,89	4765,06955418638
658,01	4763,28094574518
658,14	4766,13926771324
658,26	4765,72744533355
658,38	4765,28347773873
658,5	4765,88314590639
658,62	4767,54303028141
658,75	4767,17936886471
658,87	4769,37461154818
658,99	4767,50085785058
659,11	4770,05907340606
659,23	4767,04588110708
659,36	4768,20397825551
659,48	4768,8574138557
659,6	4768,35462185116
659,72	4767,31560908325
659,84	4765,90433178145
659,97	4764,14855939461
660,09	4762,7810952049
660,21	4760,11719590485
660,33	4762,16221513074
660,45	4758,63759810878
660,58	4760,00363746762
660,7	4758,52381027313
660,82	4758,04718680781
660,94	4756,97411526641
661,06	4759,72156559471
661,19	4758,49773575918
661,31	4758,2748168159
661,43	4756,80944202071
661,55	4757,48983708651
661,67	4755,21607825201
661,8	4756,99464464842
661,92	4756,14803417532
662,04	4755,94254797196
662,16	4754,91701008852
662,28	4756,35192399186
662,4	4753,17931644846
662,53	4754,67706936326
662,65	4754,16357000004
662,77	4755,52516282598
662,89	4755,59472306147
663,01	4758,04902361017
663,14	4756,53341770118
663,26	4757,76476579198
663,38	4759,840713485
663,5	4760,54453873785
663,62	4760,35473618005
663,74	4765,17074243598
663,87	4763,94291303115
663,99	4766,48749382892
664,11	4766,96809849095
664,23	4769,13274126121
664,35	4765,78163103626
664,48	4768,38304857146
664,6	4768,95384658193
664,72	4768,1078746509
664,84	4767,03329535691
664,96	4767,18040382704
665,08	4763,61207998082
665,21	4764,9521986463
665,33	4761,97847433796
665,45	4761,58221816107
665,57	4758,20579653802
665,69	4761,85105745
665,81	4759,05900899555
665,94	4757,18360273102
666,06	4754,39139655563
666,18	4756,61305978743
666,3	4756,0585565632
666,42	4754,82739641472
666,54	4751,29433813791
666,67	4752,75086865015
666,79	4750,26083582149
666,91	4751,83357071355
667,03	4747,02862499341
667,15	4747,16536139059
667,27	4745,89576061969
667,4	4746,74525910495
667,52	4742,52867445564
667,64	4743,30698095936
667,76	4741,59391149287
667,88	4744,14656302329
668	4739,96966142032
668,13	4739,87568662261
668,25	4736,76442665973
668,37	4741,13681328258
668,49	4737,49162915996
668,61	4738,49310166271
668,73	4736,85024632509
668,85	4737,51325583464
668,98	4733,34531479464
669,1	4735,12237566821
669,22	4732,42267285327
669,34	4732,21380995226
669,46	4729,27522473383
669,58	4728,30665822397
669,71	4721,95493525451
669,83	4719,85435600494
669,95	4716,02817753504
670,07	4713,64506460788
670,19	4709,71148698235
670,31	4709,77045190795
670,43	4703,3663515058
670,56	4701,33474716309
670,68	4699,02187033786
670,8	4696,24841704406
670,92	4693,57155557675
671,04	4693,71782239618
671,16	4693,23285693945
671,28	4692,52551078905
671,41	4692,32901696074
671,53	4691,66475940943
671,65	4689,24983774206
671,77	4690,96909868517
671,89	4690,31195661357
672,01	4692,48076427067
672,13	4692,47146472275
672,26	4694,06545642703
672,38	4692,70451414442
672,5	4696,16635961975
672,62	4694,43177336663
672,74	4694,92884360103
672,86	4694,20716965182
672,98	4695,8832313664
673,11	4693,61248366622
673,23	4693,42145165255
673,35	4691,88845507703
673,47	4692,47169486
673,59	4689,53081066783
673,71	4688,39620824601
673,83	4683,74376745054
673,96	4683,57493330829
674,08	4678,40457569768
674,2	4678,79088205494
674,32	4675,39558196908
674,44	4674,43887657682
674,56	4671,3294606416
674,68	4669,72823753494
674,8	4666,52802233419
674,93	4665,87313835293
675,05	4663,39883416315
675,17	4662,16271668483
675,29	4658,09319431319
675,41	4657,66846800384
675,53	4651,16966464371
675,65	4650,32656279657
675,77	4646,28643576321
675,9	4644,37908643815
676,02	4638,94420294083
676,14	4637,38820892893
676,26	4633,36549165894
676,38	4630,99610796656
676,5	4627,36298333085
676,62	4627,56803541514
676,74	4625,00883798463
676,87	4625,96218282681
676,99	4619,28217776353
677,11	4620,44424089822
677,23	4616,71140323633
677,35	4618,27292578328
677,47	4617,42117504816
677,59	4618,57859860975
677,71	4616,35292796124
677,83	4619,37554500896
677,96	4615,47767980814
678,08	4616,15611474863
678,2	4613,72893856808
678,32	4617,58135503511
678,44	4615,44291775877
678,56	4615,49447576388
678,68	4613,00048242218
678,8	4611,06347305064
678,93	4607,58610038777
679,05	4607,48000068564
679,17	4603,15121572418
679,29	4603,58745849244
679,41	4600,05126061849
679,53	4599,67652724434
679,65	4595,09791945515
679,77	4595,61886935665
679,89	4594,67411493496
680,01	4592,25400465265
680,14	4590,86278169143
680,26	4590,32835588751
680,38	4588,66426825618
680,5	4586,71740815567
680,62	4584,2996271211
680,74	4584,99181043506
680,86	4582,52585871085
680,98	4583,35224027464
681,1	4577,82281929907
681,22	4577,54881487965
681,35	4574,85139874216
681,47	4573,2535571033
681,59	4571,25894440476
681,71	4569,54908150043
681,83	4565,61231849685
681,95	4564,66457412292
682,07	4560,18621100469
682,19	4559,11456697197
682,31	4552,77639393404
682,43	4553,07166293915
682,56	4550,10257831833
682,68	4551,14359676655
682,8	4546,98006947318
682,92	4545,476710994
683,04	4543,90088364929
683,16	4542,93735511284
683,28	4541,50655645249
683,4	4541,48109236255
683,52	4538,05231636765
683,64	4540,02302993587
683,76	4537,02478979841
683,89	4533,66286408363
684,01	4528,13854085227
684,13	4526,33366645725
684,25	4521,03726114105
684,37	4516,85537759192
684,49	4513,60234250792
684,61	4508,046467971
684,73	4502,51906182609
684,85	4500,6813329203
684,97	4496,1036449819
685,09	4491,90425040012
685,21	4489,73053295946
685,34	4487,47803990488
685,46	4485,70356626451
685,58	4483,65972628662
685,7	4480,08578033521
685,82	4479,57497104496
685,94	4476,04906140734
686,06	4474,16392334379
686,18	4468,91151850129
686,3	4468,18974294039
686,42	4469,27573020574
686,54	4468,5602035182
686,66	4467,78172218924
686,79	4467,66919418408
686,91	4467,12909103407
687,03	4468,41083115695
687,15	4466,51859017485
687,27	4469,94085418212
687,39	4471,06383579595
687,51	4473,75214073767
687,63	4470,58814518986
687,75	4466,87264383339
687,87	4464,02997426464
687,99	4461,60999823949
688,11	4457,11054517182
688,23	4455,81478448992
688,35	4451,63792405534
688,48	4451,20061407628
688,6	4446,02439718478
688,72	4444,05850036577
688,84	4438,92188404293
688,96	4439,55618214026
689,08	4437,88731694211
689,2	4434,6855047976
689,32	4432,32395933542
689,44	4430,47932042288
689,56	4427,73428722672
689,68	4426,22746805637
689,8	4420,68416090453
689,92	4419,55292770329
690,04	4414,70476044523
690,16	4413,1334218442
690,28	4408,60285507994
690,41	4406,57320449981
690,53	4403,58779366405
690,65	4401,01951292657
690,77	4398,73120477033
690,89	4396,41691328337
691,01	4391,6449943905
691,13	4393,19646362003
691,25	4390,18375192462
691,37	4388,7439517723
691,49	4387,18662489752
691,61	4386,09289946548
691,73	4380,69051463029
691,85	4381,10013701688
691,97	4379,06072958366
692,09	4378,68691566569
692,21	4375,39264247635
692,33	4377,84420351359
692,45	4372,76190107823
692,57	4373,39638663183
692,7	4369,77969905704
692,82	4366,77182570332
692,94	4363,5517241341
693,06	4364,32150619938
693,18	4360,79043726417
693,3	4359,83458969599
693,42	4355,2522887258
693,54	4354,4293560839
693,66	4350,52024482554
693,78	4350,88292589961
693,9	4346,45152289787
694,02	4347,81109268673
694,14	4348,98370669031
694,26	4346,19930196334
694,38	4342,22754092921
694,5	4341,55958097887
694,62	4337,71362983602
694,74	4337,17483614101
694,86	4333,52060481716
694,98	4334,65643178397
695,1	4328,61747765629
695,22	4328,34980303693
695,34	4325,869405634
695,46	4322,02194324205
695,58	4320,04957686848
695,71	4320,97996354186
695,83	4319,57977513618
695,95	4319,0484936219
696,07	4316,15806908367
696,19	4318,30913628131
696,31	4314,38776029315
696,43	4315,42572915114
696,55	4311,37820863014
696,67	4307,91535925821
696,79	4303,33597083381
696,91	4301,79080635851
697,03	4297,7750170009
697,15	4293,57021098908
697,27	4289,27056750236
697,39	4289,2607459492
697,51	4281,52879475938
697,63	4279,09115568487
697,75	4273,72816073823
697,87	4271,33364745783
697,99	4267,72118709792
698,11	4266,38535653574
698,23	4264,17472094405
698,35	4261,88867535156
698,47	4258,70093120969
698,59	4258,91796792998
698,71	4251,48870953943
698,83	4250,47620993018
698,95	4246,58278318182
699,07	4247,1824648471
699,19	4244,15051433016
699,31	4244,86587858186
699,43	4241,76932208427
699,55	4241,40467916659
699,67	4240,04088609016
699,79	4241,55170312863
699,91	4237,24105077573
700,03	4238,49291578238
700,15	4237,12683874801
700,27	4236,85819090406
700,39	4232,64828016748
700,51	4230,7402419742
700,63	4226,03502806021
700,75	4226,10046286936
700,87	4221,29078288775
700,99	4220,16872230521
701,11	4216,42979241567
701,24	4215,87216270457
701,36	4214,19893973603
701,48	4215,44762642957
701,6	4213,12956489796
701,72	4214,09421329787
701,84	4213,73880682594
701,96	4214,8647836225
702,08	4212,65907766118
702,2	4214,2327459313
702,32	4210,66967187875
702,44	4209,92554906659
702,56	4208,41145559073
702,68	4205,45946855627
702,8	4200,04586486497
702,92	4199,40494495786
703,04	4195,96466418101
703,16	4194,299660409
703,28	4192,01245490004
703,4	4192,83391078715
703,52	4189,63560123991
703,64	4191,11901928863
703,76	4187,07763407154
703,88	4186,9751453002
704	4185,18497488057
704,12	4185,48259889214
704,24	4182,07625782663
704,36	4181,94057446057
704,48	4179,58728667037
704,6	4178,48450069972
704,72	4174,04402829994
704,84	4173,11354554726
704,96	4169,96051652834
705,07	4169,40997855614
705,19	4165,26213597002
705,31	4165,86407010898
705,43	4164,33386251542
705,55	4162,72231284566
705,67	4158,78494657528
705,79	4159,30074901003
705,91	4154,17577879799
706,03	4154,03880380337
706,15	4150,19491233371
706,27	4148,74540231146
706,39	4146,42612730815
706,51	4146,01001297195
706,63	4142,54687069557
706,75	4140,32311611281
706,87	4137,79831909622
706,99	4137,89005937279
707,11	4133,06709258184
707,23	4133,17033479844
707,35	4130,19274998439
707,47	4129,45961439417
707,59	4126,37413610066
707,71	4126,18971262692
707,83	4123,03629622939
707,95	4122,01578245594
708,07	4119,29811487383
708,19	4117,93079802605
708,31	4113,03751020875
708,43	4112,45968246793
708,55	4111,27550248016
708,67	4109,50457167939
708,79	4107,11373223016
708,91	4106,66559655504
709,03	4102,72406716869
709,15	4101,64811129695
709,27	4100,572167091
709,39	4100,6829462643
709,51	4098,52757045278
709,63	4099,89444757518
709,75	4096,07844656926
709,87	4095,64753774561
709,99	4094,31286390714
710,11	4092,85312558359
710,23	4089,03010809498
710,35	4089,37017307967
710,47	4085,40763813307
710,58	4079,98751678646
710,7	4077,79845262537
710,82	4075,97811163939
710,94	4071,10305170831
711,06	4071,45736888666
711,18	4064,9965527342
711,3	4063,36899255443
711,42	4061,04889807661
711,54	4059,66644626673
711,66	4054,90355631647
711,78	4055,26844779349
711,9	4054,85132923258
712,02	4052,98531651299
712,14	4049,75184966365
712,26	4049,81845985859
712,38	4046,47446039991
712,5	4047,09020775509
712,62	4042,77945730895
712,74	4041,45588922182
712,86	4037,21291076319
712,98	4035,82928167064
713,1	4031,68944839793
713,22	4030,63564481683
713,34	4026,39445349323
713,45	4026,04051083184
713,57	4023,56034754414
713,69	4021,26544670684
713,81	4017,95579223508
713,93	4016,92248712993
714,05	4012,98663371845
714,17	4012,30326722469
714,29	4010,53709472136
714,41	4012,39242954091
714,53	4009,25297870239
714,65	4007,97761167367
714,77	4005,02277464997
714,89	4004,41260247961
715,01	4001,92543664196
715,13	4002,41970283968
715,25	3999,76482442298
715,37	3998,74554937057
715,49	3996,33786656524
715,61	3994,27316161388
715,72	3988,41030213246
715,84	3986,783413564
715,96	3983,66736554049
716,08	3984,74289252135
716,2	3980,65367873733
716,32	3980,59798379272
716,44	3976,2005343353
716,56	3973,35340143261
716,68	3971,54383978017
716,8	3970,58807757259
716,92	3968,9643517688
717,04	3967,24536750777
717,16	3964,28807958719
717,28	3963,87049814981
717,4	3959,76297841902
717,52	3959,55947504113
717,63	3957,36673237732
717,75	3958,10244472678
717,87	3957,0226722057
717,99	3956,08082154511
718,11	3952,52784689278
718,23	3950,71289587561
718,35	3948,79492416411
718,47	3950,73784461363
718,59	3947,93060218787
718,71	3948,1934682603
718,83	3946,01181166779
718,95	3943,68878824179
719,07	3941,08719068839
719,19	3940,50064231362
719,3	3938,57949676774
719,42	3939,66600934839
719,54	3935,8427419715
719,66	3938,21789078023
719,78	3934,10910943533
719,9	3935,22990907522
720,02	3931,21292035758
720,14	3928,66352591749
720,26	3928,004001298
720,38	3925,43406736464
720,5	3924,38276394089
720,62	3920,52589450143
720,74	3917,53986735333
720,85	3918,64311354334
720,97	3913,74732691437
721,09	3912,83570496523
721,21	3908,56221873325
721,33	3907,61144391498
721,45	3906,93275356674
721,57	3906,63485390425
721,69	3903,71097451106
721,81	3901,69499414782
721,93	3901,41638144793
722,05	3900,18897681288
722,16	3898,4203636111
722,28	3898,27985471199
722,4	3896,77321230976
722,52	3896,2914116683
722,64	3894,30517947389
722,76	3893,84862706475
722,88	3890,42209241401
723	3890,07099440823
723,12	3889,8167462983
723,24	3890,29318912618
723,36	3888,95830889425
723,47	3888,94686184072
723,59	3885,73795477023
723,71	3885,77701342981
723,83	3883,95141867678
723,95	3884,57348988252
724,07	3881,33140751426
724,19	3880,12180697578
724,31	3877,13998068489
724,43	3875,45247029886
724,55	3873,26320117335
724,66	3873,8434234488
724,78	3871,9385614188
724,9	3872,36344465916
725,02	3869,7541402023
725,14	3868,84355365522
725,26	3865,81215541371
725,38	3864,77526230611
725,5	3862,88100263943
725,62	3863,30774847149
725,74	3859,38112656503
725,85	3858,26934043717
725,97	3853,3113111916
726,09	3851,55979635932
726,21	3849,61339112705
726,33	3847,91258798791
726,45	3845,4636201086
726,57	3845,38957489329
726,69	3843,91260970578
726,81	3843,29568797953
726,92	3841,85438360055
727,04	3841,77982466351
727,16	3838,4788082067
727,28	3838,9601596763
727,4	3835,54029819836
727,52	3835,09242026055
727,64	3831,34693206843
727,76	3830,96351135847
727,88	3826,85689706697
727,99	3826,0361457038
728,11	3822,76770296002
728,23	3822,19523381149
728,35	3820,3977581668
728,47	3820,98138551376
728,59	3818,51325537282
728,71	3818,04329055705
728,83	3815,06503322582
728,94	3815,20900402244
729,06	3812,97418004281
729,18	3812,0347502286
729,3	3808,74962593749
729,42	3809,67989574865
729,54	3806,26991750182
729,66	3806,9756702577
729,78	3802,74125304613
729,9	3802,24470559312
730,01	3798,92474821626
730,13	3797,82406182766
730,25	3795,47898136714
730,37	3793,70531789733
730,49	3790,24781885549
730,61	3790,56259165678
730,73	3786,99059423281
730,84	3786,43527239305
730,96	3784,38019335914
731,08	3785,45864111204
731,2	3783,01095522527
731,32	3783,24020510784
731,44	3780,89413109828
731,56	3780,70090434532
731,68	3778,96511407496
731,79	3780,60292349043
731,91	3776,35183107533
732,03	3777,74475240245
732,15	3775,21339939026
732,27	3772,96529889039
732,39	3771,15829665185
732,51	3770,63334601175
732,62	3767,78397939987
732,74	3766,61452614639
732,86	3765,43712167764
732,98	3764,35715328425
733,1	3760,30894256188
733,22	3761,0963829499
733,34	3757,29629686573
733,45	3757,13113498654
733,57	3753,78964565625
733,69	3751,09627560906
733,81	3745,66682802768
733,93	3745,63670487285
734,05	3743,13667750139
734,17	3741,33400670429
734,28	3737,90824977181
734,4	3737,98785312893
734,52	3734,57650848932
734,64	3732,9715264137
734,76	3729,33038064161
734,88	3728,21428339599
735	3723,56181448555
735,11	3725,63262353396
735,23	3722,90763897959
735,35	3721,2945032101
735,47	3717,87151855357
735,59	3718,72452667074
735,71	3713,95226609372
735,83	3713,90453791808
735,94	3711,0194259414
736,06	3709,12582179257
736,18	3708,61943452486
736,3	3709,08368124366
736,42	3705,71522762852
736,54	3703,61422029169
736,65	3701,64984849745
736,77	3697,92987909953
736,89	3694,51254467708
737,01	3694,67006682343
737,13	3690,17132207419
737,25	3689,54202323297
737,36	3687,92531132511
737,48	3685,27190573093
737,6	3682,30242041213
737,72	3681,30138127293
737,84	3680,37099893809
737,96	3678,26323278916
738,08	3677,36753146726
738,19	3677,61206656518
738,31	3674,78587806907
738,43	3675,02679568243
738,55	3671,85137236216
738,67	3669,80234643022
738,79	3666,87866725817
738,9	3665,50636038395
739,02	3661,7596216551
739,14	3660,51926137218
739,26	3658,85618866361
739,38	3658,38727673193
739,5	3652,70617289301
739,61	3651,69671213248
739,73	3649,64050456279
739,85	3648,42944622102
739,97	3647,74123418275
740,09	3645,85694172475
740,2	3643,5096485279
740,32	3641,41070338975
740,44	3637,34903082521
740,56	3635,27822442453
740,68	3631,40660504401
740,8	3630,90868019241
740,91	3627,88259345354
741,03	3624,90816715043
741,15	3622,29838346542
741,27	3619,08371613304
741,39	3616,53832807686
741,51	3614,76044723554
741,62	3612,77601765433
741,74	3610,51804780803
741,86	3608,23881553863
741,98	3607,75041021034
742,1	3603,64726378053
742,21	3600,93070597653
742,33	3597,69480234112
742,45	3594,38847626346
742,57	3590,77599441721
742,69	3588,15339556808
742,8	3582,85414080259
742,92	3581,42722464744
743,04	3578,9442528351
743,16	3575,30494780245
743,28	3571,54642030958
743,4	3570,03298501933
743,51	3567,92750249135
743,63	3565,24819189607
743,75	3561,84961989994
743,87	3561,03443686358
743,99	3557,29440825369
744,1	3556,84197914848
744,22	3550,81361695633
744,34	3549,47568862946
744,46	3545,47981631764
744,58	3542,75004978374
744,69	3540,12879262509
744,81	3538,96360181362
744,93	3536,66975343632
745,05	3535,22575379797
745,17	3530,72966631659
745,28	3529,09576329263
745,4	3525,92316563873
745,52	3526,66519715803
745,64	3522,77092143189
745,76	3522,23182673982
745,87	3518,49951930301
745,99	3517,12006393506
746,11	3512,87536179062
746,23	3511,14424003863
746,35	3508,35493987147
746,46	3507,22854935448
746,58	3504,37855200284
746,7	3504,41339416161
746,82	3500,93741018931
746,94	3497,09546513998
747,05	3493,40281095436
747,17	3492,73367124511
747,29	3488,53781270028
747,41	3486,28650990261
747,53	3483,94730205354
747,64	3481,42828506766
747,76	3479,60502074424
747,88	3477,17322277605
748	3473,04446766097
748,12	3471,20038627932
748,23	3469,14394635582
748,35	3468,26054766238
748,47	3464,85591183752
748,59	3462,48556725074
748,7	3460,89748552863
748,82	3457,74852498236
748,94	3455,73455016592
749,06	3453,04278304563
749,18	3448,45078121929
749,29	3448,03407559098
749,41	3444,81906668595
749,53	3443,16033780359
749,65	3439,07112561352
749,76	3437,45110926655
749,88	3434,12368706625
750	3432,35496301642
750,12	3429,50696718443
750,24	3427,05137073336
750,35	3424,93934902085
750,47	3423,92314041777
750,59	3419,55290891057
750,71	3417,37535946604
750,82	3414,47387623481
750,94	3412,68504883944
751,06	3408,86999356762
751,18	3408,46199335561
751,3	3402,72086464395
751,41	3401,27525041582
751,53	3397,13447425501
751,65	3392,14828180042
751,77	3389,85278067753
751,88	3387,70575764863
752	3383,76015678363
752,12	3380,89682394216
752,24	3376,152914973
752,35	3373,14665839707
752,47	3368,37702922424
752,59	3367,34160223111
752,71	3362,91977783621
752,83	3360,82832372475
752,94	3357,50260624889
753,06	3354,63578577439
753,18	3349,25508881573
753,3	3348,01831919316
753,41	3344,67624509589
753,53	3343,27994193533
753,65	3339,45091779557
753,77	3337,57528801122
753,88	3332,8581633192
754	3330,19007980464
754,12	3326,92064460843
754,24	3326,18107571147
754,35	3320,8817430268
754,47	3318,87357452388
754,59	3314,06158657189
754,71	3312,21663840859
754,82	3307,75561478039
754,94	3306,98859094523
755,06	3300,6498587083
755,18	3298,6959966212
755,29	3293,56801299941
755,41	3290,22640544722
755,53	3285,22159415601
755,65	3284,73490608134
755,76	3280,26263692415
755,88	3278,15621421455
756	3272,59924397491
756,12	3271,75391445531
756,23	3267,14382044851
756,35	3266,04040014351
756,47	3262,32011769238
756,59	3261,98229256792
756,7	3257,98129486563
756,82	3255,04614633793
756,94	3250,61708863517
757,06	3248,52361248869
757,17	3244,25105627797
757,29	3243,27657047936
757,41	3238,65683035063
757,53	3235,08241273599
757,64	3232,49905320565
757,76	3229,53820031033
757,88	3224,39136668115
758	3222,06088479167
758,11	3218,01513654568
758,23	3214,9742250802
758,35	3210,43514010625
758,47	3207,37359799317
758,58	3201,58085090685
758,7	3199,12409550546
758,82	3196,44569630665
758,94	3192,79368049125
759,05	3189,33615324173
759,17	3185,2459904999
759,29	3181,91947155265
759,4	3179,64380778882
759,52	3176,9809464872
759,64	3174,55319096888
759,76	3172,07047617538
759,87	3170,62555372564
759,99	3166,53496663
760,11	3163,96836194994
760,23	3159,79018251597
760,34	3157,25023086495
760,46	3153,77737469137
760,58	3151,16205039452
760,7	3147,75772321189
760,81	3145,08697377239
760,93	3140,95283879817
761,05	3137,19113823526
761,16	3132,97234414568
761,28	3131,87846749017
761,4	3127,70510211205
761,52	3125,73071522275
761,63	3123,19809295643
761,75	3122,85659122388
761,87	3120,45794468963
761,98	3119,18660433345
762,1	3114,18126549612
762,22	3112,77747487744
762,34	3109,10538294505
762,45	3107,74294341136
762,57	3101,77567490706
762,69	3099,2511114374
762,81	3095,38476091727
762,92	3091,75402261842
763,04	3086,84923907045
763,16	3082,28314360521
763,27	3076,20935751492
763,39	3074,55945124146
763,51	3069,35941190995
763,63	3066,19128056208
763,74	3061,22588935015
763,86	3058,25095203946
763,98	3054,10629980456
764,09	3051,27685404681
764,21	3046,54680109894
764,33	3044,29653743065
764,44	3039,41117548025
764,56	3036,95737166503
764,68	3032,22834734181
764,8	3029,51095290816
764,91	3025,5057524585
765,03	3023,66721673672
765,15	3020,38487974678
765,26	3018,17107857874
765,38	3014,27780690579
765,5	3011,22800688829
765,62	3006,85509373745
765,73	3006,04529102577
765,85	3002,06533195743
765,97	2999,76142102549
766,08	2997,202617851
766,2	2996,65101239425
766,32	2990,74259690645
766,43	2990,60562757581
766,55	2987,21906897
766,67	2984,89153271668
766,79	2982,27493811983
766,9	2979,19175434238
767,02	2974,12341139235
767,14	2971,79958167734
767,25	2968,03620110346
767,37	2965,49405422967
767,49	2960,70528433339
767,6	2959,66795820421
767,72	2953,9796290391
767,84	2949,98648132468
767,95	2945,14155241296
768,07	2942,41884465755
768,19	2938,91453151739
768,31	2937,07163958228
768,42	2934,23158347818
768,54	2931,03832648115
768,66	2927,11781218861
768,77	2922,68454445904
768,89	2918,2637614335
769,01	2915,21815939926
769,12	2912,56094369151
769,24	2909,85585760475
769,36	2904,18853832484
769,47	2901,94374886986
769,59	2897,22134850713
769,71	2892,86581266616
769,82	2888,92990496968
769,94	2886,71383877685
770,06	2882,53093148747
770,17	2878,87065417591
770,29	2873,81963191042
770,41	2870,95341148139
770,53	2866,85909084749
770,64	2865,3490170973
770,76	2860,87788398771
770,88	2858,25886941299
770,99	2854,39331790534
771,11	2851,94915680337
771,23	2845,89080183859
771,34	2844,15899640381
771,46	2839,72382840084
771,58	2837,39253022644
771,69	2832,90811624897
771,81	2830,2410753205
771,93	2825,27179059936
772,04	2821,71483251482
772,16	2817,31730037696
772,28	2815,54573692295
772,39	2811,13315767159
772,51	2809,91044497051
772,63	2805,22743474896
772,74	2803,05146163515
772,86	2799,34596283209
772,98	2795,89647903202
773,09	2791,74654680351
773,21	2789,77078093266
773,33	2787,17490100066
773,44	2785,9591413933
773,56	2781,51133093575
773,68	2778,7830935271
773,79	2775,32482320253
773,91	2773,47807895786
774,03	2770,87075477351
774,14	2769,05016722134
774,26	2765,39366113049
774,38	2764,45153443819
774,49	2760,92982075342
774,61	2758,33684811985
774,73	2753,17378290928
774,84	2751,89378227927
774,96	2747,68146850566
775,08	2743,43279147406
775,19	2740,34752274373
775,31	2738,16479608674
775,43	2734,49260010669
775,54	2731,69382578796
775,66	2727,83321151913
775,77	2725,70726027114
775,89	2721,80136775423
776,01	2721,04896096524
776,12	2715,93916903486
776,24	2714,8350565613
776,36	2711,11225908287
776,47	2708,24397656649
776,59	2702,89423525756
776,71	2699,05533126994
776,82	2695,07562156911
776,94	2691,93304173984
777,06	2687,74426833418
777,17	2686,11455247559
777,29	2681,76669564508
777,41	2679,20375699642
777,52	2673,82092361643
777,64	2672,72949279159
777,75	2669,18118653855
777,87	2667,94482401076
777,99	2666,14921004236
778,1	2666,39997502158
778,22	2663,61048458945
778,34	2662,02297291039
778,45	2657,96696419514
778,57	2656,06409069995
778,69	2652,89396726077
778,8	2651,43036908487
778,92	2647,29343674514
779,04	2645,09676922399
779,15	2641,99047215182
779,27	2638,64516701637
779,38	2633,0665475097
779,5	2630,96482770408
779,62	2627,72607263811
779,73	2625,24118216275
779,85	2620,65945650394
779,97	2618,11015182833
780,08	2615,2037423355
780,2	2613,99644534245
780,31	2609,9753411182
780,43	2606,51869117845
780,55	2602,16252589891
780,66	2599,92578789261
780,78	2596,12176680881
780,9	2593,11814377505
781,01	2588,35383432848
781,13	2586,57714519378
781,25	2583,09908043738
781,36	2580,47830241136
781,48	2575,56343978887
781,59	2573,54830936196
781,71	2569,23628804325
781,83	2568,67758571755
781,94	2564,96354908498
782,06	2560,68035727086
782,18	2556,27496225884
782,29	2554,28528059447
782,41	2550,47471525222
782,52	2547,38878872833
782,64	2542,43402080806
782,76	2539,96209075095
782,87	2535,10750182425
782,99	2532,72947778052
783,1	2528,10814451772
783,22	2526,33712559348
783,34	2522,68920076379
783,45	2519,74582137
783,57	2516,752147563
783,69	2514,67187947457
783,8	2511,96677321559
783,92	2511,40765099051
784,03	2507,57938908738
784,15	2505,90359934895
784,27	2502,24519346139
784,38	2498,31360982437
784,5	2494,29901391435
784,61	2492,0333211073
784,73	2488,95014130069
784,85	2486,19796365996
784,96	2481,48820375089
785,08	2478,50193583283
785,19	2473,73491535747
785,31	2471,21748964209
785,43	2467,78959452393
785,54	2465,21151181378
785,66	2463,68342925263
785,77	2461,05467967541
785,89	2456,93668463624
786,01	2453,18040567046
786,12	2447,77810941737
786,24	2444,16418435912
786,35	2437,63889367825
786,47	2433,23167953224
786,59	2428,1596053198
786,7	2422,81895167717
786,82	2417,88514418316
786,93	2413,55212885067
787,05	2407,37187895271
787,17	2403,58884596599
787,28	2398,8303495061
787,4	2396,07023234872
787,51	2392,67349279471
787,63	2391,67530924852
787,75	2388,45182189233
787,86	2388,24408491573
787,98	2386,24140776006
788,09	2384,90689366279
788,21	2380,91669162125
788,33	2380,2792429732
788,44	2377,86261123645
788,56	2376,30705044894
788,67	2373,15933863037
788,79	2371,60272369108
788,91	2369,20415145667
789,02	2368,89933646988
789,14	2364,80975257182
789,25	2363,19961669706
789,37	2360,1914304762
789,48	2359,84225570086
789,6	2356,42176029785
789,72	2355,91162875966
789,83	2353,98256538661
789,95	2353,40760384566
790,06	2350,90092301945
790,18	2348,83470957071
790,3	2345,26219553199
790,41	2343,70586295234
790,53	2341,36228372806
790,64	2340,10088859893
790,76	2337,08662565344
790,87	2335,10852285347
790,99	2332,47505171663
791,11	2331,35690575089
791,22	2328,69247031527
791,34	2326,11264489427
791,45	2324,01229422772
791,57	2322,72385079172
791,68	2319,22540307979
791,8	2317,16903640928
791,92	2313,00405057727
792,03	2310,41567068564
792,15	2307,53981717171
792,26	2304,59614510179
792,38	2300,95356072241
792,49	2298,7388881548
792,61	2295,41973535318
792,73	2292,49660324951
792,84	2288,10388661294
792,96	2286,37115085657
793,07	2283,03427464253
793,19	2282,65691618409
793,3	2279,48274827281
793,42	2278,2709496364
793,54	2275,21005514371
793,65	2272,39516764101
793,77	2269,13577240142
793,88	2267,03340679878
794	2262,65618258482
794,11	2260,36179029603
794,23	2255,32679615112
794,34	2252,32466964142
794,46	2247,95490258233
794,58	2246,01466663306
794,69	2242,5492320379
794,81	2240,2314133216
794,92	2237,62746102592
795,04	2234,59481640366
795,15	2231,28193319859
795,27	2231,08829524544
795,39	2227,94977500462
795,5	2227,18813492459
795,62	2223,50221024089
795,73	2221,55390049688
795,85	2217,6185191942
795,96	2215,9431320233
796,08	2211,68594162431
796,19	2209,30841948852
796,31	2206,61144259587
796,42	2204,03488922458
796,54	2200,05795859599
796,66	2197,44999441915
796,77	2194,28335840753
796,89	2193,52595520113
797	2191,48159832338
797,12	2190,63814461082
797,23	2187,15281349266
797,35	2186,23123965585
797,46	2182,87844902771
797,58	2180,52673089064
797,69	2178,00313420305
797,81	2175,60120205132
797,93	2173,31494070843
798,04	2170,86584490972
798,16	2166,76047926712
798,27	2162,9455467892
798,39	2159,26019570469
798,5	2156,28890648165
798,62	2151,96351914829
798,73	2149,51828966586
798,85	2146,42416920553
798,96	2144,74789221115
799,08	2141,60760385781
799,19	2139,01181659018
799,31	2135,86454806141
