Wavelength (nm)	Intensity
400,03	881,36329549734
400,17	881,997141658006
400,3	882,630800864237
400,43	883,264273116034
400,56	883,897558413395
400,7	884,530656756321
400,83	885,163568144812
400,96	885,796292578868
401,09	886,42883005849
401,23	887,061180583676
401,36	887,693344154427
401,49	888,325320770743
401,62	888,957110432624
401,75	889,58871314007
401,89	890,220128893081
402,02	890,851357691657
402,15	891,482399535798
402,28	892,113254425504
402,41	892,743922360775
402,55	893,374403341611
402,68	894,004697368012
402,81	894,634804439978
402,94	895,264724557509
403,08	895,894457720605
403,21	896,524003929266
403,34	897,153363183491
403,47	897,782535483282
403,6	898,411520828638
403,74	899,040319219559
403,87	899,668930656044
404	900,297355138095
404,13	900,925592665711
404,26	901,553643238892
404,4	902,181506857637
404,53	902,809183521948
404,66	903,436673231824
404,79	904,063975987264
404,93	904,69109178827
405,06	905,31802063484
405,19	905,944762526976
405,32	906,571317464676
405,45	907,197685447942
405,59	907,823866476772
405,72	908,449860551168
405,85	909,075667671128
405,98	909,701287836653
406,11	910,326721047744
406,25	910,951967304399
406,38	911,57702660662
406,51	912,201898954405
406,64	912,826584347755
406,77	913,07252031611
406,91	911,8302980667
407,04	913,345698804832
407,17	914,98294809481
407,3	915,490204550552
407,43	916,7223338897
407,57	917,519188165418
407,7	917,665465090199
407,83	918,60430727733
407,96	918,097105030892
408,09	920,189086656239
408,23	920,990683392611
408,36	922,071003009038
408,49	922,624525943857
408,62	923,026361352641
408,75	923,455231352262
408,89	925,292916303281
409,02	925,737483808575
409,15	926,075484991218
409,28	927,220231419259
409,41	927,700865245748
409,55	927,950158042989
409,68	929,324427254376
409,81	930,38897682778
409,94	930,701593130187
410,07	931,666601190216
410,2	932,962101013985
410,34	934,119005782132
410,47	934,590650709731
410,6	936,012178713017
410,73	936,709473263831
410,86	937,489997611412
411	938,344503910586
411,13	937,841231212442
411,26	938,856709410747
411,39	939,436713797594
411,52	938,960587458746
411,66	940,137984503305
411,79	940,919044366573
411,92	940,567076070714
412,05	940,980032490628
412,18	940,54919678764
412,31	941,262405669693
412,45	942,302434053114
412,58	942,125958683247
412,71	944,341270542589
412,84	944,83447207245
412,97	945,467349179578
413,11	944,212795032902
413,24	944,45622790046
413,37	944,95314042278
413,5	944,242408722426
413,63	943,110236429468
413,76	942,280406153237
413,9	942,251728481586
414,03	943,207457132121
414,16	944,538835341787
414,29	945,747711394441
414,42	947,659131753952
414,56	948,007431224676
414,69	948,101163964941
414,82	947,178804196925
414,95	948,660998715406
415,08	949,31279174131
415,21	949,860506718633
415,35	952,101815804881
415,48	952,913109050711
415,61	953,539575856615
415,74	953,804147906053
415,87	953,988718166962
416	955,577836970104
416,14	956,861264099226
416,27	956,797774010412
416,4	958,848236074093
416,53	960,688756716449
416,66	961,795323009971
416,79	963,108459424584
416,93	964,280573098086
417,06	964,81800108943
417,19	965,661534190312
417,32	966,684501259834
417,45	967,279131014073
417,58	966,965175832147
417,72	967,615823489145
417,85	968,418344609219
417,98	969,369042356663
418,11	970,202916722741
418,24	970,679260825111
418,37	970,638834036802
418,51	971,04656952103
418,64	970,394225307968
418,77	970,654234617636
418,9	970,558042749906
419,03	970,653693480028
419,16	971,760131570439
419,29	972,54935791249
419,43	972,041711097324
419,56	972,135920494962
419,69	973,657462153982
419,82	973,984609958084
419,95	974,194897095535
420,08	973,778623870154
420,22	974,93307794663
420,35	975,802724429725
420,48	974,476529060674
420,61	974,328442407347
420,74	974,631861013286
420,87	974,834363624712
421	975,941516450674
421,14	976,262372864471
421,27	978,282097605877
421,4	978,316014459699
421,53	977,898957427782
421,66	978,219880541452
421,79	979,19794310499
421,93	980,700930192049
422,06	979,420408763207
422,19	977,387083283087
422,32	978,273477050618
422,45	979,937235226436
422,58	979,99743449879
422,71	979,333053122788
422,85	981,652503834849
422,98	982,459862545478
423,11	983,027371311889
423,24	983,194034558796
423,37	984,233289727031
423,5	985,210196796379
423,63	984,734316820032
423,77	985,253356479337
423,9	986,494458865305
424,03	987,479666430721
424,16	987,872124299809
424,29	988,338490050947
424,42	989,461792256895
424,55	990,064982566219
424,69	989,593324472253
424,82	989,483467630259
424,95	989,659505923408
425,08	989,965802545303
425,21	989,431119566325
425,34	989,082613587573
425,47	990,724536185657
425,6	992,138278748264
425,74	992,182874537939
425,87	992,635313956639
426	993,950078170924
426,13	993,929718950536
426,26	993,778570156045
426,39	995,300715725941
426,52	996,858561609559
426,66	997,570192543527
426,79	999,209752256779
426,92	1001,22347463873
427,05	1004,57757319421
427,18	1006,31410407837
427,31	1007,74913875659
427,44	1007,60294062028
427,57	1009,44312614368
427,71	1009,47401960973
427,84	1010,0352471519
427,97	1011,18259724031
428,1	1013,38093788214
428,23	1014,94570823684
428,36	1016,24542972161
428,49	1016,43203204204
428,62	1017,86190782379
428,76	1018,78259016193
428,89	1018,78054798295
429,02	1020,48896615487
429,15	1022,4329353479
429,28	1024,41017801392
429,41	1024,64831161757
429,54	1025,19239975648
429,67	1027,51464174961
429,81	1028,76584913443
429,94	1029,56005080702
430,07	1030,10345930515
430,2	1031,12481798665
430,33	1032,08122582355
430,46	1033,43872370732
430,59	1034,62299162538
430,72	1036,76129798805
430,85	1038,48733533159
430,99	1038,65006983999
431,12	1038,51222500502
431,25	1039,35153589728
431,38	1040,4033378367
431,51	1039,70131828523
431,64	1040,05579064314
431,77	1040,97782677491
431,9	1042,4948622804
432,03	1042,77193256025
432,17	1042,57588481761
432,3	1043,12907651348
432,43	1043,40257923851
432,56	1043,6735281198
432,69	1043,34934237501
432,82	1043,46113024506
432,95	1043,39642364236
433,08	1043,17958641301
433,21	1044,23692089403
433,35	1046,40841204897
433,48	1047,88173734849
433,61	1048,0024196342
433,74	1049,31084862467
433,87	1051,32930501982
434	1052,20093207962
434,13	1052,05825336514
434,26	1050,93438697462
434,39	1051,87347754581
434,53	1052,69868518114
434,66	1052,53806470744
434,79	1054,20596458481
434,92	1055,77096727925
435,05	1056,90454423112
435,18	1056,79281277254
435,31	1059,7050952202
435,44	1061,79034986411
435,57	1062,74152868491
435,7	1062,32978109461
435,84	1063,24295262148
435,97	1065,72080519314
436,1	1067,6332882531
436,23	1068,91034828531
436,36	1070,18422494677
436,49	1072,47412936245
436,62	1073,9367562096
436,75	1074,70232187102
436,88	1075,50457333695
437,01	1077,87348604569
437,14	1078,52457750824
437,28	1079,76499922808
437,41	1081,02432106706
437,54	1081,35314431443
437,67	1082,18831268952
437,8	1082,81292624797
437,93	1084,29024643824
438,06	1086,15239698339
438,19	1086,92230720742
438,32	1087,67796431099
438,45	1088,81100101661
438,58	1090,53794608781
438,72	1091,51835720465
438,85	1092,01473329663
438,98	1092,68743647957
439,11	1093,97246874008
439,24	1095,28660038625
439,37	1097,46894352154
439,5	1097,14007750678
439,63	1098,32310094116
439,76	1100,1720878884
439,89	1101,07857171737
440,02	1101,93714821773
440,15	1103,30933178949
440,29	1103,94087461368
440,42	1104,23345759819
440,55	1103,88005778054
440,68	1105,05865378577
440,81	1105,76742199074
440,94	1106,50740476378
441,07	1107,21595425562
441,2	1108,48174614549
441,33	1108,86121299509
441,46	1109,64599934751
441,59	1110,22062323514
441,72	1111,67334211868
441,85	1112,56519424758
441,99	1113,4119673812
442,12	1114,8480208215
442,25	1116,15684359698
442,38	1117,23494738989
442,51	1117,40203674348
442,64	1119,56775385888
442,77	1121,95419342905
442,9	1122,69104972633
443,03	1123,25319708476
443,16	1123,38589655665
443,29	1124,86013080143
443,42	1126,43947071212
443,55	1126,99971309558
443,68	1127,1952009065
443,82	1127,69796531886
443,95	1127,92532693075
444,08	1128,06594569748
444,21	1129,72966014466
444,34	1131,26464396925
444,47	1131,51828892015
444,6	1131,02959240779
444,73	1131,43007337627
444,86	1133,4899763355
444,99	1133,83355558857
445,12	1134,62081121704
445,25	1136,12802166624
445,38	1138,3947196642
445,51	1140,27751870527
445,64	1139,99930192631
445,78	1140,23654818686
445,91	1142,78675724077
446,04	1145,11211321326
446,17	1146,06153262317
446,3	1148,65069376258
446,43	1149,12110755347
446,56	1150,51078116161
446,69	1152,39755560022
446,82	1153,10095814436
446,95	1155,41425253205
447,08	1155,88334804354
447,21	1155,80202713669
447,34	1157,72026113679
447,47	1160,64562731613
447,6	1162,18963380027
447,73	1163,89278728455
447,86	1166,71240918849
447,99	1169,17448594374
448,13	1170,69237192069
448,26	1172,124132689
448,39	1174,2424148745
448,52	1175,83485050058
448,65	1178,21580202098
448,78	1180,35365975432
448,91	1182,22913551161
449,04	1184,2766789242
449,17	1186,61813363278
449,3	1187,1583561327
449,43	1188,40664702198
449,56	1190,06401549087
449,69	1191,1959886746
449,82	1192,63906328303
449,95	1194,51155460983
450,08	1196,72640929336
450,21	1197,92043147227
450,34	1199,09557544881
450,47	1199,12082280461
450,6	1200,1095429174
450,73	1201,08420528461
450,87	1201,11702116814
451	1201,10167472087
451,13	1201,69684819938
451,26	1202,75183311923
451,39	1203,77504065552
451,52	1204,69080932365
451,65	1206,49365102724
451,78	1207,81464024655
451,91	1208,85096434886
452,04	1210,39050747599
452,17	1212,01457523034
452,3	1212,96367075348
452,43	1212,43403924858
452,56	1210,99707600663
452,69	1214,03230314099
452,82	1215,95206569783
452,95	1215,36036853588
453,08	1215,31894410994
453,21	1215,61468796588
453,34	1216,41628215637
453,47	1216,2654659699
453,6	1217,45331671808
453,73	1219,56687002875
453,86	1221,57999916108
453,99	1222,09745853615
454,12	1223,89257398944
454,25	1225,96108776897
454,38	1227,35658207568
454,52	1228,95023739073
454,65	1229,99185409221
454,78	1231,71999995922
454,91	1233,75608629212
455,04	1234,089629227
455,17	1236,55795706367
455,3	1238,54647750795
455,43	1239,52437902819
455,56	1240,74839966327
455,69	1242,11239661054
455,82	1243,94377477359
455,95	1246,34932839303
456,08	1248,02693283115
456,21	1250,25410295981
456,34	1253,15085634971
456,47	1255,7969192861
456,6	1257,04580973437
456,73	1259,48935760372
456,86	1261,37199202445
456,99	1263,2270911596
457,12	1265,73138416948
457,25	1267,81415284635
457,38	1269,9870888584
457,51	1271,46505295966
457,64	1274,12035472868
457,77	1275,41075497453
457,9	1279,74309018669
458,03	1281,76575906717
458,16	1283,9030237548
458,29	1285,85704136627
458,42	1287,73908243252
458,55	1289,98654323491
458,68	1291,77348549224
458,81	1295,16822829662
458,94	1298,78276939927
459,07	1301,19623102893
459,2	1303,64841236357
459,33	1305,34946638353
459,46	1307,11217778088
459,59	1310,3066866376
459,72	1311,50699335565
459,85	1312,67539258198
459,98	1316,16635700657
460,11	1318,68958372148
460,24	1321,96084242016
460,37	1325,25933617634
460,5	1327,98210931579
460,63	1330,77458348553
460,76	1333,31642681744
460,89	1336,64942450167
461,02	1340,2581095896
461,15	1342,82453150169
461,28	1344,69260017652
461,41	1347,41789853743
461,54	1349,3932810116
461,67	1352,41884029374
461,8	1354,92308713978
461,93	1358,02866546655
462,06	1361,90218046076
462,19	1364,29919251731
462,32	1366,06712067906
462,45	1369,63544391915
462,58	1372,73515783035
462,71	1374,88423034731
462,84	1376,50408247621
462,97	1377,05204652504
463,1	1377,95041401227
463,23	1380,42605181489
463,36	1382,54616563404
463,49	1384,5749437604
463,62	1388,19163061355
463,75	1390,62499791144
463,88	1392,74044168495
464,01	1396,22267107682
464,14	1399,97591406325
464,27	1403,09127754523
464,4	1404,8833385591
464,53	1406,24693104262
464,66	1409,2552018095
464,79	1412,06689002881
464,92	1413,59806045459
465,05	1416,18997260697
465,18	1418,71621458262
465,31	1422,19318601569
465,44	1424,28447884789
465,57	1427,98064339249
465,7	1432,69924449532
465,83	1435,77142173441
465,96	1436,95109470753
466,09	1440,21297811529
466,22	1444,86509676987
466,35	1449,61599574715
466,48	1453,45649549809
466,61	1458,62364212538
466,74	1462,25774724657
466,87	1466,61762413523
467	1468,89046558248
467,13	1472,65957368941
467,26	1476,32668958546
467,39	1479,6507442084
467,52	1484,14144819531
467,65	1488,70380280747
467,78	1492,98589120271
467,91	1496,55696845607
468,04	1500,49444266951
468,17	1505,87814234822
468,3	1509,39661317394
468,43	1514,41326192037
468,56	1519,12489643722
468,69	1522,31311418326
468,82	1527,21940685525
468,95	1531,31996485862
469,08	1534,9321434726
469,21	1540,14347631656
469,34	1544,06099079811
469,47	1549,01617614965
469,6	1551,81699249342
469,73	1556,27270304895
469,86	1560,53438369468
469,99	1565,23805932438
470,11	1569,21969805913
470,24	1573,53488897434
470,37	1578,73823022496
470,5	1583,81158764809
470,63	1588,17761664904
470,76	1592,58286681289
470,89	1599,55454605461
471,02	1604,58249693125
471,15	1609,40182498056
471,28	1615,08065879598
471,41	1621,16186023263
471,54	1626,93786573803
471,67	1631,53837659882
471,8	1636,46130842793
471,93	1641,03528714619
472,06	1646,03791212325
472,19	1649,92419417476
472,32	1654,72694755883
472,45	1661,22971257126
472,58	1666,50786838878
472,71	1671,52170404225
472,84	1677,87609739032
472,97	1683,52168544621
473,1	1688,54946801476
473,23	1693,61752400094
473,36	1698,51586366986
473,49	1704,49260123682
473,62	1709,83528468769
473,74	1713,55666689387
473,87	1718,03069578414
474	1722,65672431903
474,13	1727,60616894311
474,26	1733,38109192278
474,39	1739,47817150065
474,52	1745,18148676227
474,65	1751,23677345404
474,78	1756,48506983708
474,91	1761,13627603926
475,04	1766,4115990667
475,17	1771,67274010119
475,3	1776,91835900483
475,43	1783,20276528041
475,56	1788,41655041815
475,69	1793,95859217766
475,82	1798,77230040868
475,95	1804,97936449567
476,08	1811,92426511001
476,21	1819,24028949691
476,34	1825,36129295454
476,46	1830,88678031687
476,59	1837,86362724622
476,72	1842,64320730326
476,85	1848,21601935922
476,98	1854,74473904672
477,11	1860,81372721738
477,24	1866,21725275634
477,37	1871,6107138442
477,5	1878,29913433479
477,63	1886,20592217863
477,76	1892,6326801418
477,89	1899,26294258358
478,02	1907,74225188538
478,15	1914,87213803711
478,28	1921,25617794401
478,41	1926,44624812772
478,54	1933,97264231472
478,66	1940,36443993137
478,79	1946,90688886947
478,92	1952,20414379885
479,05	1960,23348899356
479,18	1966,43353331061
479,31	1972,7057479748
479,44	1978,13807279369
479,57	1984,78731360126
479,7	1990,45623197854
479,83	1997,86504895732
479,96	2003,64697140976
480,09	2010,60253627305
480,22	2017,82611059164
480,35	2024,20195582859
480,48	2030,83630430033
480,6	2036,99665269634
480,73	2042,58054508169
480,86	2048,76836008844
480,99	2055,51998243514
481,12	2062,31823741986
481,25	2068,43179050332
481,38	2075,60338229357
481,51	2080,7634906947
481,64	2086,48049532332
481,77	2094,53207348696
481,9	2102,05276141206
482,03	2108,95311827882
482,16	2116,55064241958
482,29	2122,8076135031
482,41	2129,63680168017
482,54	2135,14889477103
482,67	2141,1061960798
482,8	2147,11490731403
482,93	2153,57146552131
483,06	2159,93244178398
483,19	2167,26271107111
483,32	2173,67834324015
483,45	2180,27624615277
483,58	2186,54981777401
483,71	2194,12246772638
483,84	2200,9834285914
483,97	2206,93184081515
484,09	2213,16611209471
484,22	2220,20153737121
484,35	2226,33123281454
484,48	2232,34033522964
484,61	2236,89298073691
484,74	2242,80560597031
484,87	2248,69658089304
485	2254,68832585589
485,13	2261,00468253621
485,26	2267,61737003603
485,39	2273,6540332072
485,52	2279,87219260761
485,64	2284,81642395113
485,77	2290,36829269529
485,9	2295,67098503054
486,03	2300,85066271676
486,16	2306,11994485856
486,29	2311,68112922554
486,42	2317,22723752764
486,55	2322,88962740934
486,68	2329,21525404385
486,81	2336,73253987923
486,94	2344,25932874841
487,06	2351,16087569145
487,19	2357,7321545708
487,32	2363,13166790465
487,45	2368,97407224606
487,58	2374,56314555533
487,71	2379,35046185978
487,84	2384,46036911264
487,97	2391,39490103962
488,1	2397,19175765732
488,23	2401,70278244912
488,35	2407,44478011296
488,48	2413,50870615411
488,61	2419,09337372378
488,74	2424,77141197615
488,87	2431,62206467831
489	2438,04921884422
489,13	2444,83929805796
489,26	2450,32639194987
489,39	2456,28364962321
489,52	2463,55032374111
489,64	2469,05619958112
489,77	2475,04920988992
489,9	2480,29157656154
490,03	2486,59012975861
490,16	2492,49394709568
490,29	2498,37196598301
490,42	2504,81510124411
490,55	2511,91205652216
490,68	2518,15739471423
490,81	2524,96617341734
490,93	2530,78553841404
491,06	2536,16209746606
491,19	2542,09458434775
491,32	2547,85371612501
491,45	2553,07433613264
491,58	2557,89080797206
491,71	2564,79240218003
491,84	2569,86161740058
491,97	2575,12155319998
492,09	2579,71020388058
492,22	2586,14301135162
492,35	2591,95093701409
492,48	2599,27392121154
492,61	2604,45326289911
492,74	2610,38694323607
492,87	2615,23109094405
493	2619,8460079406
493,12	2625,60761529163
493,25	2631,97099856393
493,38	2637,90522924914
493,51	2644,18976408903
493,64	2650,22940299855
493,77	2656,34989585172
493,9	2662,03713723023
494,03	2665,95695813271
494,16	2671,24684027044
494,28	2677,08667609285
494,41	2681,48817205993
494,54	2687,06253386698
494,67	2692,99162336622
494,8	2699,24920436121
494,93	2704,29184148512
495,06	2708,82003319555
495,19	2713,4676860754
495,31	2718,90770579582
495,44	2723,67692958034
495,57	2730,2526430546
495,7	2736,88907643774
495,83	2742,81104020693
495,96	2749,4355939225
496,09	2756,1643047897
496,22	2762,95739254702
496,34	2769,12080239092
496,47	2774,19953662551
496,6	2779,61449602242
496,73	2785,33305278489
496,86	2790,86111509792
496,99	2795,11224955505
497,12	2800,51169066033
497,24	2805,17720753629
497,37	2810,22149198803
497,5	2813,89027195535
497,63	2820,57949540779
497,76	2825,94853599923
497,89	2830,54117738764
498,02	2835,96066665501
498,15	2840,30638774945
498,27	2845,52101339649
498,4	2850,98193934151
498,53	2855,38098772207
498,66	2861,55872676006
498,79	2866,78274099837
498,92	2870,59643407642
499,05	2875,54417450095
499,17	2880,67627984934
499,3	2885,11960783457
499,43	2890,08959031631
499,56	2893,33417052773
499,69	2898,31820271542
499,82	2904,21526051634
499,95	2909,66035441408
500,07	2914,37673863891
500,2	2918,25663389057
500,33	2923,53244655534
500,46	2929,26349299008
500,59	2934,42524179797
500,72	2941,01118200752
500,85	2947,04236604243
500,97	2952,47699704339
501,1	2957,60462373616
501,23	2964,29437685516
501,36	2969,8022975715
501,49	2975,11690652755
501,62	2979,42069768919
501,75	2984,09710362104
501,87	2988,94243480465
502	2993,87048790122
502,13	2998,98642679413
502,26	3004,59845008579
502,39	3008,74269143808
502,52	3013,31355820437
502,64	3018,3631883635
502,77	3023,5550005855
502,9	3029,28088577013
503,03	3033,97990431082
503,16	3038,97954234647
503,29	3044,95716429119
503,42	3050,50699625691
503,54	3055,39393731995
503,67	3060,3138734223
503,8	3064,52890822286
503,93	3069,02974701354
504,06	3073,62482019464
504,19	3076,71800361784
504,31	3081,08012975278
504,44	3086,17875369867
504,57	3091,5387466436
504,7	3095,57043636597
504,83	3099,51973782621
504,96	3104,53844098002
505,08	3110,25716944122
505,21	3115,36825492646
505,34	3120,66332629574
505,47	3125,06728313802
505,6	3129,56901283721
505,73	3134,39856343304
505,85	3139,58974954777
505,98	3145,65472813495
506,11	3151,10146432702
506,24	3155,15345812834
506,37	3160,67296158742
506,5	3165,12544249765
506,62	3169,06078902648
506,75	3173,00272786696
506,88	3177,97598142144
507,01	3184,72256305437
507,14	3190,40904567738
507,27	3195,02385147641
507,39	3201,20203048654
507,52	3206,93993691214
507,65	3212,51278744185
507,78	3216,43335781928
507,91	3220,77524668584
508,04	3225,76012858179
508,16	3231,06195565964
508,29	3235,61547401536
508,42	3240,50734937766
508,55	3244,83872177315
508,68	3249,63305926904
508,81	3254,26949530875
508,93	3258,79729609466
509,06	3263,06532206619
509,19	3267,20369495396
509,32	3271,14279696125
509,45	3276,09403403447
509,57	3279,90610827879
509,7	3284,00949700407
509,83	3287,47628245931
509,96	3292,11627058628
510,09	3296,50180079173
510,22	3301,42254193575
510,34	3305,35243081396
510,47	3309,95928021346
510,6	3314,66088296791
510,73	3318,97845019065
510,86	3323,57336780474
510,98	3328,54098619571
511,11	3334,65688193091
511,24	3339,28282317164
511,37	3342,51442823311
511,5	3347,99817227548
511,63	3352,68741165573
511,75	3358,14953292028
511,88	3365,42563580436
512,01	3371,09017872467
512,14	3376,2051193799
512,27	3381,50263061646
512,39	3387,3584745193
512,52	3394,47910616693
512,65	3399,71821598082
512,78	3404,318166572
512,91	3408,49112805455
513,03	3414,04101233036
513,16	3419,83069652402
513,29	3424,58696387697
513,42	3428,55868894462
513,55	3433,63648165593
513,67	3438,6108573401
513,8	3443,29480002563
513,93	3447,03538580072
514,06	3450,52956036575
514,19	3454,52998635009
514,31	3458,90838381702
514,44	3462,43623543908
514,57	3467,8384731444
514,7	3473,28692656256
514,83	3478,50551271632
514,95	3482,51435508405
515,08	3486,02908978471
515,21	3490,36602522
515,34	3495,66263745015
515,47	3499,37576641354
515,59	3502,90249912176
515,72	3507,86208898366
515,85	3513,09844864681
515,98	3517,66028748118
516,11	3522,62245008579
516,23	3526,28271615123
516,36	3531,88836220904
516,49	3536,17588401947
516,62	3540,97914270068
516,75	3545,28834021654
516,87	3549,89984640794
517	3553,58834946213
517,13	3560,08351357854
517,26	3563,84598450913
517,39	3569,17153326401
517,51	3573,6816797136
517,64	3578,32199669676
517,77	3584,34503127594
517,9	3590,03444300158
518,02	3595,0687710072
518,15	3599,9517621199
518,28	3605,52471846408
518,41	3610,01045504939
518,54	3614,81903189931
518,66	3618,66738468798
518,79	3623,76838987588
518,92	3627,95124460601
519,05	3632,97133103213
519,18	3636,23917925191
519,3	3640,42670363153
519,43	3645,9405470683
519,56	3649,87880598545
519,69	3654,60687321548
519,81	3658,77289592454
519,94	3662,86304614927
520,07	3665,13721523803
520,2	3668,84301420045
520,33	3672,5235353613
520,45	3676,95252895581
520,58	3680,93653126284
520,71	3685,97073927393
520,84	3690,91867561514
520,96	3696,02546380852
521,09	3700,84206549393
521,22	3704,65184259203
521,35	3710,09258705677
521,48	3713,39778161311
521,6	3717,69672896222
521,73	3722,1819200755
521,86	3726,73224485944
521,99	3731,02988178818
522,11	3735,57882698173
522,24	3739,44050798866
522,37	3742,8704558184
522,5	3748,08394083292
522,62	3751,86686540887
522,75	3756,07370600555
522,88	3760,90947615927
523,01	3764,84772368693
523,14	3766,92328205442
523,26	3770,88301626279
523,39	3776,65297946106
523,52	3780,97071209063
523,65	3785,80938751351
523,77	3791,5361274108
523,9	3796,84823202515
524,03	3800,45613988972
524,16	3804,91173430159
524,28	3809,76657280097
524,41	3813,57655297569
524,54	3817,80150021993
524,67	3821,61488935884
524,79	3824,43958736262
524,92	3827,99288197169
525,05	3831,58039114009
525,18	3835,37204532492
525,31	3837,8369274073
525,43	3841,42287380389
525,56	3845,12299100784
525,69	3848,25127899004
525,82	3852,85389496037
525,94	3855,52859075616
526,07	3858,54918007335
526,2	3861,30091918124
526,33	3865,61442539594
526,45	3868,47236753384
526,58	3870,21925560517
526,71	3872,18350541656
526,84	3875,17209441333
526,96	3879,63526547412
527,09	3883,21427250298
527,22	3886,85932421009
527,35	3889,2983559754
527,47	3892,74400380426
527,6	3896,17065588306
527,73	3899,64907605906
527,86	3903,70685392617
527,98	3907,41964905811
528,11	3910,48438673576
528,24	3913,14053982097
528,37	3917,76282965579
528,49	3922,52971754069
528,62	3925,71017657494
528,75	3928,40781044512
528,88	3932,10906057984
529	3936,08788678674
529,13	3940,90985225707
529,26	3943,95729575676
529,39	3946,66213895176
529,51	3949,67570072735
529,64	3953,53732965141
529,77	3957,19873242276
529,9	3961,47972677462
530,02	3964,53978442116
530,15	3969,91768185751
530,28	3973,04634861739
530,4	3976,98613560774
530,53	3980,18150656425
530,66	3982,95553759842
530,79	3985,58231292838
530,91	3988,69736314408
531,04	3991,771877011
531,17	3994,45704434327
531,3	3997,26106438411
531,42	4000,79482991794
531,55	4005,33858368361
531,68	4008,72674864768
531,81	4011,8484189118
531,93	4014,43685720028
532,06	4018,12061355844
532,19	4020,86711112471
532,31	4022,85645834098
532,44	4027,20112692434
532,57	4030,9137410945
532,7	4034,87906973804
532,82	4038,0413694651
532,95	4043,28195390025
533,08	4048,00942916816
533,21	4053,21389688289
533,33	4057,09370699012
533,46	4061,72235562586
533,59	4065,84318408734
533,71	4069,87713628062
533,84	4072,36115110735
533,97	4075,915450246
534,1	4080,28464956787
534,22	4083,60077485224
534,35	4087,47036476075
534,48	4092,2126725158
534,61	4096,26125528475
534,73	4099,55743058384
534,86	4102,03014310557
534,99	4104,15364971643
535,11	4108,63811687771
535,24	4112,70096477997
535,37	4115,01239028951
535,5	4117,22876050906
535,62	4121,05068838535
535,75	4125,31969849606
535,88	4129,80829367986
536	4134,47257008031
536,13	4140,24023395932
536,26	4144,55278923038
536,39	4149,1860331606
536,51	4153,67491818502
536,64	4157,86933336829
536,77	4161,45253183377
536,89	4165,22337042636
537,02	4170,03743073531
537,15	4174,54047541065
537,28	4178,907068602
537,4	4182,75996178259
537,53	4186,52327347298
537,66	4190,27733037964
537,78	4193,72423533421
537,91	4197,48603899225
538,04	4201,92582208512
538,17	4206,88292763451
538,29	4211,02479601747
538,42	4214,43689941421
538,55	4219,04154806743
538,67	4222,0518311268
538,8	4225,99875415309
538,93	4228,58630873379
539,05	4232,14831011451
539,18	4235,15395402259
539,31	4239,00467507916
539,44	4244,39372506183
539,56	4249,80959363703
539,69	4254,4288889219
539,82	4257,768316721
539,94	4261,566804395
540,07	4265,9128553302
540,2	4271,12630854736
540,32	4275,54564733367
540,45	4278,76193317778
540,58	4281,21146326672
540,71	4285,43823564298
540,83	4289,15986451461
540,96	4293,30297794634
541,09	4297,40319085113
541,21	4300,82618665944
541,34	4303,99471466564
541,47	4308,40041351125
541,59	4312,86941317627
541,72	4316,65491839475
541,85	4320,55859597027
541,98	4322,65854139977
542,1	4325,86559117271
542,23	4329,80231617337
542,36	4332,94834184195
542,48	4335,61893050082
542,61	4339,15317888488
542,74	4342,59189360878
542,86	4346,10422004725
542,99	4347,93550120449
543,12	4351,7308684383
543,24	4355,20986501563
543,37	4359,58384865671
543,5	4362,67063760745
543,62	4367,24605238
543,75	4370,59253409419
543,88	4374,35160283601
544,01	4377,12291006382
544,13	4381,24205940594
544,26	4384,21920134926
544,39	4387,8436911497
544,51	4390,38349192395
544,64	4393,178140449
544,77	4396,66962587133
544,89	4400,8483287455
545,02	4403,48910110429
545,15	4406,90522136097
545,27	4410,05250690506
545,4	4413,65944485128
545,53	4415,81771534435
545,65	4419,45693812683
545,78	4422,88909368218
545,91	4426,50149678852
546,03	4428,9474875371
546,16	4432,58828739379
546,29	4435,54449869647
546,41	4438,00166522478
546,54	4440,93034409072
546,67	4445,55533171376
546,79	4448,3934880789
546,92	4451,70530316721
547,05	4454,39192438079
547,17	4457,38443617372
547,3	4459,71740969825
547,43	4463,51766460142
547,56	4466,44406754462
547,68	4470,92315675257
547,81	4474,91197765214
547,94	4477,121841322
548,06	4479,60680494846
548,19	4484,12030973583
548,32	4489,55823139596
548,44	4493,97778479984
548,57	4497,15171985937
548,7	4500,29001416841
548,82	4505,57511593101
548,95	4509,60141492402
549,08	4513,73345594948
549,2	4516,13418147446
549,33	4520,13388901803
549,45	4524,40820612935
549,58	4528,01989838013
549,71	4531,12393706361
549,83	4534,90968104189
549,96	4539,02433050489
550,09	4542,00808453273
550,21	4545,42431733853
550,34	4549,32621592257
550,47	4553,77896419156
550,59	4558,46077517849
550,72	4562,85750516023
550,85	4567,16570799216
550,97	4571,49387896265
551,1	4575,41070623567
551,23	4579,93018763236
551,35	4583,37307488807
551,48	4587,90865943099
551,61	4591,92689096094
551,73	4597,16073855153
551,86	4602,90278894491
551,99	4608,11909369966
552,11	4612,44462644517
552,24	4615,88029732099
552,37	4619,92024224947
552,49	4624,63266480823
552,62	4629,02838667168
552,75	4632,01149691086
552,87	4636,20971502393
553	4640,82648697491
553,12	4645,36512406386
553,25	4650,4204798441
553,38	4656,13845742633
553,5	4660,24875791657
553,63	4665,17978345408
553,76	4669,63373610759
553,88	4675,36456365442
554,01	4679,51285432815
554,14	4683,78340741453
554,26	4688,1462495434
554,39	4692,11233129138
554,52	4696,6607638123
554,64	4700,44884947524
554,77	4705,78429785697
554,89	4709,64745837885
555,02	4714,71383987137
555,15	4720,6167719335
555,27	4724,7770311536
555,4	4729,12759948034
555,53	4733,52490752959
555,65	4737,81359981824
555,78	4742,50773590369
555,91	4746,96761915415
556,03	4751,3901085293
556,16	4754,13326963959
556,29	4758,55144636017
556,41	4762,04270708042
556,54	4765,90787429034
556,66	4769,57303283726
556,79	4774,04577483768
556,92	4777,83761433619
557,04	4782,53768274303
557,17	4785,32833391883
557,3	4789,10197999994
557,42	4793,44272997591
557,55	4797,5315561828
557,67	4801,58914402314
557,8	4806,62369176141
557,93	4810,77057534103
558,05	4813,71313253461
558,18	4817,47072466276
558,31	4821,90463283027
558,43	4826,44751465632
558,56	4831,12112545624
558,68	4834,86637594051
558,81	4838,58932682589
558,94	4841,35226882688
559,06	4844,906322407
559,19	4848,8284322238
559,32	4852,20483664095
559,44	4855,77288896851
559,57	4860,5605371411
559,69	4862,86180629131
559,82	4866,96579597377
559,95	4872,52775811756
560,07	4876,88655630224
560,2	4880,65305629786
560,33	4884,9407867078
560,45	4889,482575108
560,58	4894,17277251609
560,7	4899,93089338448
560,83	4906,03569059625
560,96	4910,75698230405
561,08	4915,82866747646
561,21	4919,8505405259
561,33	4925,32759419049
561,46	4930,15226475463
561,59	4934,75348107044
561,71	4939,62298762886
561,84	4944,72182819641
561,97	4950,27415076654
562,09	4954,80949925866
562,22	4958,84051762458
562,34	4963,14715626903
562,47	4968,7702270965
562,6	4973,30712450662
562,72	4977,65328990763
562,85	4983,23010626888
562,97	4988,6139348498
563,1	4993,0134444959
563,23	4996,93026786562
563,35	5001,83806637363
563,48	5006,82668301976
563,6	5011,39312297443
563,73	5016,32711682819
563,86	5019,86870176144
563,98	5024,0211980868
564,11	5028,46443944782
564,23	5032,45898514123
564,36	5035,84960973379
564,49	5039,62106826411
564,61	5043,47199520535
564,74	5047,73406801069
564,86	5052,29976696116
564,99	5057,12206984582
565,12	5061,86307024489
565,24	5065,78003218186
565,37	5070,67605940594
565,49	5076,13584019762
565,62	5080,32621412239
565,75	5084,29271227705
565,87	5087,34156118719
566	5090,04743078192
566,12	5093,54260978913
566,25	5096,52258063671
566,38	5100,05008244126
566,5	5102,35807361513
566,63	5104,31064185448
566,75	5106,82382883143
566,88	5109,24578160146
567,01	5111,83783156374
567,13	5115,27473775339
567,26	5117,08497037277
567,38	5119,36253631382
567,51	5121,91470032246
567,64	5125,09220019866
567,76	5127,24175851371
567,89	5127,87667548114
568,01	5130,80798588403
568,14	5133,37287082106
568,26	5135,88302687744
568,39	5137,57542991969
568,52	5140,56769085841
568,64	5142,81202975249
568,77	5144,76877139753
568,89	5147,58759850742
569,02	5149,67762481685
569,15	5150,92988748001
569,27	5152,18585420872
569,4	5154,32503618711
569,52	5156,09577617762
569,65	5157,94074803597
569,77	5158,75090589836
569,9	5159,99290041626
570,03	5161,67945159759
570,15	5163,79095417697
570,28	5163,32740359861
570,4	5164,17076407446
570,53	5165,21436914759
570,66	5167,03855319707
570,78	5169,12781686518
570,91	5169,7524501557
571,03	5171,85009978474
571,16	5173,10717470777
571,28	5173,62940849231
571,41	5175,68002849411
571,54	5177,41996909982
571,66	5180,52263624421
571,79	5183,88547367747
571,91	5185,92622474869
572,04	5188,07383560686
572,16	5190,94760472941
572,29	5192,52317973545
572,42	5196,13742418125
572,54	5198,89483516119
572,67	5200,29987514673
572,79	5202,38268463352
572,92	5204,24404330919
573,04	5206,75992297676
573,17	5208,89033842802
573,29	5211,24157451667
573,42	5213,19862346235
573,55	5214,65553917139
573,67	5216,8033927451
573,8	5217,56001274108
573,92	5220,18082351536
574,05	5221,44938091285
574,17	5223,67921090361
574,3	5225,75083744491
574,43	5227,09977435996
574,55	5228,00755448749
574,68	5229,68835019619
574,8	5232,60356578959
574,93	5233,73286320088
575,05	5236,39211957507
575,18	5238,48321023947
575,3	5240,33942534642
575,43	5242,10178207918
575,56	5245,01311319287
575,68	5246,73827704712
575,81	5248,53730909207
575,93	5250,99862024066
576,06	5252,75998345466
576,18	5255,01802597153
576,31	5256,76452463888
576,43	5257,67410150335
576,56	5260,02371775042
576,69	5261,88326985514
576,81	5263,143442486
576,94	5264,45820845385
577,06	5266,85459768307
577,19	5269,73861522463
577,31	5272,35182934993
577,44	5273,74207884089
577,56	5275,51130534607
577,69	5276,95406186444
577,82	5277,34016044323
577,94	5278,10979012465
578,07	5278,40905582597
578,19	5280,0122987425
578,32	5281,58840526771
578,44	5282,00309655432
578,57	5282,77924076097
578,69	5284,7182618592
578,82	5286,03492977259
578,94	5286,655176205
579,07	5286,84702388297
579,19	5288,50786606428
579,32	5289,80212523777
579,45	5292,05077218402
579,57	5294,42980754969
579,7	5295,30381389984
579,82	5296,27279121116
579,95	5298,24476588047
580,07	5299,61717008206
580,2	5301,73731720162
580,32	5302,12828229037
580,45	5304,11680931783
580,57	5305,80810897206
580,7	5307,30777787876
580,82	5309,41665890084
580,95	5311,04347592624
581,08	5312,13931784246
581,2	5313,28150343578
581,33	5315,15117402031
581,45	5316,17092481481
581,58	5317,40322348157
581,7	5318,85083442713
581,83	5320,97052282122
581,95	5322,48847590002
582,08	5323,40036343246
582,2	5323,94146818371
582,33	5324,35788904133
582,45	5325,13517457959
582,58	5326,31640223828
582,7	5326,76113270356
582,83	5326,12985938788
582,95	5328,20709145089
583,08	5330,11426895505
583,21	5331,37669619195
583,33	5331,7363532664
583,46	5332,46853899953
583,58	5334,78311973528
583,71	5336,13769579288
583,83	5337,51795289238
583,96	5338,939579958
584,08	5339,98185163371
584,21	5341,58514945863
584,33	5342,62716067918
584,46	5342,67526603922
584,58	5343,40469307513
584,71	5345,01283558647
584,83	5344,90729288463
584,96	5345,52733915916
585,08	5346,62292762868
585,21	5347,70343949735
585,33	5348,14438943895
585,46	5349,37465816679
585,58	5350,737478309
585,71	5352,47079680395
585,83	5353,40633685504
585,96	5353,50872103909
586,08	5353,85536426847
586,21	5354,97676123729
586,33	5355,47544601645
586,46	5356,16189126097
586,59	5355,78726893466
586,71	5356,52053854512
586,84	5357,33184058212
586,96	5359,33229998922
587,09	5361,84605699405
587,21	5363,72525004734
587,34	5365,65444459786
587,46	5365,48831885325
587,59	5366,98920266007
587,71	5368,80963998147
587,84	5368,72002780666
587,96	5369,73916437857
588,09	5371,80484499518
588,21	5372,17358865595
588,34	5374,32376153732
588,46	5376,87329465568
588,59	5377,94325253496
588,71	5378,90187952193
588,84	5377,32819561374
588,96	5377,64310256074
589,09	5378,3549709437
589,21	5379,7571476002
589,34	5379,35674435405
589,46	5380,68390911713
589,59	5382,69450071221
589,71	5384,12915760897
589,84	5385,18094385361
589,96	5386,35829406436
590,09	5388,2267498012
590,21	5389,64919027437
590,34	5391,04203756492
590,46	5392,98699082724
590,59	5394,51464988247
590,71	5396,17505759702
590,84	5396,77596000571
590,96	5397,41485863344
591,09	5398,74916044614
591,21	5399,96923816265
591,34	5401,01702541516
591,46	5401,76613776912
591,59	5403,68968326736
591,71	5405,37519090938
591,83	5406,95381345708
591,96	5408,32462633448
592,08	5409,03243334236
592,21	5410,06224005314
592,33	5411,09602143904
592,46	5411,99676607272
592,58	5413,67838198772
592,71	5415,81076993525
592,83	5416,22734700655
592,96	5418,22529353129
593,08	5419,31946489212
593,21	5422,52780029071
593,33	5423,56669766588
593,46	5423,77262428962
593,58	5424,35068031658
593,71	5426,69642625816
593,83	5427,13225581199
593,96	5427,28332327796
594,08	5428,4779308125
594,21	5428,51942228786
594,33	5428,10932701814
594,46	5427,40210331519
594,58	5428,79465107093
594,71	5430,08048410861
594,83	5431,42364599955
594,96	5432,39621857914
595,08	5433,38651270176
595,2	5435,7202476034
595,33	5436,38900815907
595,45	5438,53997628889
595,58	5439,7446547412
595,7	5440,7350568921
595,83	5441,64064949796
595,95	5443,60802547633
596,08	5445,53228039697
596,2	5445,6322279762
596,33	5446,09862978337
596,45	5447,21000980487
596,58	5448,52154580118
596,7	5449,69704063222
596,83	5451,25067895333
596,95	5451,68380562134
597,08	5453,06480705158
597,2	5454,94333976504
597,32	5455,74236241294
597,45	5456,72460160968
597,57	5457,33507702615
597,7	5458,34544049939
597,82	5459,32101900093
597,95	5461,59272456372
598,07	5463,39315820903
598,2	5464,78756433896
598,32	5464,96319481851
598,45	5465,54321866944
598,57	5467,202098806
598,7	5468,20055898794
598,82	5469,06378229474
598,94	5470,21280723801
599,07	5472,09273523081
599,19	5474,66593359142
599,32	5475,37827474592
599,44	5477,35924066776
599,57	5477,45404078661
599,69	5477,66069950102
599,82	5478,30847908674
599,94	5479,457731779
600,07	5480,60416508059
600,19	5482,56307066435
600,31	5483,18744443182
600,44	5486,38061190391
600,56	5487,44091330298
600,69	5488,23757851319
600,81	5489,01245376771
600,94	5489,14107114207
601,06	5489,0005246214
601,19	5489,52626703836
601,31	5489,73010328023
601,44	5492,77370928549
601,56	5494,07309924585
601,68	5495,29366332556
601,81	5494,31241228783
601,93	5496,46545165585
602,06	5497,53973279852
602,18	5498,75745315308
602,31	5499,52496249625
602,43	5500,58295034941
602,56	5500,45270780865
602,68	5501,0764980265
602,8	5500,55510492603
602,93	5499,88306326555
603,05	5500,28214066455
603,18	5500,44059524205
603,3	5501,58597817646
603,43	5503,40139484822
603,55	5504,03541265777
603,68	5505,08074502984
603,8	5505,37683776533
603,92	5505,77758591781
604,05	5506,70311068777
604,17	5507,73104003798
604,3	5508,28534747844
604,42	5509,10253926752
604,55	5510,41766760754
604,67	5511,12811099363
604,79	5511,36896373715
604,92	5511,8354936717
605,04	5512,60833260802
605,17	5513,92047088981
605,29	5514,78980362891
605,42	5516,1073770445
605,54	5517,10881351242
605,66	5517,62348678557
605,79	5517,50580113545
605,91	5518,3710846172
606,04	5519,61931270991
606,16	5521,15738226444
606,29	5520,81376316855
606,41	5522,22550525344
606,53	5522,58617635938
606,66	5523,35573305486
606,78	5525,08355337476
606,91	5528,04479740984
607,03	5530,55531809298
607,16	5531,74062680055
607,28	5532,5101350601
607,4	5533,5979172325
607,53	5535,07919025106
607,65	5536,20901900676
607,78	5536,71069764841
607,9	5537,84467133315
608,03	5538,71504380729
608,15	5539,82292182034
608,27	5540,22518337077
608,4	5541,831017393
608,52	5542,7968034687
608,65	5543,69958097169
608,77	5545,49011916143
608,89	5546,996657357
609,02	5548,44083597098
609,14	5549,55582495725
609,27	5550,37661348853
609,39	5551,51742630768
609,52	5553,17400744541
609,64	5553,80986997341
609,76	5554,56782009269
609,89	5554,06241912735
610,01	5555,53527196409
610,14	5557,39822902484
610,26	5558,47441509005
610,38	5559,32912965666
610,51	5559,5178207044
610,63	5559,36172329078
610,76	5559,13281856341
610,88	5559,73125187665
611,01	5560,97364370417
611,13	5562,13027985517
611,25	5562,96805039921
611,38	5563,06562880171
611,5	5563,34342764762
611,63	5564,01428847739
611,75	5563,91108261894
611,87	5564,38063909303
612	5564,57952849265
612,12	5565,37703827276
612,25	5566,26254319413
612,37	5567,4202214571
612,49	5567,95775542603
612,62	5569,39972783492
612,74	5568,49706873018
612,87	5569,01376048285
612,99	5568,25283619818
613,11	5569,16848640398
613,24	5569,29788443893
613,36	5568,77365171469
613,49	5568,21825055127
613,61	5568,17770809702
613,73	5567,40378553389
613,86	5565,54776565618
613,98	5563,73361737727
614,11	5563,56122527593
614,23	5563,3453826606
614,35	5563,92435885919
614,48	5563,88352782851
614,6	5563,6880323275
614,72	5562,63520192019
614,85	5562,0800647191
614,97	5562,25916443683
615,1	5562,57762745595
615,22	5562,63412498726
615,34	5563,84896731421
615,47	5564,68246156849
615,59	5565,12351760419
615,72	5564,86389186103
615,84	5563,04942003909
615,96	5562,0343958357
616,09	5561,49757362532
616,21	5560,89754037151
616,34	5561,83922267761
616,46	5562,14705023318
616,58	5562,53276659122
616,71	5561,62148013248
616,83	5561,09086870629
616,95	5560,37390715965
617,08	5559,2532374519
617,2	5558,56958637805
617,33	5557,85614427656
617,45	5558,8236535906
617,57	5559,95079765453
617,7	5558,51422436419
617,82	5558,08734543357
617,95	5558,32864597916
618,07	5558,47675938468
618,19	5559,06502800766
618,32	5558,14536819507
618,44	5557,7588974043
618,56	5557,83005306744
618,69	5557,28455605755
618,81	5556,94276163345
618,94	5556,86656058422
619,06	5557,43782498055
619,18	5555,92572569684
619,31	5555,19047958194
619,43	5553,81804946126
619,55	5552,78384443299
619,68	5551,4428518114
619,8	5551,23461264962
619,92	5550,9209093589
620,05	5550,84208286071
620,17	5550,17134040006
620,3	5549,31566311583
620,42	5549,83755617115
620,54	5550,301467572
620,67	5550,2326644179
620,79	5549,94830885613
620,91	5549,59932916787
621,04	5548,75040940987
621,16	5546,72291214365
621,29	5544,96825757139
621,41	5544,37139460354
621,53	5543,55058266992
621,66	5542,48555952683
621,78	5543,31828053097
621,9	5542,12318751875
622,03	5541,06744294624
622,15	5540,76415897512
622,27	5540,82699031456
622,4	5541,96028647331
622,52	5541,68979578152
622,64	5540,04134878343
622,77	5538,3002038631
622,89	5537,32424834911
623,02	5536,94502625991
623,14	5536,05000498108
623,26	5536,35598690355
623,39	5535,60788694986
623,51	5534,70665281868
623,63	5532,80344816035
623,76	5532,1577975351
623,88	5532,10062299046
624	5531,70524744902
624,13	5530,52656192415
624,25	5530,22205285189
624,37	5529,86330491495
624,5	5528,8338852662
624,62	5528,35962581889
624,75	5525,52409381327
624,87	5523,72925662469
624,99	5521,74839235186
625,12	5519,82518623124
625,24	5520,13715857605
625,36	5518,88412530185
625,49	5517,8227150851
625,61	5515,69354548076
625,73	5513,85533828529
625,86	5512,63579325312
625,98	5512,60738351117
626,1	5509,8126716594
626,23	5508,82265716474
626,35	5509,31457016187
626,47	5508,56250960824
626,6	5507,20285898881
626,72	5506,13156537013
626,84	5505,70430735307
626,97	5504,44090808887
627,09	5503,33778960615
627,21	5500,83327105526
627,34	5501,21251975683
627,46	5500,44827178058
627,58	5500,23718727407
627,71	5499,49822219115
627,83	5497,68633550345
627,95	5496,90649638362
628,08	5495,26620474281
628,2	5494,40953294941
628,32	5494,3000167376
628,45	5493,28600487039
628,57	5491,17787743629
628,69	5490,48454158037
628,82	5488,74115358332
628,94	5487,09832578015
629,06	5484,63581239677
629,19	5481,74571321792
629,31	5480,69577521635
629,43	5479,40459924439
629,56	5478,03419965103
629,68	5476,49656877533
629,8	5476,19914363864
629,93	5474,35967243132
630,05	5472,88874306654
630,17	5472,32742682618
630,3	5471,31494355067
630,42	5470,13845897017
630,54	5469,27519446896
630,67	5466,92544516588
630,79	5465,65002810961
630,91	5465,45811038192
631,04	5462,6538783626
631,16	5460,41566045343
631,28	5458,95103765522
631,41	5458,00881280167
631,53	5455,78148133843
631,65	5455,45927874535
631,78	5454,04570913984
631,9	5453,44528165826
632,02	5451,38417074329
632,14	5449,52588964139
632,27	5448,22409411038
632,39	5447,16681588936
632,51	5445,20950027236
632,64	5444,28487538268
632,76	5443,12323249995
632,88	5441,72791257767
633,01	5440,03318429707
633,13	5438,75653325527
633,25	5437,59989564199
633,38	5436,38601282847
633,5	5434,36812946732
633,62	5434,41154816064
633,75	5434,30597064949
633,87	5433,45251786927
633,99	5432,35001844456
634,11	5432,66353144635
634,24	5430,50108578819
634,36	5430,11696159907
634,48	5429,16845147816
634,61	5426,73083937326
634,73	5424,60230129421
634,85	5423,16214141026
634,98	5421,82945473771
635,1	5419,90814963632
635,22	5419,61897145637
635,35	5418,94473026138
635,47	5416,0999020737
635,59	5415,65477659999
635,71	5413,47738982054
635,84	5412,83826735878
635,96	5411,3636788106
636,08	5410,35761653836
636,21	5409,00974739804
636,33	5407,00329062421
636,45	5404,94507178873
636,58	5403,21668546078
636,7	5402,2393491388
636,82	5401,87479166557
636,94	5401,2854876478
637,07	5400,11667219538
637,19	5400,82185799551
637,31	5400,16630917072
637,44	5399,05339636876
637,56	5397,05650991702
637,68	5395,42412469597
637,81	5393,90984430482
637,93	5392,57387304944
638,05	5391,38318158224
638,17	5389,81806519681
638,3	5388,50190968806
638,42	5386,46068667256
638,54	5386,5508763556
638,67	5385,65244543095
638,79	5384,71957358454
638,91	5384,40611058582
639,03	5382,70359111445
639,16	5381,06675614552
639,28	5379,38473640762
639,4	5378,24563155733
639,53	5376,83733206913
639,65	5377,52420964815
639,77	5376,38597818811
639,89	5374,94961226803
640,02	5371,78682202978
640,14	5369,67767100982
640,26	5368,29998740457
640,39	5366,10636994573
640,51	5363,94453290572
640,63	5362,82641982645
640,75	5362,29935107297
640,88	5360,29301728231
641	5359,41337033898
641,12	5356,62278632329
641,24	5355,40794322733
641,37	5354,18848730698
641,49	5352,27435618513
641,61	5353,06990876175
641,74	5352,76388847623
641,86	5351,43012843615
641,98	5350,00757071241
642,1	5349,44214615831
642,23	5349,1034230627
642,35	5347,83974719414
642,47	5346,45597531015
642,6	5345,8088024317
642,72	5345,39350218906
642,84	5343,29176882543
642,96	5341,32788207947
643,09	5340,33532341196
643,21	5339,12808229561
643,33	5336,61128396529
643,45	5335,62650643899
643,58	5334,71453474085
643,7	5334,59051037143
643,82	5332,26084927134
643,94	5331,49447408236
644,07	5330,29786175316
644,19	5329,59109089744
644,31	5327,5485198617
644,44	5327,60390830734
644,56	5328,60505473654
644,68	5328,30123127653
644,8	5327,78326400019
644,93	5326,76190725286
645,05	5327,00752411746
645,17	5326,00069952433
645,29	5325,50431973295
645,42	5324,35361094556
645,54	5323,99950598749
645,66	5323,73231920862
645,78	5322,08303195756
645,91	5320,4093189785
646,03	5319,52509565131
646,15	5319,59017286972
646,27	5318,80412032077
646,4	5318,78378899443
646,52	5317,48369321787
646,64	5317,29303626285
646,76	5314,92870724354
646,89	5314,51839351702
647,01	5315,40410969447
647,13	5315,92996538877
647,25	5314,69207979051
647,38	5312,9918178614
647,5	5312,94130635394
647,62	5312,70056765677
647,74	5310,71023871902
647,87	5311,27194737532
647,99	5310,92748105296
648,11	5310,98013289873
648,23	5310,55905879715
648,36	5309,09372286549
648,48	5309,22635901066
648,6	5308,88977893324
648,72	5309,37484052677
648,85	5308,69166961745
648,97	5308,89603260132
649,09	5307,50428255836
649,21	5306,57803087688
649,34	5304,67383438927
649,46	5303,59336298096
649,58	5302,52883025001
649,7	5301,28025968616
649,83	5300,34526943568
649,95	5300,24171079438
650,07	5300,62846305407
650,19	5299,53779878182
650,32	5298,77941749321
650,44	5298,7890036324
650,56	5298,92162836478
650,68	5298,74773239072
650,81	5297,38892267674
650,93	5295,98799231574
651,05	5295,3619006522
651,17	5292,83098967373
651,29	5292,07033266628
651,42	5291,36447956446
651,54	5291,34806629207
651,66	5290,70550630791
651,78	5289,35452738283
651,91	5289,87083722935
652,03	5290,02860727238
652,15	5288,70724778109
652,27	5288,33535297219
652,4	5289,28861805598
652,52	5288,749527578
652,64	5286,79882112095
652,76	5286,34685117638
652,88	5285,9476410709
653,01	5286,09236561714
653,13	5284,18428296616
653,25	5282,41719160848
653,37	5281,72333303039
653,5	5281,96799747159
653,62	5281,22658543136
653,74	5281,02959749373
653,86	5280,84664173214
653,98	5279,76127914733
654,11	5277,07896489649
654,23	5276,52475175867
654,35	5277,61965258856
654,47	5278,54419894028
654,6	5277,66391927154
654,72	5277,95732652877
654,84	5278,45468401597
654,96	5277,59192056488
655,08	5275,50615528155
655,21	5274,83092501872
655,33	5274,50888900929
655,45	5274,02227258454
655,57	5272,86127250589
655,7	5272,01662111454
655,82	5272,41640061288
655,94	5271,80120081911
656,06	5270,71315894308
656,18	5270,08577594459
656,31	5269,84204766108
656,43	5269,85017267746
656,55	5269,17505762033
656,67	5269,77618953158
656,79	5269,34023667415
656,92	5269,13076322972
657,04	5268,96479015669
657,16	5267,92501382177
657,28	5267,96705602405
657,4	5267,62982012765
657,53	5267,13956891223
657,65	5265,8559830585
657,77	5265,49710229858
657,89	5264,02233889991
658,01	5262,50168410627
658,14	5260,92738346456
658,26	5262,4743249121
658,38	5262,6875367828
658,5	5261,88551639824
658,62	5261,81424992208
658,75	5261,25968091955
658,87	5261,08907041384
658,99	5259,12401860186
659,11	5259,59773679504
659,23	5258,40019542148
659,36	5258,10870501225
659,48	5256,17442708543
659,6	5254,59004608228
659,72	5254,25182760218
659,84	5254,34309646693
659,97	5253,43631454796
660,09	5253,08080904984
660,21	5252,51845294044
660,33	5251,85993760541
660,45	5250,42665584228
660,58	5248,7094914171
660,7	5249,30432480724
660,82	5247,69005977297
660,94	5246,54389507106
661,06	5245,85852084626
661,19	5245,50614682245
661,31	5245,05917951407
661,43	5244,20321993947
661,55	5242,51942553867
661,67	5242,35425561391
661,8	5241,79025240971
661,92	5240,32930996595
662,04	5239,37585292122
662,16	5239,46984477089
662,28	5239,48721154446
662,4	5237,55032218562
662,53	5236,16815960431
662,65	5235,57540589981
662,77	5234,05555867626
662,89	5232,35459471772
663,01	5231,09849301047
663,14	5230,66094601499
663,26	5229,89000568018
663,38	5227,51253126866
663,5	5228,39734191477
663,62	5227,19347969555
663,74	5226,61638797666
663,87	5225,43676207621
663,99	5224,51604073417
664,11	5224,50586651287
664,23	5222,54956791602
664,35	5221,05130443141
664,48	5219,68421164641
664,6	5217,16662237292
664,72	5215,01789475064
664,84	5213,13859517796
664,96	5212,60193687136
665,08	5211,80466618895
665,21	5211,53604643765
665,33	5209,96801053892
665,45	5208,70699969997
665,57	5209,19816003542
665,69	5209,06354340677
665,81	5206,54160601691
665,94	5204,58247661077
666,06	5203,147654447
666,18	5203,63233077871
666,3	5203,18102221096
666,42	5204,85166412369
666,54	5205,03619984911
666,67	5203,57434951456
666,79	5201,83398716571
666,91	5200,73293400796
667,03	5199,98155304851
667,15	5198,18963431877
667,27	5196,67598042523
667,4	5196,73647326092
667,52	5196,41365239631
667,64	5195,97661699568
667,76	5194,4842013347
667,88	5192,4506851054
668	5192,92959179025
668,13	5192,28566559763
668,25	5191,77238639786
668,37	5191,36892501872
668,49	5191,22901488207
668,61	5191,16972320339
668,73	5190,02012236563
668,85	5190,05142367441
668,98	5189,44574480555
669,1	5189,34946210738
669,22	5188,06529917652
669,34	5186,53433682009
669,46	5186,40865934943
669,58	5186,18898131949
669,71	5185,06301530153
669,83	5184,00685901794
669,95	5183,69798926883
670,07	5183,51100422081
670,19	5182,38305840098
670,31	5180,95059865016
670,43	5181,83118213569
670,56	5180,87117179485
670,68	5180,71673767765
670,8	5180,65325742283
670,92	5179,34841065077
671,04	5177,9817864835
671,16	5176,9288042144
671,28	5177,66881063446
671,41	5177,64616916449
671,53	5177,88413698846
671,65	5176,52527216799
671,77	5175,38941872828
671,89	5176,02678956828
672,01	5175,53129258751
672,13	5174,68029515962
672,26	5174,17452395142
672,38	5173,82310687768
672,5	5173,57614108984
672,62	5170,73470792517
672,74	5170,28290459338
672,86	5170,48355367187
672,98	5169,86003878252
673,11	5169,96813810702
673,23	5168,89205007879
673,35	5167,65504466951
673,47	5167,69004233045
673,59	5166,64734120985
673,71	5165,89184340764
673,83	5165,67715092092
673,96	5164,36790567989
674,08	5162,5091107402
674,2	5162,9545639865
674,32	5162,6506166403
674,44	5160,88505931564
674,56	5158,05106077792
674,68	5156,56933961357
674,8	5156,20408551729
674,93	5155,18162400123
675,05	5153,78201940582
675,17	5151,59461962313
675,29	5151,0098969761
675,41	5149,899111282
675,53	5149,10279516107
675,65	5147,36895978724
675,77	5145,7632388268
675,9	5144,98755508172
676,02	5143,03726964541
676,14	5141,19550241626
676,26	5140,36933940967
676,38	5139,13882440671
676,5	5137,51071981567
676,62	5136,32159347391
676,74	5135,33257538764
676,87	5134,30617326587
676,99	5132,87342772919
677,11	5131,54370625024
677,23	5130,99925356613
677,35	5129,02539673579
677,47	5127,02503636771
677,59	5124,86842442303
677,71	5124,30223494388
677,83	5122,81796895418
677,96	5120,81868903784
678,08	5120,21436113126
678,2	5119,8813352209
678,32	5119,08715137533
678,44	5116,60734334793
678,56	5115,36903453841
678,68	5112,94185583995
678,8	5111,25023412827
678,93	5110,01360299331
679,05	5107,6132231262
679,17	5106,65129909496
679,29	5104,87925944439
679,41	5101,59709182957
679,53	5100,60686582833
679,65	5098,81059882493
679,77	5096,99202597736
679,89	5095,53292888707
680,01	5095,02854195323
680,14	5095,96278702239
680,26	5094,62480048005
680,38	5093,07918211238
680,5	5091,38593077172
680,62	5090,30439563763
680,74	5087,84079468335
680,86	5085,94559520418
680,98	5083,52510116837
681,1	5081,58168203811
681,22	5079,72389577016
681,35	5078,12979258314
681,47	5076,47142495609
681,59	5075,70946583591
681,71	5073,58342495026
681,83	5071,44010588437
681,95	5068,87838345582
682,07	5068,63557541385
682,19	5067,11879030816
682,31	5064,90770726975
682,43	5064,26673543471
682,56	5064,87034044375
682,68	5064,37868395772
682,8	5063,24476082948
682,92	5061,38573794272
683,04	5059,60576400164
683,16	5059,15690607314
683,28	5057,01409966822
683,4	5056,20214351921
683,52	5055,92587458746
683,64	5055,09938026036
683,76	5053,76530571892
683,89	5053,04187084145
684,01	5052,92077367542
684,13	5051,11287274359
684,25	5049,96458793064
684,37	5048,39624681109
684,49	5047,38892972016
684,61	5045,95146683212
684,73	5043,60932755994
684,85	5043,42549930527
684,97	5043,09731346727
685,09	5042,16373922441
685,21	5041,62738670372
685,34	5040,68457241647
685,46	5040,53932880667
685,58	5040,01056340974
685,7	5037,16139551819
685,82	5035,21667207886
685,94	5033,89316469317
686,06	5032,50000727063
686,18	5030,73802392084
686,3	5029,05201799015
686,42	5026,41946359879
686,54	5025,07143871086
686,66	5023,81920963941
686,79	5023,27635030688
686,91	5022,68144300449
687,03	5021,58116124428
687,15	5019,89761920076
687,27	5018,9768062651
687,39	5019,34103548802
687,51	5017,26488722658
687,63	5015,42036594922
687,75	5013,01013736131
687,87	5013,16116784494
687,99	5011,50882182588
688,11	5009,37625608581
688,23	5008,52671685033
688,35	5006,92289727031
688,48	5004,66027017265
688,6	5002,51340640084
688,72	5002,11729241856
688,84	5000,35780272008
688,96	4998,32027198448
689,08	4996,85025531679
689,2	4995,01315975287
689,32	4993,43952281248
689,44	4991,98746072083
689,56	4990,82084483788
689,68	4989,12740148384
689,8	4987,79163800652
689,92	4985,54068749399
690,04	4982,58212703795
690,16	4981,31036987
690,28	4980,48145812251
690,41	4979,56154633133
690,53	4976,53636331594
690,65	4975,04448597287
690,77	4973,49738911561
690,89	4972,01794958913
691,01	4970,52628566352
691,13	4967,37184907617
691,25	4966,72239549198
691,37	4964,82650877515
691,49	4962,54545529699
691,61	4963,08149208707
691,73	4962,1664358766
691,85	4960,69074145861
691,97	4960,05843997215
692,09	4958,92795106307
692,21	4957,36146092474
692,33	4955,2503285882
692,45	4953,09616286095
692,57	4950,47583949851
692,7	4949,06249785173
692,82	4945,47966287697
692,94	4945,1859553101
693,06	4943,40034526171
693,18	4943,1300688729
693,3	4941,7803111282
693,42	4940,74213197242
693,54	4938,55643485125
693,66	4938,11090577602
693,78	4936,72486370773
693,9	4936,27223356899
694,02	4935,41234887372
694,14	4935,03251665167
694,26	4933,49114334152
694,38	4932,3257093787
694,5	4932,01175908465
694,62	4930,76343339188
694,74	4929,05983364356
694,86	4927,04163350316
694,98	4926,18527960175
695,1	4924,87331469069
695,22	4923,76191076001
695,34	4921,64977441822
695,46	4921,41050733617
695,58	4919,62393849094
695,71	4918,24627116304
695,83	4915,69715508638
695,95	4914,41075960606
696,07	4913,08564056988
696,19	4910,46504857864
696,31	4909,52513631557
696,43	4908,14803973796
696,55	4907,74694822298
696,67	4906,00862123106
696,79	4904,94051267263
696,91	4903,53024820929
697,03	4902,76971801841
697,15	4901,64940188582
697,27	4900,29050019953
697,39	4899,20247834104
697,51	4897,82254319995
697,63	4896,17477137423
697,75	4894,49372101288
697,87	4895,03166725216
697,99	4894,75007169843
698,11	4893,90860502944
698,23	4892,29258681208
698,35	4892,13558035415
698,47	4892,30677983332
698,59	4892,84443701846
698,71	4891,64427074941
698,83	4891,44658310103
698,95	4891,16075965267
699,07	4890,25340870203
699,19	4889,97533967766
699,31	4889,59728313803
699,43	4888,50084505927
699,55	4887,94803455297
699,67	4887,41787814704
699,79	4886,94905852915
699,91	4887,61269895339
700,03	4887,07687738094
700,15	4886,41305788249
700,27	4885,94101121763
700,39	4885,94875971092
700,51	4886,26414177729
700,63	4886,44108545612
700,75	4885,72573618333
700,87	4884,30640152753
700,99	4882,42019891698
701,11	4882,13996711904
701,24	4882,16982200939
701,36	4881,92757232617
701,48	4881,2537889187
701,6	4880,21708467546
701,72	4878,95188517298
701,84	4878,47837263144
701,96	4877,38228418376
702,08	4876,79467225364
702,2	4875,74553571086
702,32	4874,69650197641
702,44	4874,98131660156
702,56	4874,02115126464
702,68	4874,0740170988
702,8	4874,01266606661
702,92	4873,11927350211
703,04	4872,68602097297
703,16	4871,5764907617
703,28	4873,26023675571
703,4	4873,30204113033
703,52	4873,34622964238
703,64	4874,01685252214
703,76	4873,31721570409
703,88	4873,6142676792
704	4873,2487778642
704,12	4873,20557258833
704,24	4872,2001621502
704,36	4871,68145070041
704,48	4869,6237059939
704,6	4868,49947786623
704,72	4867,83243547462
704,84	4866,4199978794
704,96	4866,91246862356
705,07	4866,33110045179
705,19	4865,92156506136
705,31	4865,84704727366
705,43	4865,04489361169
705,55	4864,41733919412
705,67	4864,38261858613
705,79	4864,32604580264
705,91	4863,41347728948
706,03	4861,85765338087
706,15	4861,68015857314
706,27	4861,8848154466
706,39	4860,14083573794
706,51	4858,98987306692
706,63	4857,95061223015
706,75	4858,16505466663
706,87	4857,7936131652
706,99	4856,78912257245
707,11	4856,3031373584
707,23	4856,36808972354
707,35	4855,25277485224
707,47	4855,47953617109
707,59	4855,03678260059
707,71	4855,28961541397
707,83	4854,13812764966
707,95	4854,13622602454
708,07	4853,59057230577
708,19	4853,17191972596
708,31	4852,49488221638
708,43	4850,93597993586
708,55	4850,78145907795
708,67	4849,52291798694
708,79	4849,0518939059
708,91	4849,1258002674
709,03	4849,13777334044
709,15	4849,70005171585
709,27	4849,45589405737
709,39	4850,04317565155
709,51	4849,83387226296
709,63	4849,16864703363
709,75	4848,76201180895
709,87	4847,90486357956
709,99	4847,52824177175
710,11	4847,34461107664
710,23	4846,13453406506
710,35	4845,93952730419
710,47	4845,91323022788
710,58	4845,94575276363
710,7	4844,78130947075
710,82	4843,31686706341
710,94	4842,14470831549
711,06	4841,67389648674
711,18	4841,26374035462
711,3	4840,73218345524
711,42	4840,26578933233
711,54	4839,90773467444
711,66	4839,34970429859
711,78	4838,99330005622
711,9	4838,23279285987
712,02	4836,62586758482
712,14	4835,6108299762
712,26	4834,26623644112
712,38	4833,40603282853
712,5	4832,0693007961
712,62	4831,47761402743
712,74	4830,57399549664
712,86	4830,39984033161
712,98	4829,49024865788
713,1	4829,99511837204
713,22	4829,31496139517
713,34	4828,08219681969
713,45	4826,91009051002
713,57	4825,79072474432
713,69	4824,57627052802
713,81	4823,76566740946
713,93	4823,39915672344
714,05	4822,58557999878
714,17	4821,41407820005
714,29	4821,307217714
714,41	4820,17492312533
714,53	4818,46816492912
714,65	4817,97087486418
714,77	4817,11536252654
714,89	4816,03426908904
715,01	4814,25370345967
715,13	4812,06524745484
715,25	4811,90913899545
715,37	4809,60288861313
715,49	4808,34871552204
715,61	4806,70110023041
715,72	4805,96626099698
715,84	4806,09502219348
715,96	4803,27667792799
716,08	4802,13758883655
716,2	4800,51951322899
716,32	4799,3785603337
716,44	4797,37917823822
716,56	4796,50036536081
716,68	4794,55927100283
716,8	4794,25626218544
716,92	4793,30632099715
717,04	4791,82861372739
717,16	4790,7276470249
717,28	4789,32923591388
717,4	4788,48721649058
717,52	4787,39010588438
717,63	4785,92624653727
717,75	4785,3254649329
717,87	4782,98526529352
717,99	4782,27082067818
718,11	4781,61491925698
718,23	4779,59374404237
718,35	4776,73707289564
718,47	4776,85368011559
718,59	4777,05148495044
718,71	4775,96726202523
718,83	4771,91877606984
718,95	4770,80887548755
719,07	4770,37353667794
719,19	4769,04395694715
719,3	4766,80479427554
719,42	4766,43110384825
719,54	4764,25386044236
719,66	4762,6597484059
719,78	4760,80489792863
719,9	4759,09045605143
720,02	4757,5827210624
720,14	4754,88596629178
720,26	4747,90211115675
720,38	4747,05017922569
720,5	4746,98162638982
720,62	4746,3021567147
720,74	4745,43621952293
720,85	4744,27196871532
720,97	4742,69167733084
721,09	4742,14241333065
721,21	4740,72100432568
721,33	4740,15533705021
721,45	4738,54977798945
721,57	4736,99695575577
721,69	4734,77585173275
721,81	4733,29293150868
721,93	4732,96272780288
722,05	4732,26543742919
722,16	4731,7947799848
722,28	4732,11517464368
722,4	4732,06808628048
722,52	4731,38477581933
722,64	4730,54190930938
722,76	4729,77905989822
722,88	4730,52554826551
723	4730,46814460864
723,12	4729,35225975607
723,24	4728,55782782939
723,36	4727,65529962511
723,47	4727,28562584803
723,59	4726,35121397965
723,71	4724,97288482635
723,83	4725,1860247015
723,95	4725,41197076601
724,07	4725,75720129683
724,19	4726,90600202739
724,31	4728,0162405425
724,43	4728,68550707692
724,55	4728,73048661371
724,66	4728,2248584004
724,78	4728,0057416363
724,9	4727,17107223732
725,02	4727,40180546404
725,14	4726,44287524869
725,26	4726,01016378725
725,38	4725,80471971663
725,5	4724,19023241548
725,62	4724,41566635499
725,74	4725,10320121527
725,85	4725,04339668918
725,97	4724,39033004465
726,09	4724,65123311749
726,21	4724,38434850669
726,33	4725,23071764264
726,45	4725,53690940551
726,57	4724,7821051678
726,69	4723,86969716195
726,81	4724,08446056062
726,92	4722,71024611781
727,04	4723,24345573975
727,16	4724,53689661199
727,28	4723,88725474877
727,4	4724,19359924148
727,52	4724,59471511423
727,64	4724,34636798826
727,76	4724,22487004623
727,88	4722,76000142733
727,99	4722,90356758394
728,11	4723,287847911
728,23	4722,28360668106
728,35	4720,95192410115
728,47	4719,76099188172
728,59	4719,83283149092
728,71	4720,00031108742
728,83	4717,48651320278
728,94	4717,0350052112
729,06	4717,0316083822
729,18	4715,81942191501
729,3	4714,31686029962
729,42	4712,80807835735
729,54	4712,69888363206
729,66	4711,16722929575
729,78	4709,61393486145
729,9	4708,61236142255
730,01	4706,66491721794
730,13	4705,22039122165
730,25	4703,88099460237
730,37	4703,09359211067
730,49	4700,8583620867
730,61	4698,78664113208
730,73	4696,60253571959
730,84	4695,07471617453
730,96	4692,62836800573
731,08	4691,17458438271
731,2	4687,96702913204
731,32	4688,00207541531
731,44	4686,25645137912
731,56	4685,13950744978
731,68	4683,77569260033
731,79	4682,13830245355
731,91	4680,35891776556
732,03	4677,72857347677
732,15	4676,97290908508
732,27	4679,22851595839
732,39	4678,77566134477
732,51	4677,61579905563
732,62	4676,11664293226
732,74	4674,90895291277
732,86	4674,00534503159
732,98	4672,86433616177
733,1	4671,54901410141
733,22	4670,85321044338
733,34	4669,3147779108
733,45	4667,72639968657
733,57	4665,95227514208
733,69	4666,60166457228
733,81	4666,20756581872
733,93	4665,07781342794
734,05	4663,21988668187
734,17	4660,58084562437
734,28	4659,97294666166
734,4	4658,03308785053
734,52	4656,18867544619
734,64	4655,24008147417
734,76	4653,78560311565
734,88	4652,26880131314
735	4650,79153883932
735,11	4649,83979575822
735,23	4648,62317114236
735,35	4647,83549947422
735,47	4645,87264184865
735,59	4645,36261687917
735,71	4644,64818320473
735,83	4643,56315826728
735,94	4642,8042860888
736,06	4641,97064293808
736,18	4639,36563458676
736,3	4638,14889266209
736,42	4636,36855668091
736,54	4635,63872537933
736,65	4633,38660904925
736,77	4632,25771557738
736,89	4630,99836313535
737,01	4629,81912395317
737,13	4628,88195211754
737,25	4628,1554667156
737,36	4625,7908152893
737,48	4627,08566528886
737,6	4626,18785746536
737,72	4624,88799920186
737,84	4623,85987359124
737,96	4622,16414902461
738,08	4620,17932359255
738,19	4618,89483247548
738,31	4617,03560660532
738,43	4615,48626035031
738,55	4613,96315981695
738,67	4611,84268518114
738,79	4610,6667023615
738,9	4609,52020127644
739,02	4608,52566094862
739,14	4607,29587309605
739,26	4604,7277737599
739,38	4602,58307096146
739,5	4599,95083189872
739,61	4598,32918806638
739,73	4595,72200492865
739,85	4593,06698133115
739,97	4591,28057159502
740,09	4588,81946168792
740,2	4586,6026323176
740,32	4584,75628801133
740,44	4582,50130348763
740,56	4579,98508831077
740,68	4576,02092184364
740,8	4574,64902652207
740,91	4572,35208568624
741,03	4569,54467108847
741,15	4567,85915811581
741,27	4567,18715460284
741,39	4565,24202069916
741,51	4562,20023802574
741,62	4558,28137157405
741,74	4555,93997517033
741,86	4552,78863309826
741,98	4549,96587756446
742,1	4547,25066195358
742,21	4545,12310932453
742,33	4543,33097898333
742,45	4541,11077963524
742,57	4537,9568700404
742,69	4535,76978264428
742,8	4536,18389108037
742,92	4535,43486373103
743,04	4533,81381403966
743,16	4533,5543393951
743,28	4530,43124837532
743,4	4528,0901381944
743,51	4525,32894875895
743,63	4523,30077171795
743,75	4520,84011231026
743,87	4517,72291865109
743,99	4516,27252026368
744,1	4513,68353897914
744,22	4511,86886360869
744,34	4509,20380576116
744,46	4506,81853740908
744,58	4505,22687941998
744,69	4502,61706572405
744,81	4499,9606568152
744,93	4496,84404971177
745,05	4495,27241229366
745,17	4492,40984566224
745,28	4489,77916404068
745,4	4486,8817631802
745,52	4484,16060534403
745,64	4481,04522698289
745,76	4479,09137073513
745,87	4477,09116028885
745,99	4474,34354902286
746,11	4471,93471552204
746,23	4468,8466324516
746,35	4465,8555055156
746,46	4463,29943085765
746,58	4459,55991626542
746,7	4456,32506348693
746,82	4452,51922822962
746,94	4450,361447403
747,05	4447,43003145946
747,17	4445,8068520153
747,29	4442,88466011261
747,41	4441,45644518044
747,53	4440,02529400319
747,64	4438,73478997026
747,76	4436,48367023498
747,88	4433,2176777736
748	4430,72251682062
748,12	4428,47476199465
748,23	4425,40997452367
748,35	4422,1127276281
748,47	4419,43851231725
748,59	4418,7871633008
748,7	4415,68359409145
748,82	4413,30725333893
748,94	4410,53402679297
749,06	4408,22462366625
749,18	4404,51474197128
749,29	4402,83483251043
749,41	4399,2618209083
749,53	4396,42584989761
749,65	4392,87262581598
749,76	4390,55079171218
749,88	4387,67444035083
750	4385,27960032508
750,12	4381,79076232089
750,24	4379,10624757427
750,35	4377,33748556215
750,47	4375,17067495681
750,59	4372,04929334487
750,71	4368,41430813373
750,82	4366,2938607686
750,94	4362,79385589238
751,06	4359,03491866857
751,18	4356,25986538265
751,3	4353,53156205524
751,41	4350,77924041142
751,53	4348,20583247257
751,65	4344,74378339582
751,77	4342,06334538697
751,88	4338,49133739393
752	4334,3114033481
752,12	4330,52881805074
752,24	4326,87296937073
752,35	4324,18213585825
752,47	4320,10549495338
752,59	4318,62355745866
752,71	4314,97595286907
752,83	4312,19012591356
752,94	4308,9427076397
753,06	4305,41859672181
753,18	4300,45301049522
753,3	4296,51413860804
753,41	4292,60341067116
753,53	4289,87951459223
753,65	4286,16811869536
753,77	4283,15317556416
753,88	4279,93630371775
754	4276,37860974835
754,12	4272,58942788648
754,24	4269,0140991672
754,35	4265,63369568802
754,47	4262,35178531251
754,59	4258,93893944346
754,71	4255,29675051777
754,82	4251,12174458999
754,94	4246,55845173449
755,06	4242,23969705126
755,18	4238,11555569926
755,29	4233,89885265614
755,41	4230,61169290327
755,53	4226,72964728123
755,65	4223,57363800069
755,76	4219,593963274
755,88	4215,62700171571
756	4212,27681670497
756,12	4209,73232839012
756,23	4205,85145466197
756,35	4202,40779074218
756,47	4197,27643435606
756,59	4194,17490767523
756,7	4189,74587321257
756,82	4184,92671594732
756,94	4181,00809123243
757,06	4176,97828081643
757,17	4173,93857524199
757,29	4170,29316674968
757,41	4166,35762083781
757,53	4163,39247001011
757,64	4159,1031016053
757,76	4154,69921924037
757,88	4151,69943369483
758	4149,54559360791
758,11	4145,702336756
758,23	4143,22060222721
758,35	4139,47405620174
758,47	4137,02638485984
758,58	4134,46095093199
758,7	4132,10600777748
758,82	4128,43384113557
758,94	4125,6453415361
759,05	4122,79394360019
759,17	4118,67167374214
759,29	4114,84829033
759,4	4110,58666600252
759,52	4107,23855259118
759,64	4102,96576232381
759,76	4099,71253079094
759,87	4095,77827547415
759,99	4092,07065493346
760,11	4089,41184025004
760,23	4086,58180704284
760,34	4082,72185945779
760,46	4077,95471893015
760,58	4074,14740037694
760,7	4070,19162200881
760,81	4067,07004887868
760,93	4063,35842594939
761,05	4060,80036928741
761,16	4057,87237875438
761,28	4055,06385844992
761,4	4051,84176256267
761,52	4047,28165619475
761,63	4043,21210409585
761,75	4039,89320247947
761,87	4035,65464379448
761,98	4032,74288160466
762,1	4029,33642441137
762,22	4024,81398528397
762,34	4020,4645208113
762,45	4017,14082333476
762,57	4013,21091636154
762,69	4008,9116269258
762,81	4004,90170323829
762,92	4000,73668249544
763,04	3997,42276920119
763,16	3994,36790193388
763,27	3990,31192482938
763,39	3985,63032637438
763,51	3982,42378663498
763,63	3979,18278629999
763,74	3976,23100150015
763,86	3972,70256074734
763,98	3969,66704305576
764,09	3966,14886937626
764,21	3962,2196526643
764,33	3958,03545995182
764,44	3953,63675856324
764,56	3949,88184185797
764,68	3945,12619651674
764,8	3941,65566632003
764,91	3937,1491442387
765,03	3933,13988152602
765,15	3928,0296461918
765,26	3924,12871870294
765,38	3920,61426319914
765,5	3916,30880918966
765,62	3911,03366706574
765,73	3906,51884110935
765,85	3902,61942338312
765,97	3899,0960637287
766,08	3894,68821695956
766,2	3891,55560513721
766,32	3887,81985613707
766,43	3884,25441516579
766,55	3879,75667039519
766,67	3876,2828114559
766,79	3872,70547908966
766,9	3869,85731946204
767,02	3866,79958073283
767,14	3861,83029055139
767,25	3858,56410371717
767,37	3855,14982442128
767,49	3850,70718070836
767,6	3847,75404050114
767,72	3844,39588794608
767,84	3840,67230026304
767,95	3835,97244887984
768,07	3832,95360287097
768,19	3829,32563973679
768,31	3826,48731766186
768,42	3822,22467929706
768,54	3819,87710557269
768,66	3818,84681820804
768,77	3815,48476604942
768,89	3812,56717591953
769,01	3808,73517481845
769,12	3805,95010381621
769,24	3803,21272343351
769,36	3799,29712210056
769,47	3795,59867052919
769,59	3792,42725582073
769,71	3789,15507505119
769,82	3785,58387799557
769,94	3780,84551809356
770,06	3777,11067676282
770,17	3773,2464823026
770,29	3768,2043984515
770,41	3763,97125447496
770,53	3760,91899310514
770,64	3757,24659968133
770,76	3753,40180223071
770,88	3747,91775672519
770,99	3745,69160095427
771,11	3742,08640442297
771,23	3738,23513730596
771,34	3732,72205268877
771,46	3729,32307558717
771,58	3725,7403534936
771,69	3721,1464256581
771,81	3717,11172037204
771,93	3711,57568618027
772,04	3708,40172992057
772,16	3704,50903318682
772,28	3699,72375032843
772,39	3696,13805607357
772,51	3692,47737423645
772,63	3687,92240805246
772,74	3683,00855418163
772,86	3677,91533308282
772,98	3673,10247928482
773,09	3666,91075165381
773,21	3661,86571278099
773,33	3658,92641428609
773,44	3654,28182145011
773,56	3649,68690672562
773,68	3645,50998540048
773,79	3642,4456583503
773,91	3638,3987676457
774,03	3634,90320223479
774,14	3629,72645270741
774,26	3625,95165599667
774,38	3622,19149416107
774,49	3617,74930677922
774,61	3613,35075278402
774,73	3609,79343484252
774,84	3605,71985543797
774,96	3600,79710867203
775,08	3595,86073069249
775,19	3592,76776344819
775,31	3588,55529040865
775,43	3584,32212897212
775,54	3579,13127735298
775,66	3575,8417920996
775,77	3571,71641351708
775,89	3566,85098163409
776,01	3561,6982472189
776,12	3558,28467249832
776,24	3554,50141040318
776,36	3549,93377964981
776,47	3546,04726156499
776,59	3541,93017892857
776,71	3536,76116718662
776,82	3532,17075519008
776,94	3528,34738828252
777,06	3523,44895298268
777,17	3519,56914789731
777,29	3513,4957998363
777,41	3508,71148793909
777,52	3505,69908756507
777,64	3502,47069214883
777,75	3498,7837776399
777,87	3495,89092371373
777,99	3491,34697337889
778,1	3487,49549114329
778,22	3483,78793840938
778,34	3481,13845635437
778,45	3477,39135968937
778,57	3474,42790955407
778,69	3470,42937750474
778,8	3466,45731361874
778,92	3464,64458375935
779,04	3460,67572869132
779,15	3457,15376308699
779,27	3452,92518758284
779,38	3448,95820389224
779,5	3444,95829575967
779,62	3441,50575719125
779,73	3438,83419249692
779,85	3434,34328316715
779,97	3430,42943638636
780,08	3426,299188748
780,2	3423,6301787538
780,31	3419,35898884063
780,43	3414,58158206695
780,55	3409,49608102558
780,66	3405,32230959601
780,78	3401,16528295743
780,9	3397,30617088311
781,01	3393,09610220828
781,13	3388,923613841
781,25	3385,39409112174
781,36	3381,34974774177
781,48	3376,97928763556
781,59	3371,89305731738
781,71	3368,25028151553
781,83	3363,22910516489
781,94	3360,18063638985
782,06	3356,54233215361
782,18	3352,213575041
782,29	3347,43906863113
782,41	3342,53016752743
782,52	3338,057745359
782,64	3334,39501694441
782,76	3329,7548073953
782,87	3324,84183702254
782,99	3320,7784023781
783,1	3317,4525998095
783,22	3313,16494217577
783,34	3308,81780749726
783,45	3304,06678035765
783,57	3299,39743756317
783,69	3296,10047711179
783,8	3290,78605376654
783,92	3286,57166551024
784,03	3282,48929388085
784,15	3278,00295222532
784,27	3274,35346938966
784,38	3270,44639535798
784,5	3266,2982774025
784,61	3262,22703971756
784,73	3258,05993080085
784,85	3255,86467230607
784,96	3252,30436737654
785,08	3248,26152105308
785,19	3244,58642007696
785,31	3240,77740708828
785,43	3237,74540355201
785,54	3232,78516488542
785,66	3227,68175787288
785,77	3222,25532648799
785,89	3219,46304648135
786,01	3215,52937555891
786,12	3210,62124024247
786,24	3207,21115897221
786,35	3203,93249398921
786,47	3199,79706086531
786,59	3196,14428825601
786,7	3192,27130582379
786,82	3189,52064805898
786,93	3184,68652959082
787,05	3180,56285410677
787,17	3174,66056720235
787,28	3171,14498209433
787,4	3155,92010473086
787,51	3151,34399919021
787,63	3148,15443862056
787,75	3146,18852141719
787,86	3143,34274620666
787,98	3137,52176474152
788,09	3135,22467848727
788,21	3132,66778276663
788,33	3128,542232264
788,44	3126,64393214661
788,56	3123,98111046639
788,67	3121,50380378621
788,79	3118,95973934092
788,91	3114,12725855887
789,02	3111,70289209115
789,14	3110,9949160586
789,25	3108,41514629521
789,37	3104,22591501286
789,48	3100,69212007026
789,6	3097,07725171352
789,72	3094,67729582085
789,83	3092,41187493701
789,95	3089,73151900821
790,06	3086,49164735697
790,18	3083,14216350179
790,3	3078,78409690678
790,41	3075,79562242826
790,53	3072,65294242046
790,64	3069,60042514543
790,76	3066,40341446378
790,87	3061,97310179756
790,99	3059,68217614965
791,11	3057,41426186502
791,22	3053,3378446602
791,34	3050,40311294819
791,45	3046,16630486544
791,57	3042,71251627881
791,68	3038,6456344819
791,8	3034,56809546197
791,92	3030,08414549999
792,03	3026,55840085756
792,15	3023,30267044763
792,26	3020,9544925211
792,38	3017,67699946111
792,49	3013,59765508201
792,61	3009,79423957541
792,73	3006,68379733119
792,84	3003,36621886461
792,96	2999,89394332637
793,07	2995,02703712507
793,19	2991,17051958206
793,3	2987,05258776752
793,42	2983,14421799073
793,54	2979,79955601968
793,65	2976,05443335039
793,77	2972,29345332157
793,88	2968,51661593323
794	2964,72392118534
794,11	2960,91536907792
794,23	2957,09095961097
794,34	2953,2506927845
794,46	2949,39456859845
794,58	2945,5225870529
794,69	2941,63474814782
794,81	2937,73105188319
794,92	2933,81149825903
795,04	2929,87608727535
795,15	2925,92481893214
795,27	2921,95769322937
795,39	2917,97471016709
795,5	2913,97586974526
795,62	2909,96117196391
795,73	2905,93061682303
795,85	2901,88420432257
795,96	2897,82193446261
796,08	2893,74380724313
796,19	2889,6498226641
796,31	2885,53998072555
796,42	2881,41428142745
796,54	2877,27272476982
796,66	2873,11531075266
796,77	2868,94203937598
796,89	2864,75291063974
797	2860,54792454399
797,12	2856,32708108869
797,23	2852,09038027383
797,35	2847,83782209948
797,46	2843,56940656558
797,58	2839,28513367215
797,69	2834,98500341919
797,81	2830,66901580669
797,93	2826,33717083465
798,04	2821,98946850309
798,16	2817,625908812
798,27	2813,24649176137
798,39	2808,8512173512
798,5	2804,44008558147
798,62	2800,01309645224
798,73	2795,57024996346
798,85	2791,11154611516
798,96	2786,63698490734
799,08	2782,14656633997
799,19	2777,64029041307
799,31	2773,11815712662
