Wavelength (nm)	Intensity
377.35	821.88
377.48	592.38
377.62	616.00
377.75	615.12
377.88	834.38
378.02	813.75
378.15	811.25
378.28	786.50
378.41	859.12
378.55	832.38
378.68	813.62
378.81	789.25
378.95	818.12
379.08	813.88
379.21	774.00
379.35	840.88
379.48	842.62
379.61	892.12
379.74	810.50
379.88	793.38
380.01	875.38
380.14	933.12
380.28	850.25
380.41	786.62
380.54	831.25
380.68	844.38
380.81	763.75
380.94	850.50
381.07	888.75
381.21	884.25
381.34	810.88
381.47	760.75
381.61	959.62
381.74	824.88
381.87	776.62
382.00	837.75
382.14	906.38
382.27	858.00
382.40	806.38
382.54	882.00
382.67	885.50
382.80	789.25
382.93	800.25
383.07	822.12
383.20	822.75
383.33	850.88
383.47	789.50
383.60	775.25
383.73	963.75
383.86	851.25
384.00	814.00
384.13	806.50
384.26	856.00
384.40	870.62
384.53	821.12
384.66	856.62
384.79	831.50
384.93	808.50
385.06	813.75
385.19	829.50
385.33	937.75
385.46	855.88
385.59	797.50
385.72	837.75
385.86	775.00
385.99	808.00
386.12	809.12
386.25	781.38
386.39	859.50
386.52	879.12
386.65	813.62
386.79	805.38
386.92	794.88
387.05	897.88
387.18	773.62
387.32	785.38
387.45	853.12
387.58	832.62
387.71	801.00
387.85	800.50
387.98	838.38
388.11	849.00
388.25	827.88
388.38	818.88
388.51	857.25
388.64	860.38
388.78	798.75
388.91	776.88
389.04	818.38
389.17	929.12
389.31	827.75
389.44	837.50
389.57	881.62
389.70	851.62
389.84	803.00
389.97	801.12
390.10	800.88
390.24	854.75
390.37	809.50
390.50	798.38
390.63	894.75
390.77	827.38
390.90	823.25
391.03	818.50
391.16	780.75
391.30	805.38
391.43	807.12
391.56	800.50
391.69	789.88
391.83	866.50
391.96	823.62
392.09	801.38
392.22	908.88
392.36	839.62
392.49	790.25
392.62	812.75
392.75	847.88
392.89	888.62
393.02	788.12
393.15	788.88
393.28	775.88
393.42	912.25
393.55	771.88
393.68	806.75
393.81	752.62
393.95	809.88
394.08	797.38
394.21	793.88
394.34	860.50
394.48	849.38
394.61	856.38
394.74	831.25
394.87	858.00
395.01	839.25
395.14	850.50
395.27	793.38
395.40	916.62
395.54	916.88
395.67	826.12
395.80	812.38
395.93	853.50
396.07	800.12
396.20	797.12
396.33	752.00
396.46	795.75
396.59	817.75
396.73	810.25
396.86	789.62
396.99	869.62
397.12	836.62
397.26	818.62
397.39	816.25
397.52	1119.50
397.65	933.88
397.79	818.88
397.92	811.00
398.05	874.50
398.18	803.25
398.32	814.12
398.45	844.75
398.58	845.50
398.71	850.38
398.84	779.88
398.98	817.25
399.11	848.00
399.24	838.62
399.37	806.88
399.51	787.00
399.64	824.38
399.77	829.12
399.90	818.00
400.03	819.00
400.17	777.88
400.30	883.00
400.43	851.50
400.56	821.00
400.70	824.88
400.83	801.00
400.96	793.88
401.09	827.50
401.23	825.88
401.36	888.62
401.49	804.12
401.62	835.75
401.75	818.88
401.89	790.88
402.02	812.38
402.15	820.38
402.28	841.88
402.41	832.88
402.55	804.12
402.68	817.12
402.81	892.88
402.94	860.75
403.08	798.25
403.21	784.38
403.34	860.75
403.47	858.38
403.60	812.12
403.74	841.50
403.87	860.25
404.00	797.25
404.13	795.00
404.26	779.25
404.40	797.62
404.53	839.75
404.66	809.25
404.79	787.25
404.93	869.25
405.06	826.50
405.19	768.50
405.32	830.38
405.45	850.75
405.59	866.12
405.72	823.62
405.85	790.88
405.98	988.00
406.11	795.88
406.25	796.38
406.38	810.25
406.51	849.25
406.64	817.38
406.77	777.38
406.91	773.62
407.04	846.00
407.17	819.62
407.30	836.50
407.43	815.62
407.57	896.88
407.70	877.25
407.83	793.75
407.96	826.25
408.09	787.62
408.23	911.12
408.36	812.50
408.49	801.25
408.62	934.62
408.75	830.62
408.89	793.00
409.02	843.00
409.15	831.00
409.28	912.62
409.41	845.88
409.55	802.25
409.68	947.25
409.81	843.62
409.94	792.50
410.07	827.88
410.20	828.38
410.34	816.25
410.47	818.62
410.60	827.12
410.73	857.00
410.86	800.38
411.00	822.38
411.13	790.88
411.26	824.75
411.39	827.50
411.52	834.00
411.66	805.25
411.79	814.25
411.92	790.38
412.05	818.62
412.18	813.00
412.31	846.50
412.45	882.00
412.58	852.50
412.71	779.50
412.84	842.50
412.97	900.38
413.11	826.12
413.24	838.12
413.37	874.00
413.50	925.12
413.63	834.62
413.76	809.62
413.90	861.38
414.03	810.00
414.16	810.00
414.29	844.75
414.42	828.75
414.56	933.75
414.69	807.75
414.82	818.50
414.95	824.50
415.08	851.50
415.21	818.00
415.35	840.25
415.48	750.50
415.61	870.50
415.74	869.25
415.87	780.12
416.00	841.38
416.14	934.50
416.27	832.75
416.40	795.12
416.53	821.62
416.66	853.12
416.79	827.12
416.93	794.50
417.06	843.88
417.19	826.50
417.32	813.75
417.45	807.12
417.58	777.88
417.72	870.88
417.85	799.75
417.98	821.38
418.11	867.25
418.24	797.88
418.37	806.38
418.51	819.50
418.64	832.38
418.77	911.38
418.90	843.12
419.03	789.50
419.16	847.50
419.29	867.25
419.43	804.62
419.56	792.62
419.69	933.88
419.82	874.38
419.95	826.12
420.08	866.62
420.22	901.88
420.35	956.88
420.48	865.00
420.61	819.88
420.74	776.12
420.87	861.00
421.00	787.00
421.14	809.38
421.27	865.62
421.40	904.50
421.53	844.88
421.66	823.50
421.79	823.25
421.93	821.62
422.06	822.50
422.19	800.25
422.32	874.88
422.45	869.50
422.58	836.00
422.71	803.75
422.85	880.25
422.98	869.12
423.11	780.50
423.24	765.25
423.37	795.38
423.50	799.38
423.63	820.75
423.77	796.38
423.90	797.50
424.03	848.25
424.16	855.12
424.29	820.00
424.42	777.88
424.55	795.50
424.69	791.00
424.82	828.75
424.95	841.62
425.08	790.25
425.21	845.50
425.34	807.88
425.47	822.12
425.60	845.88
425.74	780.88
425.87	808.75
426.00	820.38
426.13	838.75
426.26	791.12
426.39	796.50
426.52	813.50
426.66	893.88
426.79	850.88
426.92	801.50
427.05	931.62
427.18	888.88
427.31	817.88
427.44	815.38
427.57	799.62
427.71	831.62
427.84	786.88
427.97	829.00
428.10	884.62
428.23	831.75
428.36	806.62
428.49	738.25
428.62	959.50
428.76	926.62
428.89	838.75
429.02	779.75
429.15	821.00
429.28	927.50
429.41	807.88
429.54	818.38
429.67	809.75
429.81	856.62
429.94	824.50
430.07	804.38
430.20	878.50
430.33	893.00
430.46	790.50
430.59	791.12
430.72	838.12
430.85	781.88
430.99	819.50
431.12	790.75
431.25	885.75
431.38	895.88
431.51	828.25
431.64	830.62
431.77	909.50
431.90	904.12
432.03	827.75
432.17	799.75
432.30	839.62
432.43	859.75
432.56	825.00
432.69	846.50
432.82	839.88
432.95	882.62
433.08	826.25
433.21	831.12
433.35	819.25
433.48	831.38
433.61	788.25
433.74	816.50
433.87	804.38
434.00	867.75
434.13	804.12
434.26	858.75
434.39	858.00
434.53	864.25
434.66	822.75
434.79	820.75
434.92	815.00
435.05	904.38
435.18	813.50
435.31	845.62
435.44	892.00
435.57	843.88
435.70	828.38
435.84	796.50
435.97	898.50
436.10	944.75
436.23	813.88
436.36	800.75
436.49	826.88
436.62	854.88
436.75	818.62
436.88	846.75
437.01	814.12
437.14	798.75
437.28	777.62
437.41	807.12
437.54	886.00
437.67	859.00
437.80	802.38
437.93	785.00
438.06	950.88
438.19	883.50
438.32	790.75
438.45	793.62
438.58	855.00
438.72	910.50
438.85	867.62
438.98	824.75
439.11	854.00
439.24	905.38
439.37	888.12
439.50	856.62
439.63	883.50
439.76	820.12
439.89	800.25
440.02	813.62
440.15	856.50
440.29	901.25
440.42	834.62
440.55	821.62
440.68	911.62
440.81	962.25
440.94	838.50
441.07	834.25
441.20	929.12
441.33	860.62
441.46	818.00
441.59	811.62
441.72	834.00
441.85	847.38
441.99	866.88
442.12	866.12
442.25	925.88
442.38	860.38
442.51	848.88
442.64	791.38
442.77	837.88
442.90	823.12
443.03	784.75
443.16	811.62
443.29	844.00
443.42	914.88
443.55	816.25
443.68	844.12
443.82	791.75
443.95	815.50
444.08	819.38
444.21	828.38
444.34	815.25
444.47	826.50
444.60	830.25
444.73	841.38
444.86	837.75
444.99	899.25
445.12	857.25
445.25	833.75
445.38	848.12
445.51	881.62
445.64	843.88
445.78	811.12
445.91	775.38
446.04	944.62
446.17	873.75
446.30	778.88
446.43	859.50
446.56	834.12
446.69	802.25
446.82	807.75
446.95	876.62
447.08	887.50
447.21	841.00
447.34	814.12
447.47	887.88
447.60	877.88
447.73	835.25
447.86	867.25
447.99	846.62
448.13	854.88
448.26	879.50
448.39	824.00
448.52	872.25
448.65	875.50
448.78	832.50
448.91	826.62
449.04	869.12
449.17	822.12
449.30	855.88
449.43	848.25
449.56	835.50
449.69	900.88
449.82	830.88
449.95	790.25
450.08	898.25
450.21	872.88
450.34	836.38
450.47	831.50
450.60	879.88
450.73	851.00
450.87	826.25
451.00	841.88
451.13	878.25
451.26	994.12
451.39	826.38
451.52	859.12
451.65	833.38
451.78	821.50
451.91	822.75
452.04	806.50
452.17	928.25
452.30	922.12
452.43	821.38
452.56	819.38
452.69	887.12
452.82	806.62
452.95	869.38
453.08	801.38
453.21	767.50
453.34	885.50
453.47	816.00
453.60	883.25
453.73	928.75
453.86	869.12
453.99	858.12
454.12	854.12
454.25	835.12
454.38	855.62
454.52	799.62
454.65	818.25
454.78	823.50
454.91	784.62
455.04	814.00
455.17	800.75
455.30	809.62
455.43	900.75
455.56	827.88
455.69	796.00
455.82	873.25
455.95	854.88
456.08	796.00
456.21	796.50
456.34	781.50
456.47	773.62
456.60	819.75
456.73	810.00
456.86	835.75
456.99	869.12
457.12	813.00
457.25	816.50
457.38	897.75
457.51	877.00
457.64	848.62
457.77	814.50
457.90	832.25
458.03	819.75
458.16	828.00
458.29	831.75
458.42	828.25
458.55	782.88
458.68	804.75
458.81	830.12
458.94	907.25
459.07	941.62
459.20	793.75
459.33	804.38
459.46	901.25
459.59	941.25
459.72	901.38
459.85	831.50
459.98	918.25
460.11	882.75
460.24	843.00
460.37	792.25
460.50	880.75
460.63	862.38
460.76	834.00
460.89	846.75
461.02	868.75
461.15	879.75
461.28	831.12
461.41	827.50
461.54	915.62
461.67	812.38
461.80	847.00
461.93	883.62
462.06	866.50
462.19	898.38
462.32	827.00
462.45	820.62
462.58	881.50
462.71	831.62
462.84	833.62
462.97	778.62
463.10	842.62
463.23	851.12
463.36	877.25
463.49	851.88
463.62	797.38
463.75	874.62
463.88	828.00
464.01	828.00
464.14	805.75
464.27	945.00
464.40	837.00
464.53	832.50
464.66	876.62
464.79	865.88
464.92	854.38
465.05	809.75
465.18	843.50
465.31	842.75
465.44	844.75
465.57	820.50
465.70	832.25
465.83	964.12
465.96	863.00
466.09	821.50
466.22	893.50
466.35	871.75
466.48	823.38
466.61	822.50
466.74	840.62
466.87	892.50
467.00	876.00
467.13	872.12
467.26	888.75
467.39	800.12
467.52	800.88
467.65	838.12
467.78	921.62
467.91	848.38
468.04	853.88
468.17	828.25
468.30	835.25
468.43	814.00
468.56	823.00
468.69	863.38
468.82	875.88
468.95	811.38
469.08	837.12
469.21	851.25
469.34	883.00
469.47	953.25
469.60	923.25
469.73	854.38
469.86	880.75
469.99	902.62
470.11	823.88
470.24	830.38
470.37	891.00
470.50	858.75
470.63	831.88
470.76	847.88
470.89	894.88
471.02	962.50
471.15	835.25
471.28	843.50
471.41	951.88
471.54	878.62
471.67	840.75
471.80	790.00
471.93	903.50
472.06	876.38
472.19	849.00
472.32	825.88
472.45	961.25
472.58	904.62
472.71	862.38
472.84	832.12
472.97	834.75
473.10	823.38
473.23	898.88
473.36	812.88
473.49	923.62
473.62	907.25
473.74	882.88
473.87	898.38
474.00	831.25
474.13	834.62
474.26	869.12
474.39	884.25
474.52	861.88
474.65	864.25
474.78	861.88
474.91	808.50
475.04	883.25
475.17	981.62
475.30	882.00
475.43	882.12
475.56	922.88
475.69	870.75
475.82	889.38
475.95	831.75
476.08	942.38
476.21	875.25
476.34	901.50
476.46	897.50
476.59	932.88
476.72	857.00
476.85	853.62
476.98	832.25
477.11	922.00
477.24	868.62
477.37	808.50
477.50	852.25
477.63	886.25
477.76	833.38
477.89	802.25
478.02	824.38
478.15	869.25
478.28	855.88
478.41	892.88
478.54	860.88
478.66	912.62
478.79	856.25
478.92	863.38
479.05	871.12
479.18	885.25
479.31	846.62
479.44	848.50
479.57	842.00
479.70	865.25
479.83	886.12
479.96	858.00
480.09	890.88
480.22	1013.38
480.35	986.62
480.48	919.00
480.60	880.88
480.73	870.62
480.86	903.62
480.99	869.00
481.12	866.75
481.25	881.12
481.38	946.38
481.51	869.75
481.64	876.00
481.77	905.75
481.90	875.25
482.03	879.88
482.16	864.38
482.29	939.50
482.41	880.88
482.54	906.88
482.67	857.50
482.80	883.88
482.93	937.50
483.06	852.75
483.19	933.88
483.32	912.75
483.45	886.62
483.58	891.00
483.71	910.00
483.84	930.50
483.97	917.62
484.09	890.00
484.22	872.25
484.35	852.25
484.48	837.00
484.61	862.00
484.74	873.00
484.87	902.50
485.00	841.62
485.13	902.50
485.26	852.00
485.39	916.75
485.52	884.12
485.64	956.25
485.77	917.88
485.90	934.12
486.03	844.38
486.16	900.00
486.29	860.75
486.42	887.25
486.55	902.25
486.68	875.75
486.81	910.25
486.94	906.00
487.06	875.88
487.19	917.00
487.32	912.88
487.45	899.75
487.58	878.12
487.71	887.38
487.84	854.00
487.97	926.88
488.10	948.12
488.23	876.75
488.35	839.50
488.48	882.12
488.61	855.62
488.74	875.88
488.87	867.75
489.00	903.50
489.13	990.00
489.26	928.75
489.39	936.50
489.52	938.62
489.64	928.12
489.77	910.25
489.90	894.38
490.03	892.38
490.16	882.88
490.29	872.88
490.42	879.00
490.55	913.25
490.68	866.88
490.81	883.38
490.93	848.38
491.06	969.38
491.19	928.62
491.32	910.88
491.45	922.12
491.58	850.88
491.71	902.25
491.84	884.62
491.97	886.12
492.09	972.88
492.22	931.62
492.35	910.75
492.48	937.38
492.61	917.00
492.74	906.00
492.87	924.38
493.00	912.75
493.12	879.75
493.25	913.50
493.38	896.50
493.51	868.50
493.64	867.75
493.77	905.38
493.90	933.88
494.03	931.25
494.16	968.00
494.28	978.12
494.41	901.88
494.54	909.50
494.67	1017.88
494.80	993.62
494.93	912.50
495.06	927.50
495.19	934.75
495.31	919.50
495.44	900.38
495.57	881.00
495.70	936.88
495.83	909.00
495.96	875.62
496.09	918.12
496.22	987.00
496.34	1013.12
496.47	911.88
496.60	930.38
496.73	961.38
496.86	951.38
496.99	884.50
497.12	910.62
497.24	858.88
497.37	930.88
497.50	903.62
497.63	892.88
497.76	916.38
497.89	988.75
498.02	947.25
498.15	838.50
498.27	921.38
498.40	969.50
498.53	983.62
498.66	937.50
498.79	968.75
498.92	883.25
499.05	930.75
499.17	917.38
499.30	963.38
499.43	1012.38
499.56	946.12
499.69	872.88
499.82	939.75
499.95	908.75
500.07	896.25
500.20	920.75
500.33	966.12
500.46	1067.88
500.59	929.62
500.72	936.50
500.85	974.50
500.97	982.25
501.10	972.12
501.23	887.88
501.36	940.00
501.49	1002.25
501.62	958.25
501.75	930.12
501.87	981.50
502.00	881.38
502.13	944.88
502.26	942.38
502.39	908.62
502.52	924.12
502.64	880.12
502.77	906.75
502.90	965.00
503.03	932.38
503.16	906.88
503.29	901.00
503.42	980.88
503.54	938.25
503.67	936.62
503.80	940.38
503.93	982.25
504.06	898.62
504.19	932.50
504.31	995.62
504.44	947.62
504.57	957.88
504.70	943.62
504.83	887.00
504.96	947.75
505.08	930.12
505.21	939.75
505.34	1037.38
505.47	989.50
505.60	972.12
505.73	988.38
505.85	982.38
505.98	1071.88
506.11	941.12
506.24	908.62
506.37	904.12
506.50	945.50
506.62	980.88
506.75	925.50
506.88	907.88
507.01	953.25
507.14	891.62
507.27	931.75
507.39	913.75
507.52	919.62
507.65	930.75
507.78	961.88
507.91	911.88
508.04	1001.38
508.16	1000.88
508.29	956.50
508.42	929.62
508.55	917.88
508.68	917.50
508.81	986.62
508.93	925.75
509.06	932.38
509.19	978.88
509.32	969.25
509.45	953.62
509.57	969.00
509.70	922.38
509.83	953.38
509.96	904.75
510.09	950.88
510.22	945.50
510.34	952.38
510.47	938.25
510.60	1049.25
510.73	964.50
510.86	965.00
510.98	936.25
511.11	931.25
511.24	997.12
511.37	975.25
511.50	938.75
511.63	964.38
511.75	957.38
511.88	945.25
512.01	976.75
512.14	959.00
512.27	970.88
512.39	946.75
512.52	942.12
512.65	962.62
512.78	924.62
512.91	955.00
513.03	951.88
513.16	997.50
513.29	964.75
513.42	942.50
513.55	900.88
513.67	972.75
513.80	904.50
513.93	930.25
514.06	931.50
514.19	967.75
514.31	965.50
514.44	998.38
514.57	936.00
514.70	960.12
514.83	1012.75
514.95	943.00
515.08	966.25
515.21	983.75
515.34	968.50
515.47	957.00
515.59	928.12
515.72	977.50
515.85	979.12
515.98	1012.25
516.11	968.88
516.23	999.25
516.36	1025.50
516.49	981.00
516.62	967.62
516.75	1024.75
516.87	1020.12
517.00	936.38
517.13	988.00
517.26	1018.38
517.39	982.38
517.51	896.50
517.64	966.88
517.77	1043.62
517.90	935.88
518.02	962.50
518.15	934.38
518.28	885.75
518.41	967.88
518.54	965.50
518.66	972.75
518.79	933.00
518.92	947.38
519.05	929.50
519.18	954.25
519.30	995.12
519.43	923.50
519.56	940.38
519.69	949.12
519.81	1009.00
519.94	953.75
520.07	894.62
520.20	945.62
520.33	978.12
520.45	1027.00
520.58	978.25
520.71	993.88
520.84	1019.75
520.96	992.88
521.09	969.50
521.22	944.12
521.35	1005.88
521.48	1004.12
521.60	941.38
521.73	968.12
521.86	1026.62
521.99	1057.00
522.11	990.12
522.24	967.25
522.37	1003.75
522.50	990.62
522.62	1027.88
522.75	920.50
522.88	991.88
523.01	952.50
523.14	993.38
523.26	993.12
523.39	1040.38
523.52	960.00
523.65	1057.62
523.77	1006.75
523.90	980.00
524.03	965.50
524.16	965.50
524.28	959.38
524.41	962.38
524.54	966.38
524.67	943.62
524.79	961.62
524.92	999.12
525.05	1047.12
525.18	940.38
525.31	1010.38
525.43	945.88
525.56	1093.38
525.69	959.62
525.82	908.38
525.94	1017.88
526.07	1024.12
526.20	1005.25
526.33	1019.62
526.45	1105.88
526.58	1076.25
526.71	1001.25
526.84	981.25
526.96	989.62
527.09	963.00
527.22	973.50
527.35	979.12
527.47	944.38
527.60	1044.50
527.73	945.88
527.86	1014.38
527.98	1002.00
528.11	1015.62
528.24	953.75
528.37	967.38
528.49	935.38
528.62	985.50
528.75	1017.00
528.88	956.12
529.00	1014.25
529.13	1031.38
529.26	982.88
529.39	1018.00
529.51	1118.12
529.64	1092.25
529.77	966.75
529.90	970.75
530.02	972.88
530.15	961.75
530.28	919.00
530.40	955.00
530.53	990.25
530.66	1007.88
530.79	971.25
530.91	988.12
531.04	967.25
531.17	982.00
531.30	980.62
531.42	988.38
531.55	996.38
531.68	1052.75
531.81	969.50
531.93	981.12
532.06	1004.25
532.19	947.75
532.31	983.12
532.44	980.88
532.57	1018.50
532.70	966.00
532.82	1001.50
532.95	1019.12
533.08	1057.88
533.21	1022.88
533.33	959.50
533.46	974.75
533.59	982.25
533.71	1101.88
533.84	1005.75
533.97	976.75
534.10	969.00
534.22	962.38
534.35	985.62
534.48	996.25
534.61	1019.88
534.73	937.00
534.86	953.25
534.99	1002.88
535.11	1050.12
535.24	1002.25
535.37	961.25
535.50	952.38
535.62	962.75
535.75	1054.88
535.88	996.88
536.00	965.75
536.13	976.75
536.26	987.88
536.39	970.50
536.51	948.12
536.64	1011.25
536.77	993.12
536.89	988.88
537.02	991.50
537.15	1026.00
537.28	999.88
537.40	1009.75
537.53	976.88
537.66	1046.62
537.78	1008.62
537.91	965.75
538.04	980.75
538.17	1042.25
538.29	1019.12
538.42	1072.12
538.55	1052.75
538.67	1037.50
538.80	980.25
538.93	1012.25
539.05	1005.25
539.18	1069.25
539.31	1037.88
539.44	1015.88
539.56	927.62
539.69	987.25
539.82	974.75
539.94	993.25
540.07	977.75
540.20	1070.50
540.32	972.12
540.45	995.12
540.58	992.12
540.71	1049.12
540.83	951.75
540.96	985.38
541.09	989.38
541.21	1079.00
541.34	1066.75
541.47	975.12
541.59	998.88
541.72	1081.25
541.85	1155.38
541.98	1061.75
542.10	1003.88
542.23	1025.00
542.36	1129.00
542.48	1018.50
542.61	1000.88
542.74	975.00
542.86	995.88
542.99	1002.38
543.12	980.50
543.24	1018.62
543.37	950.38
543.50	1000.75
543.62	983.38
543.75	995.25
543.88	991.75
544.01	1016.38
544.13	1036.88
544.26	1038.38
544.39	978.50
544.51	984.12
544.64	975.00
544.77	1031.75
544.89	998.25
545.02	1015.12
545.15	986.75
545.27	1092.38
545.40	1060.50
545.53	1039.88
545.65	1039.00
545.78	939.88
545.91	969.00
546.03	998.25
546.16	1012.25
546.29	1000.75
546.41	972.62
546.54	1002.62
546.67	974.88
546.79	1047.25
546.92	1094.00
547.05	964.62
547.17	1018.25
547.30	991.88
547.43	1048.75
547.56	973.50
547.68	1007.38
547.81	965.62
547.94	1035.38
548.06	1001.25
548.19	985.88
548.32	1072.88
548.44	1031.00
548.57	1033.12
548.70	1049.25
548.82	1058.12
548.95	1049.38
549.08	1009.25
549.20	1009.88
549.33	1110.12
549.45	1031.75
549.58	1011.25
549.71	969.62
549.83	1069.25
549.96	970.00
550.09	1017.75
550.21	999.12
550.34	1031.00
550.47	1012.50
550.59	1008.62
550.72	945.75
550.85	1018.00
550.97	1078.38
551.10	1001.00
551.23	1011.25
551.35	1092.50
551.48	1040.38
551.61	1011.00
551.73	1000.00
551.86	1093.62
551.99	1091.38
552.11	1032.75
552.24	1055.75
552.37	1031.00
552.49	1000.25
552.62	1006.25
552.75	1057.50
552.87	1009.38
553.00	1001.50
553.12	1033.62
553.25	1012.75
553.38	1054.00
553.50	1081.75
553.63	1024.38
553.76	967.25
553.88	1031.12
554.01	1015.12
554.14	1020.38
554.26	1049.25
554.39	1114.88
554.52	1035.62
554.64	1032.38
554.77	1007.62
554.89	1056.00
555.02	1075.38
555.15	1040.25
555.27	1034.75
555.40	1035.38
555.53	1090.88
555.65	1024.00
555.78	990.00
555.91	1062.62
556.03	1094.62
556.16	1003.00
556.29	1035.12
556.41	1098.25
556.54	1097.88
556.66	1033.62
556.79	1013.88
556.92	1036.38
557.04	1046.25
557.17	1014.00
557.30	1015.12
557.42	1027.25
557.55	1031.50
557.67	1046.88
557.80	1024.00
557.93	1037.88
558.05	1039.50
558.18	997.12
558.31	1035.88
558.43	1076.25
558.56	1050.38
558.68	1034.12
558.81	1009.00
558.94	1034.88
559.06	1144.88
559.19	1018.75
559.32	1021.62
559.44	998.62
559.57	1035.75
559.69	1004.75
559.82	1000.75
559.95	1022.12
560.07	1021.75
560.20	959.62
560.33	1035.00
560.45	1053.00
560.58	981.88
560.70	1040.00
560.83	999.00
560.96	1024.50
561.08	1030.88
561.21	1055.00
561.33	1002.00
561.46	988.62
561.59	1075.38
561.71	1022.12
561.84	1058.88
561.97	1001.12
562.09	1072.25
562.22	1017.62
562.34	1020.00
562.47	1082.00
562.60	1065.50
562.72	1036.00
562.85	1040.12
562.97	1036.88
563.10	1033.75
563.23	1004.25
563.35	1005.38
563.48	1060.88
563.60	1047.50
563.73	1063.88
563.86	994.62
563.98	1018.38
564.11	1036.12
564.23	1035.88
564.36	1104.62
564.49	1050.25
564.61	1108.25
564.74	1058.50
564.86	1024.62
564.99	1098.75
565.12	1087.00
565.24	1098.12
565.37	1083.12
565.49	1093.00
565.62	1122.38
565.75	1082.88
565.87	1027.88
566.00	1187.12
566.12	1107.88
566.25	1057.00
566.38	1085.88
566.50	1058.75
566.63	1094.50
566.75	1043.62
566.88	1018.88
567.01	1016.75
567.13	1045.62
567.26	1042.88
567.38	1018.00
567.51	1097.12
567.64	1036.88
567.76	1078.38
567.89	1065.25
568.01	1028.00
568.14	1011.75
568.26	1059.50
568.39	1061.12
568.52	1052.12
568.64	1086.38
568.77	1048.38
568.89	1032.50
569.02	1033.62
569.15	1055.25
569.27	1044.50
569.40	1068.88
569.52	1086.12
569.65	1042.50
569.77	1041.00
569.90	1001.88
570.03	1007.12
570.15	1124.50
570.28	1047.38
570.40	1045.62
570.53	1050.38
570.66	1120.50
570.78	1099.50
570.91	1070.38
571.03	1027.38
571.16	1061.38
571.28	1018.88
571.41	1002.50
571.54	995.75
571.66	993.38
571.79	1024.12
571.91	1032.62
572.04	1007.62
572.16	1068.00
572.29	1080.25
572.42	1034.00
572.54	1069.12
572.67	1033.88
572.79	1075.88
572.92	1050.12
573.04	1085.38
573.17	1102.00
573.29	1064.88
573.42	1045.25
573.55	1089.38
573.67	1076.50
573.80	1051.50
573.92	1030.88
574.05	1069.38
574.17	1112.00
574.30	1063.88
574.43	1046.50
574.55	1035.00
574.68	1067.38
574.80	1040.50
574.93	1054.25
575.05	1017.25
575.18	1034.50
575.30	1048.50
575.43	1089.50
575.56	1117.62
575.68	1079.25
575.81	1048.12
575.93	1034.00
576.06	1088.12
576.18	1096.12
576.31	1054.25
576.43	1036.12
576.56	1144.50
576.69	1123.62
576.81	1079.62
576.94	1045.25
577.06	1057.62
577.19	1099.62
577.31	1066.62
577.44	1080.25
577.56	1113.50
577.69	1080.00
577.82	1066.75
577.94	1030.00
578.07	1014.38
578.19	1089.12
578.32	1092.62
578.44	1043.38
578.57	1050.12
578.69	1110.00
578.82	1072.38
578.94	1095.00
579.07	1113.00
579.19	1104.00
579.32	1084.25
579.45	1084.00
579.57	1062.25
579.70	1034.88
579.82	1075.88
579.95	1051.88
580.07	1128.62
580.20	1060.38
580.32	1066.50
580.45	1099.88
580.57	1100.62
580.70	1064.88
580.82	1090.00
580.95	1092.00
581.08	1026.50
581.20	1114.25
581.33	1067.50
581.45	1089.38
581.58	1077.88
581.70	1086.50
581.83	997.62
581.95	1083.50
582.08	1097.00
582.20	1059.25
582.33	1070.88
582.45	1039.12
582.58	1062.88
582.70	1092.62
582.83	1045.00
582.95	1064.50
583.08	1113.25
583.21	1124.25
583.33	1081.38
583.46	1050.00
583.58	1035.38
583.71	1112.50
583.83	1091.75
583.96	1093.50
584.08	1106.00
584.21	1103.50
584.33	1093.88
584.46	1065.88
584.58	1038.62
584.71	1113.12
584.83	1107.75
584.96	1075.12
585.08	1055.38
585.21	1175.88
585.33	1140.38
585.46	1105.75
585.58	1118.75
585.71	1057.62
585.83	1080.12
585.96	1117.25
586.08	1096.50
586.21	1101.00
586.33	1110.00
586.46	1036.12
586.59	1110.75
586.71	1046.62
586.84	1094.00
586.96	1081.50
587.09	1017.88
587.21	1050.75
587.34	1109.38
587.46	1044.00
587.59	1027.88
587.71	1080.25
587.84	1056.12
587.96	1028.62
588.09	1039.38
588.21	1092.00
588.34	1065.00
588.46	1083.00
588.59	1052.75
588.71	1100.75
588.84	1092.25
588.96	1080.50
589.09	1180.50
589.21	1083.50
589.34	1050.88
589.46	1073.00
589.59	1088.88
589.71	1133.00
589.84	1031.38
589.96	1045.88
590.09	1079.12
590.21	1116.12
590.34	1090.75
590.46	1091.12
590.59	1064.25
590.71	1073.88
590.84	1117.62
590.96	1050.88
591.09	1102.38
591.21	1092.75
591.34	1062.75
591.46	1072.00
591.59	1138.12
591.71	1112.25
591.83	1073.38
591.96	1026.50
592.08	1065.00
592.21	1115.62
592.33	1091.38
592.46	1063.00
592.58	1093.12
592.71	1128.00
592.83	1158.00
592.96	1109.25
593.08	1138.75
593.21	1050.62
593.33	1044.50
593.46	1077.00
593.58	1077.38
593.71	1121.62
593.83	1128.25
593.96	1054.75
594.08	1193.38
594.21	1091.75
594.33	1070.00
594.46	1052.00
594.58	1041.38
594.71	1024.50
594.83	1083.50
594.96	1069.88
595.08	1233.50
595.20	1114.38
595.33	1099.50
595.45	1062.38
595.58	1177.50
595.70	1108.50
595.83	1066.75
595.95	1080.88
596.08	1098.38
596.20	1045.62
596.33	1040.00
596.45	1086.12
596.58	1053.50
596.70	1047.00
596.83	1071.88
596.95	1061.38
597.08	1095.38
597.20	1049.25
597.32	1065.00
597.45	1101.75
597.57	1078.12
597.70	1113.00
597.82	1067.38
597.95	1085.00
598.07	1083.38
598.20	1095.38
598.32	1078.38
598.45	1070.88
598.57	1128.62
598.70	1141.25
598.82	1079.62
598.94	1072.25
599.07	1133.12
599.19	1094.12
599.32	1068.38
599.44	1000.88
599.57	1120.88
599.69	1107.50
599.82	1085.25
599.94	1044.12
600.07	1134.38
600.19	1116.00
600.31	1068.12
600.44	1123.50
600.56	1197.88
600.69	1180.88
600.81	1071.75
600.94	1077.38
601.06	1095.50
601.19	1117.00
601.31	1137.12
601.44	1043.88
601.56	1156.00
601.68	1124.25
601.81	1107.50
601.93	1099.38
602.06	1118.62
602.18	1062.75
602.31	1082.38
602.43	1147.75
602.56	1130.25
602.68	1099.25
602.80	1095.62
602.93	1099.88
603.05	1067.62
603.18	1090.88
603.30	1049.75
603.43	1062.75
603.55	1089.38
603.68	1109.75
603.80	1099.88
603.92	1093.12
604.05	1074.50
604.17	1077.75
604.30	1056.38
604.42	1083.00
604.55	1084.88
604.67	1122.00
604.79	1066.50
604.92	1078.50
605.04	1075.00
605.17	1073.38
605.29	1083.50
605.42	1074.62
605.54	1164.75
605.66	1108.00
605.79	1110.75
605.91	1087.88
606.04	1083.50
606.16	1057.25
606.29	1103.50
606.41	1054.88
606.53	1086.62
606.66	1041.12
606.78	1084.38
606.91	1068.12
607.03	1079.50
607.16	1075.50
607.28	1064.62
607.40	1103.88
607.53	1112.75
607.65	1058.00
607.78	1055.75
607.90	1086.50
608.03	1196.88
608.15	1104.75
608.27	1111.12
608.40	1050.50
608.52	1113.00
608.65	1092.38
608.77	1126.38
608.89	1096.88
609.02	1171.12
609.14	1177.38
609.27	1123.62
609.39	1132.25
609.52	1065.38
609.64	1026.62
609.76	1064.00
609.89	1091.50
610.01	1162.12
610.14	1130.50
610.26	1087.88
610.38	1061.12
610.51	1141.62
610.63	1086.62
610.76	1061.25
610.88	1109.75
611.01	1157.12
611.13	1197.62
611.25	1132.25
611.38	1066.12
611.50	1097.12
611.63	1120.50
611.75	1106.38
611.87	1110.25
612.00	1071.25
612.12	1145.75
612.25	1088.38
612.37	1066.88
612.49	1173.38
612.62	1150.25
612.74	1172.25
612.87	1105.25
612.99	1100.38
613.11	1043.75
613.24	1085.25
613.36	1088.12
613.49	1111.00
613.61	1108.38
613.73	1081.62
613.86	1127.62
613.98	1074.62
614.11	1137.12
614.23	1143.38
614.35	1152.62
614.48	1145.50
614.60	1117.88
614.72	1093.38
614.85	1115.38
614.97	1115.12
615.10	1113.25
615.22	1096.38
615.34	1117.75
615.47	1151.75
615.59	1076.88
615.72	1098.62
615.84	1113.88
615.96	1077.62
616.09	1197.00
616.21	1094.38
616.34	1083.62
616.46	1097.88
616.58	1132.00
616.71	1130.00
616.83	1140.00
616.95	1132.62
617.08	1128.75
617.20	1104.88
617.33	1073.12
617.45	1098.88
617.57	1125.75
617.70	1115.62
617.82	1087.25
617.95	1115.12
618.07	1167.88
618.19	1121.75
618.32	1126.38
618.44	1089.38
618.56	1061.12
618.69	1038.38
618.81	1060.00
618.94	1145.12
619.06	1104.75
619.18	1106.50
619.31	1066.50
619.43	1078.00
619.55	1120.62
619.68	1124.50
619.80	1074.50
619.92	1123.12
620.05	1236.25
620.17	1168.88
620.30	1112.62
620.42	1129.75
620.54	1151.38
620.67	1091.88
620.79	1118.12
620.91	1126.00
621.04	1175.25
621.16	1096.88
621.29	1088.38
621.41	1056.88
621.53	1101.75
621.66	1105.12
621.78	1090.88
621.90	1150.38
622.03	1203.12
622.15	1119.38
622.27	1111.12
622.40	1116.12
622.52	1087.00
622.64	1100.62
622.77	1066.12
622.89	1124.12
623.02	1159.38
623.14	1132.88
623.26	1137.12
623.39	1144.62
623.51	1172.12
623.63	1099.50
623.76	1081.12
623.88	1172.00
624.00	1115.00
624.13	1079.25
624.25	1084.75
624.37	1078.00
624.50	1155.12
624.62	1138.75
624.75	1067.62
624.87	1070.12
624.99	1131.75
625.12	1087.88
625.24	1106.25
625.36	1190.38
625.49	1151.50
625.61	1133.00
625.73	1123.25
625.86	1165.38
625.98	1115.38
626.10	1089.25
626.23	1076.12
626.35	1134.12
626.47	1099.75
626.60	1084.38
626.72	1093.25
626.84	1097.12
626.97	1133.00
627.09	1108.88
627.21	1115.38
627.34	1231.75
627.46	1213.12
627.58	1113.75
627.71	1129.88
627.83	1154.50
627.95	1077.50
628.08	1113.50
628.20	1146.38
628.32	1067.38
628.45	1041.75
628.57	1056.00
628.69	1088.25
628.82	1133.75
628.94	1175.25
629.06	1125.12
629.19	1105.88
629.31	1156.75
629.43	1081.50
629.56	1136.88
629.68	1115.62
629.80	1170.12
629.93	1081.25
630.05	1089.75
630.17	1076.38
630.30	1116.88
630.42	1086.25
630.54	1137.25
630.67	1119.00
630.79	1100.00
630.91	1236.88
631.04	1139.38
631.16	1131.25
631.28	1129.12
631.41	1096.00
631.53	1081.62
631.65	1121.88
631.78	1141.75
631.90	1127.00
632.02	1111.75
632.14	1039.38
632.27	1182.00
632.39	1128.62
632.51	1103.88
632.64	1164.12
632.76	1126.88
632.88	1104.25
633.01	1131.50
633.13	1106.38
633.25	1125.75
633.38	1226.50
633.50	1081.25
633.62	1072.12
633.75	1066.75
633.87	1055.00
633.99	1133.38
634.11	1075.50
634.24	1107.75
634.36	1114.38
634.48	1107.00
634.61	1108.12
634.73	1147.12
634.85	1102.50
634.98	1098.38
635.10	1106.50
635.22	1119.88
635.35	1236.12
635.47	1140.75
635.59	1117.25
635.71	1152.25
635.84	1164.00
635.96	1103.25
636.08	1159.25
636.21	1105.88
636.33	1133.38
636.45	1122.00
636.58	1095.88
636.70	1071.25
636.82	1153.75
636.94	1103.12
637.07	1066.38
637.19	1156.25
637.31	1153.12
637.44	1146.50
637.56	1079.75
637.68	1135.12
637.81	1142.00
637.93	1137.25
638.05	1079.12
638.17	1174.62
638.30	1239.38
638.42	1118.38
638.54	1096.00
638.67	1116.88
638.79	1130.62
638.91	1100.25
639.03	1121.50
639.16	1116.12
639.28	1125.38
639.40	1127.25
639.53	1097.75
639.65	1154.50
639.77	1123.12
639.89	1132.12
640.02	1123.88
640.14	1134.38
640.26	1099.25
640.39	1162.50
640.51	1108.38
640.63	1150.00
640.75	1173.12
640.88	1120.62
641.00	1101.25
641.12	1102.38
641.24	1199.62
641.37	1115.25
641.49	1093.75
641.61	1238.00
641.74	1107.75
641.86	1149.50
641.98	1087.00
642.10	1145.38
642.23	1148.75
642.35	1108.38
642.47	1142.25
642.60	1136.25
642.72	1156.50
642.84	1071.50
642.96	1096.75
643.09	1095.25
643.21	1095.75
643.33	1095.38
643.45	1101.50
643.58	1172.25
643.70	1204.12
643.82	1112.88
643.94	1116.62
644.07	1134.50
644.19	1146.12
644.31	1134.50
644.44	1131.62
644.56	1128.62
644.68	1088.38
644.80	1094.88
644.93	1090.88
645.05	1106.12
645.17	1144.50
645.29	1134.50
645.42	1149.00
645.54	1135.75
645.66	1161.12
645.78	1128.50
645.91	1103.88
646.03	1159.12
646.15	1212.00
646.27	1116.75
646.40	1152.38
646.52	1176.50
646.64	1180.12
646.76	1131.00
646.89	1080.12
647.01	1174.12
647.13	1157.00
647.25	1170.00
647.38	1135.00
647.50	1110.38
647.62	1178.50
647.74	1093.38
647.87	1104.88
647.99	1147.25
648.11	1164.50
648.23	1129.00
648.36	1082.88
648.48	1194.75
648.60	1137.88
648.72	1105.62
648.85	1099.38
648.97	1184.75
649.09	1160.50
649.21	1119.88
649.34	1151.00
649.46	1156.38
649.58	1156.62
649.70	1164.50
649.83	1120.00
649.95	1160.62
650.07	1173.00
650.19	1174.88
650.32	1144.50
650.44	1190.75
650.56	1164.38
650.68	1132.88
650.81	1128.75
650.93	1131.75
651.05	1203.75
651.17	1117.25
651.29	1160.88
651.42	1136.50
651.54	1172.38
651.66	1112.88
651.78	1120.38
651.91	1176.38
652.03	1264.88
652.15	1163.00
652.27	1116.88
652.40	1158.50
652.52	1133.62
652.64	1159.00
652.76	1130.50
652.88	1251.25
653.01	1158.00
653.13	1110.38
653.25	1085.38
653.37	1175.88
653.50	1191.50
653.62	1164.38
653.74	1108.25
653.86	1194.62
653.98	1179.62
654.11	1124.62
654.23	1141.50
654.35	1135.75
654.47	1272.50
654.60	1134.62
654.72	1130.62
654.84	1113.12
654.96	1190.00
655.08	1136.00
655.21	1172.25
655.33	1149.62
655.45	1203.62
655.57	1156.38
655.70	1155.75
655.82	1201.50
655.94	1236.50
656.06	1183.38
656.18	1120.62
656.31	1206.12
656.43	1182.62
656.55	1136.38
656.67	1147.12
656.79	1155.00
656.92	1210.00
657.04	1177.75
657.16	1137.00
657.28	1282.00
657.40	1167.62
657.53	1189.12
657.65	1146.25
657.77	1204.00
657.89	1211.75
658.01	1153.00
658.14	1123.00
658.26	1188.12
658.38	1154.38
658.50	1115.50
658.62	1120.50
658.75	1284.12
658.87	1206.75
658.99	1188.12
659.11	1119.50
659.23	1212.25
659.36	1263.00
659.48	1204.75
659.60	1178.88
659.72	1179.25
659.84	1170.88
659.97	1190.12
660.09	1197.75
660.21	1278.50
660.33	1211.88
660.45	1109.38
660.58	1097.38
660.70	1140.50
660.82	1156.75
660.94	1122.25
661.06	1160.50
661.19	1225.00
661.31	1208.38
661.43	1165.50
661.55	1167.75
661.67	1206.88
661.80	1239.88
661.92	1164.88
662.04	1182.88
662.16	1179.75
662.28	1232.62
662.40	1173.88
662.53	1176.62
662.65	1194.38
662.77	1144.12
662.89	1182.12
663.01	1152.00
663.14	1168.62
663.26	1196.38
663.38	1166.50
663.50	1141.25
663.62	1158.75
663.74	1174.62
663.87	1158.75
663.99	1180.00
664.11	1212.12
664.23	1297.12
664.35	1167.50
664.48	1148.62
664.60	1170.00
664.72	1167.00
664.84	1130.62
664.96	1172.50
665.08	1230.00
665.21	1194.62
665.33	1203.25
665.45	1126.38
665.57	1173.25
665.69	1251.38
665.81	1185.12
665.94	1143.25
666.06	1149.75
666.18	1193.38
666.30	1156.50
666.42	1149.75
666.54	1189.50
666.67	1203.88
666.79	1143.38
666.91	1212.38
667.03	1176.50
667.15	1142.12
667.27	1170.25
667.40	1147.75
667.52	1170.50
667.64	1219.75
667.76	1158.38
667.88	1138.00
668.00	1216.75
668.13	1223.75
668.25	1150.62
668.37	1150.12
668.49	1164.50
668.61	1235.62
668.73	1179.88
668.85	1186.88
668.98	1202.88
669.10	1191.88
669.22	1159.38
669.34	1167.75
669.46	1220.00
669.58	1167.38
669.71	1196.62
669.83	1181.75
669.95	1171.62
670.07	1186.88
670.19	1167.88
670.31	1178.25
670.43	1167.75
670.56	1204.12
670.68	1236.12
670.80	1203.12
670.92	1192.50
671.04	1247.38
671.16	1174.38
671.28	1159.75
671.41	1180.38
671.53	1235.12
671.65	1167.88
671.77	1176.50
671.89	1334.25
672.01	1289.50
672.13	1227.38
672.26	1163.00
672.38	1196.38
672.50	1154.88
672.62	1179.62
672.74	1206.38
672.86	1190.75
672.98	1206.75
673.11	1189.50
673.23	1201.88
673.35	1255.25
673.47	1186.88
673.59	1184.62
673.71	1156.75
673.83	1220.12
673.96	1304.50
674.08	1188.12
674.20	1151.88
674.32	1195.25
674.44	1190.75
674.56	1209.88
674.68	1199.12
674.80	1236.00
674.93	1203.62
675.05	1188.12
675.17	1194.62
675.29	1235.75
675.41	1246.00
675.53	1194.00
675.65	1184.38
675.77	1192.25
675.90	1248.75
676.02	1176.88
676.14	1156.25
676.26	1261.50
676.38	1294.38
676.50	1207.50
676.62	1219.50
676.74	1164.88
676.87	1180.88
676.99	1206.12
677.11	1242.12
677.23	1216.38
677.35	1227.62
677.47	1159.00
677.59	1180.50
677.71	1221.25
677.83	1233.38
677.96	1209.38
678.08	1205.25
678.20	1203.88
678.32	1171.12
678.44	1195.75
678.56	1199.12
678.68	1344.62
678.80	1244.38
678.93	1197.88
679.05	1214.12
679.17	1205.75
679.29	1258.50
679.41	1204.62
679.53	1170.62
679.65	1179.00
679.77	1212.50
679.89	1201.50
680.01	1230.50
680.14	1238.12
680.26	1141.88
680.38	1180.00
680.50	1236.00
680.62	1288.62
680.74	1229.62
680.86	1204.25
680.98	1210.75
681.10	1228.00
681.22	1305.88
681.35	1186.00
681.47	1192.38
681.59	1179.50
681.71	1290.75
681.83	1210.75
681.95	1178.25
682.07	1259.88
682.19	1223.88
682.31	1203.00
682.43	1166.00
682.56	1242.38
682.68	1173.50
682.80	1188.38
682.92	1228.62
683.04	1214.88
683.16	1196.25
683.28	1181.38
683.40	1238.62
683.52	1213.88
683.64	1237.12
683.76	1183.62
683.89	1192.12
684.01	1214.50
684.13	1273.50
684.25	1216.50
684.37	1225.38
684.49	1257.38
684.61	1204.12
684.73	1215.12
684.85	1206.38
684.97	1183.50
685.09	1270.88
685.21	1178.62
685.34	1207.38
685.46	1337.75
685.58	1243.50
685.70	1220.88
685.82	1256.12
685.94	1188.62
686.06	1177.38
686.18	1184.62
686.30	1201.62
686.42	1180.00
686.54	1255.50
686.66	1183.88
686.79	1294.12
686.91	1250.88
687.03	1327.88
687.15	1250.12
687.27	1218.38
687.39	1222.62
687.51	1298.50
687.63	1233.12
687.75	1263.38
687.87	1249.12
687.99	1299.12
688.11	1179.25
688.23	1242.75
688.35	1269.25
688.48	1249.38
688.60	1186.00
688.72	1210.75
688.84	1238.25
688.96	1261.12
689.08	1223.62
689.20	1216.75
689.32	1336.88
689.44	1239.38
689.56	1182.38
689.68	1197.50
689.80	1218.25
689.92	1202.38
690.04	1209.12
690.16	1260.25
690.28	1252.00
690.41	1243.12
690.53	1188.50
690.65	1260.50
690.77	1280.38
690.89	1278.38
691.01	1226.25
691.13	1209.62
691.25	1183.50
691.37	1225.25
691.49	1178.88
691.61	1183.75
691.73	1302.50
691.85	1240.75
691.97	1218.62
692.09	1201.62
692.21	1275.25
692.33	1300.00
692.45	1249.38
692.57	1214.38
692.70	1234.38
692.82	1255.25
692.94	1182.00
693.06	1198.00
693.18	1237.88
693.30	1218.12
693.42	1199.38
693.54	1244.75
693.66	1250.38
693.78	1255.38
693.90	1208.50
694.02	1236.62
694.14	1255.38
694.26	1218.25
694.38	1239.62
694.50	1244.88
694.62	1254.50
694.74	1192.75
694.86	1197.38
694.98	1245.38
695.10	1252.12
695.22	1280.75
695.34	1211.88
695.46	1215.00
695.58	1232.50
695.71	1254.75
695.83	1221.38
695.95	1224.62
696.07	1305.00
696.19	1207.38
696.31	1219.25
696.43	1197.00
696.55	1326.25
696.67	1257.62
696.79	1220.75
696.91	1238.00
697.03	1218.88
697.15	1316.50
697.27	1247.00
697.39	1218.25
697.51	1280.62
697.63	1211.88
697.75	1220.62
697.87	1244.88
697.99	1202.50
698.11	1168.62
698.23	1205.00
698.35	1224.00
698.47	1229.00
698.59	1262.50
698.71	1226.25
698.83	1282.75
698.95	1217.88
699.07	1254.00
699.19	1218.38
699.31	1241.00
699.43	1210.00
699.55	1262.88
699.67	1226.38
699.79	1224.50
699.91	1226.62
700.03	1242.00
700.15	1242.25
700.27	1205.50
700.39	1243.25
700.51	1205.62
700.63	1230.62
700.75	1231.12
700.87	1264.75
700.99	1232.25
701.11	1268.88
701.24	1247.38
701.36	1288.38
701.48	1289.00
701.60	1273.25
701.72	1212.25
701.84	1318.12
701.96	1263.50
702.08	1243.62
702.20	1328.75
702.32	1275.88
702.44	1278.62
702.56	1243.12
702.68	1243.75
702.80	1266.75
702.92	1352.12
703.04	1313.00
703.16	1264.25
703.28	1276.75
703.40	1244.25
703.52	1270.12
703.64	1268.50
703.76	1276.38
703.88	1244.38
704.00	1224.62
704.12	1241.88
704.24	1299.12
704.36	1265.50
704.48	1275.25
704.60	1212.75
704.72	1244.62
704.84	1254.38
704.96	1274.38
705.07	1254.00
705.19	1216.25
705.31	1247.00
705.43	1282.75
705.55	1232.38
705.67	1285.88
705.79	1261.62
705.91	1199.38
706.03	1259.50
706.15	1271.62
706.27	1252.88
706.39	1240.12
706.51	1238.25
706.63	1241.50
706.75	1279.25
706.87	1261.62
706.99	1324.00
707.11	1272.12
707.23	1244.88
707.35	1284.25
707.47	1261.38
707.59	1289.62
707.71	1311.00
707.83	1261.38
707.95	1300.25
708.07	1253.50
708.19	1387.38
708.31	1273.50
708.43	1230.88
708.55	1286.00
708.67	1322.25
708.79	1272.62
708.91	1302.88
709.03	1285.12
709.15	1312.62
709.27	1238.62
709.39	1279.25
709.51	1266.62
709.63	1292.25
709.75	1299.88
709.87	1230.00
709.99	1309.50
710.11	1249.12
710.23	1240.25
710.35	1231.88
710.47	1375.25
710.58	1324.12
710.70	1322.12
710.82	1331.75
710.94	1279.38
711.06	1267.38
711.18	1276.12
711.30	1254.12
711.42	1309.50
711.54	1275.62
711.66	1295.12
711.78	1245.25
711.90	1307.38
712.02	1341.25
712.14	1250.25
712.26	1230.38
712.38	1325.75
712.50	1331.38
712.62	1267.50
712.74	1249.00
712.86	1260.75
712.98	1335.75
713.10	1246.50
713.22	1233.38
713.34	1290.00
713.45	1263.00
713.57	1292.38
713.69	1242.12
713.81	1265.88
713.93	1283.75
714.05	1271.62
714.17	1240.75
714.29	1350.25
714.41	1322.62
714.53	1266.62
714.65	1299.62
714.77	1284.62
714.89	1233.25
715.01	1334.12
715.13	1250.12
715.25	1293.75
715.37	1255.88
715.49	1235.00
715.61	1302.38
715.72	1308.12
715.84	1342.50
715.96	1270.75
716.08	1263.62
716.20	1348.88
716.32	1334.12
716.44	1281.50
716.56	1286.50
716.68	1292.25
716.80	1377.12
716.92	1343.38
717.04	1302.12
717.16	1309.25
717.28	1282.25
717.40	1283.00
717.52	1303.88
717.63	1267.25
717.75	1292.12
717.87	1291.25
717.99	1301.75
718.11	1277.75
718.23	1348.38
718.35	1305.88
718.47	1294.12
718.59	1243.25
718.71	1283.88
718.83	1263.75
718.95	1314.88
719.07	1254.12
719.19	1279.75
719.30	1274.75
719.42	1300.75
719.54	1287.00
719.66	1303.62
719.78	1295.38
719.90	1226.38
720.02	1283.50
720.14	1303.62
720.26	1327.38
720.38	1314.62
720.50	1275.00
720.62	1213.88
720.74	1294.12
720.85	1293.50
720.97	1359.12
721.09	1394.38
721.21	1289.75
721.33	1354.50
721.45	1312.12
721.57	1317.50
721.69	1264.88
721.81	1240.50
721.93	1357.38
722.05	1309.12
722.16	1269.50
722.28	1251.00
722.40	1278.00
722.52	1354.12
722.64	1348.50
722.76	1255.25
722.88	1317.75
723.00	1325.62
723.12	1285.12
723.24	1314.00
723.36	1235.75
723.47	1341.38
723.59	1306.75
723.71	1287.25
723.83	1313.50
723.95	1283.62
724.07	1297.25
724.19	1311.50
724.31	1384.88
724.43	1281.88
724.55	1236.88
724.66	1274.25
724.78	1437.50
724.90	1262.75
725.02	1266.25
725.14	1274.00
725.26	1300.38
725.38	1238.62
725.50	1296.25
725.62	1310.00
725.74	1295.25
725.85	1289.38
725.97	1304.25
726.09	1364.00
726.21	1633.62
726.33	1344.00
726.45	1301.62
726.57	1278.50
726.69	1316.75
726.81	1313.12
726.92	1292.12
727.04	1315.88
727.16	1329.62
727.28	1295.00
727.40	1295.75
727.52	1309.62
727.64	1438.50
727.76	1393.38
727.88	1327.62
727.99	1277.00
728.11	1273.88
728.23	1300.88
728.35	1288.88
728.47	1285.12
728.59	1294.62
728.71	1325.38
728.83	1315.12
728.94	1333.12
729.06	1395.88
729.18	1374.00
729.30	1336.50
729.42	1318.50
729.54	1387.75
729.66	1401.75
729.78	1312.25
729.90	1323.25
730.01	1299.88
730.13	1240.25
730.25	1303.62
730.37	1292.75
730.49	1333.75
730.61	1330.62
730.73	1328.12
730.84	1352.38
730.96	1341.12
731.08	1334.12
731.20	1323.12
731.32	1322.62
731.44	1472.75
731.56	1318.75
731.68	1280.75
731.79	1331.25
731.91	1300.12
732.03	1302.25
732.15	1314.62
732.27	1287.38
732.39	1295.62
732.51	1353.38
732.62	1287.88
732.74	1307.75
732.86	1369.62
732.98	1339.62
733.10	1319.12
733.22	1332.38
733.34	1353.62
733.45	1268.00
733.57	1314.00
733.69	1282.75
733.81	1305.75
733.93	1332.00
734.05	1250.00
734.17	1311.00
734.28	1314.75
734.40	1319.25
734.52	1308.38
734.64	1312.25
734.76	1405.25
734.88	1326.88
735.00	1291.00
735.11	1321.12
735.23	1376.00
735.35	1309.50
735.47	1267.62
735.59	1358.38
735.71	1320.38
735.83	1339.50
735.94	1344.00
736.06	1327.62
736.18	1364.00
736.30	1363.62
736.42	1355.88
736.54	1342.62
736.65	1356.00
736.77	1468.38
736.89	1372.50
737.01	1325.00
737.13	1434.38
737.25	1251.25
737.36	1291.00
737.48	1315.00
737.60	1327.00
737.72	1305.00
737.84	1312.88
737.96	1369.38
738.08	1322.12
738.19	1407.75
738.31	1320.88
738.43	1344.75
738.55	1324.62
738.67	1330.12
738.79	1300.25
738.90	1331.62
739.02	1351.25
739.14	1310.12
739.26	1331.12
739.38	1324.25
739.50	1358.62
739.61	1325.12
739.73	1326.12
739.85	1333.12
739.97	1347.75
740.09	1381.12
740.20	1282.12
740.32	1338.50
740.44	1351.38
740.56	1297.12
740.68	1322.25
740.80	1328.88
740.91	1333.75
741.03	1381.12
741.15	1364.00
741.27	1314.75
741.39	1375.38
741.51	1351.38
741.62	1375.25
741.74	1332.12
741.86	1325.12
741.98	1298.25
742.10	1345.25
742.21	1343.12
742.33	1334.12
742.45	1299.62
742.57	1379.88
742.69	1315.50
742.80	1367.38
742.92	1331.25
743.04	1327.75
743.16	1314.25
743.28	1389.50
743.40	1304.12
743.51	1310.25
743.63	1300.50
743.75	1330.38
743.87	1333.50
743.99	1354.50
744.10	1331.25
744.22	1341.25
744.34	1313.00
744.46	1348.25
744.58	1342.00
744.69	1271.00
744.81	1334.50
744.93	1287.12
745.05	1284.25
745.17	1412.25
745.28	1400.12
745.40	1355.75
745.52	1335.50
745.64	1338.88
745.76	1372.12
745.87	1315.12
745.99	1302.00
746.11	1338.12
746.23	1290.88
746.35	1327.12
746.46	1304.88
746.58	1442.25
746.70	1349.62
746.82	1345.25
746.94	1320.38
747.05	1302.75
747.17	1281.38
747.29	1276.38
747.41	1319.00
747.53	1465.00
747.64	1319.75
747.76	1382.38
747.88	1384.50
748.00	1381.38
748.12	1346.38
748.23	1334.38
748.35	1345.88
748.47	1366.62
748.59	1369.75
748.70	1309.75
748.82	1297.50
748.94	1305.62
749.06	1311.00
749.18	1316.12
749.29	1298.88
749.41	1349.00
749.53	1332.38
749.65	1312.75
749.76	1369.25
749.88	1332.38
750.00	1352.12
750.12	1364.75
750.24	1343.25
750.35	1331.50
750.47	1297.00
750.59	1350.50
750.71	1325.75
750.82	1371.00
750.94	1314.38
751.06	1326.12
751.18	1312.88
751.30	1369.25
751.41	1362.00
751.53	1363.50
751.65	1305.25
751.77	1305.50
751.88	1339.88
752.00	1367.75
752.12	1282.12
752.24	1385.50
752.35	1351.38
752.47	1359.38
752.59	1371.75
752.71	1411.88
752.83	1310.25
752.94	1381.75
753.06	1308.25
753.18	1332.12
753.30	1311.75
753.41	1266.62
753.53	1307.25
753.65	1318.88
753.77	1374.75
753.88	1301.62
754.00	1336.62
754.12	1337.75
754.24	1390.38
754.35	1298.75
754.47	1274.12
754.59	1350.25
754.71	1348.38
754.82	1329.00
754.94	1310.38
755.06	1386.00
755.18	1346.88
755.29	1352.75
755.41	1316.50
755.53	1362.25
755.65	1301.50
755.76	1335.50
755.88	1332.50
756.00	1384.50
756.12	1310.75
756.23	1227.25
756.35	1296.75
756.47	1359.50
756.59	1308.12
756.70	1300.62
756.82	1297.62
756.94	1298.75
757.06	1348.62
757.17	1339.62
757.29	1306.25
757.41	1270.75
757.53	1328.62
757.64	1320.25
757.76	1317.00
757.88	1340.00
758.00	1346.00
758.11	1296.12
758.23	1273.12
758.35	1347.50
758.47	1278.00
758.58	1341.88
758.70	1269.12
758.82	1302.25
758.94	1282.50
759.05	1318.25
759.17	1266.12
759.29	1316.12
759.40	1380.12
759.52	1299.88
759.64	1308.25
759.76	1331.00
759.87	1344.25
759.99	1330.38
760.11	1303.12
760.23	1325.12
760.34	1356.12
760.46	1333.50
760.58	1307.50
760.70	1314.25
760.81	1356.00
760.93	1317.62
761.05	1342.12
761.16	1330.88
761.28	1292.75
761.40	1293.00
761.52	1273.38
761.63	1370.38
761.75	1345.75
761.87	1300.12
761.98	1271.38
762.10	1339.62
762.22	1314.12
762.34	1346.38
762.45	1289.75
762.57	1351.25
762.69	1446.38
762.81	1301.12
762.92	1325.25
763.04	1262.12
763.16	1334.50
763.27	1338.12
763.39	1292.25
763.51	1339.00
763.63	1327.75
763.74	1289.12
763.86	1254.00
763.98	1276.38
764.09	1297.75
764.21	1312.25
764.33	1272.38
764.44	1285.38
764.56	1319.62
764.68	1274.12
764.80	1304.38
764.91	1258.00
765.03	1364.88
765.15	1290.88
765.26	1295.00
765.38	1266.62
765.50	1335.62
765.62	1318.00
765.73	1303.88
765.85	1313.00
765.97	1255.75
766.08	1300.12
766.20	1317.00
766.32	1317.38
766.43	1353.38
766.55	1320.88
766.67	1288.25
766.79	1299.75
766.90	1275.50
767.02	1235.50
767.14	1256.62
767.25	1253.12
767.37	1388.00
767.49	1311.00
767.60	1292.12
767.72	1350.00
767.84	1323.25
767.95	1287.00
768.07	1261.12
768.19	1318.62
768.31	1326.12
768.42	1312.88
768.54	1282.75
768.66	1299.75
768.77	1323.25
768.89	1293.75
769.01	1267.88
769.12	1309.50
769.24	1308.88
769.36	1256.38
769.47	1254.12
769.59	1255.00
769.71	1310.62
769.82	1283.38
769.94	1274.50
770.06	1245.25
770.17	1330.12
770.29	1294.38
770.41	1312.50
770.53	1315.50
770.64	1256.00
770.76	1289.12
770.88	1306.88
770.99	1319.12
771.11	1262.25
771.23	1296.00
771.34	1291.38
771.46	1384.62
771.58	1348.38
771.69	1313.50
771.81	1287.38
771.93	1328.12
772.04	1261.75
772.16	1311.00
772.28	1277.50
772.39	1326.50
772.51	1277.25
772.63	1308.50
772.74	1272.88
772.86	1277.50
772.98	1396.75
773.09	1250.88
773.21	1263.38
773.33	1296.88
773.44	1299.12
773.56	1276.25
773.68	1280.88
773.79	1336.50
773.91	1272.88
774.03	1280.38
774.14	1267.00
774.26	1321.00
774.38	1246.50
774.49	1234.62
774.61	1273.00
774.73	1276.75
774.84	1254.75
774.96	1235.88
775.08	1274.25
775.19	1291.62
775.31	1314.50
775.43	1277.88
775.54	1251.25
775.66	1219.25
775.77	1317.25
775.89	1232.50
776.01	1306.88
776.12	1316.12
776.24	1284.88
776.36	1230.50
776.47	1234.88
776.59	1278.75
776.71	1322.00
776.82	1208.38
776.94	1224.25
777.06	1255.00
777.17	1330.38
777.29	1234.12
777.41	1241.38
777.52	1292.75
777.64	1267.88
777.75	1293.25
777.87	1203.62
777.99	1238.62
778.10	1308.62
778.22	1252.00
778.34	1269.75
778.45	1255.00
778.57	1300.62
778.69	1295.12
778.80	1267.00
778.92	1367.88
779.04	1280.00
779.15	1265.88
779.27	1298.62
779.38	1289.00
779.50	1311.75
779.62	1208.50
779.73	1244.38
779.85	1200.25
779.97	1368.00
780.08	1260.38
780.20	1253.88
780.31	1286.38
780.43	1294.38
780.55	1232.50
780.66	1272.00
780.78	1273.50
780.90	1358.38
781.01	1227.75
781.13	1242.38
781.25	1241.50
781.36	1307.88
781.48	1219.25
781.59	1246.12
781.71	1281.88
781.83	1274.12
781.94	1232.12
782.06	1231.12
782.18	1296.62
782.29	1225.25
782.41	1196.00
782.52	1287.38
782.64	1295.38
782.76	1257.38
782.87	1268.38
782.99	1241.25
783.10	1377.62
783.22	1390.75
783.34	1250.25
783.45	1249.50
783.57	1249.00
783.69	1224.62
783.80	1259.88
783.92	1269.50
784.03	1239.38
784.15	1206.00
784.27	1234.62
784.38	1205.00
784.50	1207.50
784.61	1243.62
784.73	1208.38
784.85	1217.38
784.96	1213.38
785.08	1288.50
785.19	1270.50
785.31	1227.25
785.43	1205.12
785.54	1200.38
785.66	1264.75
785.77	1247.50
785.89	1267.62
786.01	1185.50
786.12	1217.00
786.24	1235.25
786.35	1296.50
786.47	1246.62
786.59	1212.62
786.70	1194.12
786.82	1240.00
786.93	1241.25
787.05	1228.25
787.17	1238.12
787.28	1225.50
787.40	1248.75
787.51	1244.62
787.63	1242.75
787.75	1189.25
787.86	1235.00
787.98	1251.38
788.09	1220.25
788.21	1246.50
788.33	1255.75
788.44	1249.75
788.56	1198.50
788.67	1253.50
788.79	1204.38
788.91	1222.38
789.02	1201.75
789.14	1209.75
789.25	1307.75
789.37	1247.25
789.48	1202.62
789.60	1233.88
789.72	1191.75
789.83	1251.50
789.95	1229.25
790.06	1176.88
790.18	1187.00
790.30	1255.50
790.41	1242.88
790.53	1199.25
790.64	1167.38
790.76	1178.88
790.87	1202.00
790.99	1218.12
791.11	1216.75
791.22	1194.62
791.34	1209.00
791.45	1246.75
791.57	1243.62
791.68	1199.25
791.80	1187.38
791.92	1244.00
792.03	1193.25
792.15	1171.38
792.26	1186.12
792.38	1154.00
792.49	1228.75
792.61	1199.38
792.73	1219.88
792.84	1207.00
792.96	1302.25
793.07	1197.00
793.19	1996.88
793.30	1299.75
793.42	1248.75
793.54	1147.62
793.65	1164.00
793.77	1341.50
793.88	1198.75
794.00	1155.62
794.11	1198.75
794.23	1141.62
794.34	1205.88
794.46	1138.88
794.58	1157.62
794.69	1294.75
794.81	1279.38
794.92	1160.75
795.04	1160.88
795.15	1273.38
795.27	1230.12
795.39	1198.75
795.50	1165.62
795.62	1165.12
795.73	1180.88
795.85	1173.88
795.96	1203.75
796.08	1251.00
796.19	1178.62
796.31	1174.25
796.42	1149.88
796.54	1162.50
796.66	1225.88
796.77	1151.88
796.89	1139.88
797.00	1232.12
797.12	1115.00
797.23	1175.38
797.35	1195.75
797.46	1220.75
797.58	1241.00
797.69	1196.88
797.81	1168.88
797.93	1180.50
798.04	1164.88
798.16	1163.25
798.27	1202.75
798.39	1147.75
798.50	1131.38
798.62	1140.88
798.73	1139.62
798.85	1259.12
798.96	1182.88
799.08	1201.50
799.19	1216.50
799.31	1185.12
799.43	1176.38
799.54	1154.12
799.66	1185.12
799.77	1206.50
799.89	1142.88
800.00	1108.00
800.12	1155.75
800.23	1221.00
800.35	1246.12
800.46	1110.00
800.58	1098.62
800.69	1160.88
800.81	1155.12
800.92	1129.62
801.04	1170.62
801.16	1101.00
801.27	1111.75
801.39	1132.38
801.50	1144.25
801.62	1154.50
801.73	1213.25
801.85	1201.75
801.96	1121.50
802.08	1213.50
802.19	1215.88
802.31	1146.75
802.42	1163.38
802.54	1238.38
802.65	1215.50
802.77	1132.88
802.88	1189.00
803.00	1113.88
803.11	1264.88
803.23	1170.12
803.34	1159.25
803.46	1188.00
803.57	1125.88
803.69	1194.12
803.80	1119.00
803.92	1211.00
804.03	1138.50
804.15	1162.12
804.26	1187.00
804.38	1192.12
804.50	1122.00
804.61	1168.25
804.73	1145.00
804.84	1156.12
804.96	1080.50
805.07	1146.38
805.19	1114.50
805.30	1171.25
805.42	1192.25
805.53	1145.50
805.65	1118.25
805.76	1093.00
805.88	1124.12
805.99	1148.00
806.11	1162.38
806.22	1119.50
806.34	1128.12
806.45	1136.50
806.57	1114.38
806.68	1172.75
806.80	1060.38
806.91	1096.12
807.03	1079.75
807.14	1068.25
807.26	1071.00
807.37	1066.75
807.49	1125.25
807.60	1101.75
807.72	1186.75
807.83	1193.25
807.95	1124.50
808.06	1126.50
808.17	1118.00
808.29	1145.62
808.40	1068.12
808.52	1102.25
808.63	1113.38
808.75	1114.38
808.86	1098.62
808.98	1111.62
809.09	1071.75
809.21	1104.62
809.32	1072.25
809.44	1119.00
809.55	1042.38
809.67	1098.62
809.78	1052.75
809.90	1116.12
810.01	1154.62
810.13	1059.25
810.24	1104.12
810.36	1025.12
810.47	1100.88
810.59	1076.88
810.70	1092.75
810.82	1105.12
810.93	1026.38
811.05	1034.88
811.16	1042.50
811.27	1036.00
811.39	1066.38
811.50	1104.88
811.62	1003.38
811.73	989.50
811.85	1064.75
811.96	1052.38
812.08	1073.88
812.19	1052.88
812.31	1067.38
812.42	1035.25
812.54	1020.38
812.65	1080.75
812.77	1086.25
812.88	1070.50
813.00	1059.88
813.11	1057.00
813.22	1003.12
813.34	1014.25
813.45	1030.75
813.57	1119.00
813.68	1114.62
813.80	1029.25
813.91	994.12
814.03	1005.00
814.14	1099.75
814.26	994.62
814.37	1011.88
814.49	1005.62
814.60	984.12
814.71	986.88
814.83	1003.12
814.94	957.62
815.06	982.00
815.17	1004.00
815.29	991.12
815.40	963.88
815.52	1080.75
815.63	984.75
815.75	966.62
815.86	998.12
815.97	947.25
816.09	979.38
816.20	1000.62
816.32	993.62
816.43	927.88
816.55	990.88
816.66	967.38
816.78	1067.38
816.89	978.00
817.00	971.62
817.12	943.38
817.23	941.12
817.35	1000.38
817.46	976.75
817.58	933.88
817.69	1055.25
817.81	951.50
817.92	980.50
818.03	959.25
818.15	957.62
818.26	925.88
818.38	913.88
818.49	939.50
818.61	958.75
818.72	907.75
818.83	1851.00
818.95	1057.38
819.06	923.00
819.18	927.88
819.29	952.50
819.41	932.12
819.52	944.25
819.64	941.62
819.75	904.12
819.86	884.62
819.98	907.25
820.09	945.88
820.21	925.38
820.32	886.62
820.44	952.12
820.55	995.00
820.66	902.62
820.78	946.62
820.89	915.38
821.01	943.50
821.12	913.12
821.23	919.12
821.35	902.50
821.46	960.00
821.58	902.75
821.69	890.88
821.81	878.38
821.92	959.00
822.03	888.25
822.15	909.75
822.26	860.00
822.38	866.12
822.49	914.25
822.61	899.00
822.72	903.62
822.83	950.12
822.95	887.38
823.06	888.62
823.18	937.38
823.29	960.00
823.40	906.50
823.52	870.12
823.63	835.62
823.75	972.38
823.86	876.38
823.97	829.88
824.09	907.62
824.20	844.38
824.32	882.88
824.43	864.12
824.55	913.75
824.66	962.88
824.77	864.38
824.89	878.75
825.00	929.25
825.12	881.00
825.23	888.88
825.34	815.50
825.46	827.75
825.57	892.25
825.69	839.38
825.80	791.38
825.91	822.00
826.03	806.62
826.14	870.12
826.26	813.25
826.37	845.50
826.48	830.12
826.60	859.50
826.71	818.88
826.83	854.38
826.94	868.38
827.05	890.12
827.17	878.75
827.28	834.75
827.39	824.12
827.51	798.38
827.62	833.25
827.74	839.62
827.85	823.25
827.96	809.12
828.08	825.12
828.19	931.62
828.31	829.25
828.42	770.62
828.53	851.88
828.65	880.38
828.76	883.25
828.87	845.75
828.99	799.62
