Wavelength (nm)	Intensity
377.35	818.90
377.48	600.80
377.62	603.70
377.75	611.20
377.88	825.80
378.02	809.00
378.15	813.00
378.28	782.40
378.41	858.00
378.55	825.90
378.68	815.40
378.81	790.40
378.95	821.40
379.08	804.50
379.21	779.60
379.35	836.50
379.48	838.20
379.61	893.10
379.74	811.00
379.88	800.70
380.01	877.20
380.14	924.90
380.28	856.00
380.41	783.90
380.54	831.30
380.68	847.10
380.81	763.70
380.94	843.50
381.07	886.10
381.21	891.30
381.34	813.10
381.47	761.20
381.61	960.30
381.74	822.50
381.87	782.20
382.00	830.00
382.14	907.20
382.27	858.40
382.40	800.90
382.54	880.30
382.67	878.00
382.80	788.70
382.93	795.50
383.07	816.70
383.20	816.10
383.33	850.50
383.47	792.10
383.60	774.80
383.73	959.00
383.86	851.80
384.00	809.80
384.13	801.70
384.26	852.90
384.40	870.80
384.53	816.80
384.66	869.50
384.79	834.10
384.93	803.00
385.06	807.60
385.19	826.40
385.33	932.10
385.46	846.90
385.59	791.10
385.72	833.90
385.86	782.40
385.99	809.10
386.12	806.80
386.25	790.60
386.39	863.10
386.52	882.40
386.65	814.10
386.79	806.60
386.92	802.80
387.05	902.50
387.18	777.90
387.32	788.70
387.45	849.00
387.58	833.90
387.71	800.90
387.85	793.30
387.98	834.80
388.11	856.10
388.25	836.10
388.38	820.50
388.51	858.10
388.64	862.40
388.78	801.00
388.91	773.20
389.04	814.30
389.17	925.10
389.31	823.30
389.44	848.00
389.57	882.00
389.70	851.30
389.84	802.50
389.97	797.30
390.10	802.60
390.24	849.00
390.37	810.70
390.50	797.60
390.63	889.20
390.77	824.40
390.90	826.70
391.03	820.10
391.16	777.10
391.30	801.10
391.43	806.30
391.56	798.80
391.69	782.70
391.83	871.30
391.96	825.40
392.09	807.80
392.22	915.40
392.36	842.20
392.49	783.50
392.62	809.30
392.75	839.50
392.89	880.70
393.02	787.40
393.15	787.50
393.28	779.30
393.42	913.40
393.55	777.20
393.68	801.00
393.81	751.70
393.95	802.80
394.08	797.60
394.21	797.50
394.34	862.40
394.48	848.20
394.61	855.40
394.74	831.70
394.87	867.50
395.01	839.10
395.14	846.30
395.27	800.00
395.40	916.00
395.54	914.90
395.67	818.80
395.80	806.30
395.93	849.60
396.07	804.50
396.20	798.30
396.33	747.40
396.46	805.10
396.59	814.00
396.73	813.80
396.86	788.10
396.99	873.50
397.12	834.70
397.26	823.70
397.39	813.80
397.52	1106.90
397.65	931.30
397.79	826.00
397.92	805.10
398.05	868.40
398.18	799.60
398.32	810.60
398.45	846.40
398.58	838.30
398.71	851.90
398.84	777.30
398.98	812.70
399.11	850.70
399.24	838.90
399.37	806.10
399.51	782.20
399.64	823.40
399.77	828.70
399.90	818.40
400.03	819.20
400.17	773.00
400.30	881.30
400.43	849.20
400.56	821.60
400.70	823.50
400.83	797.40
400.96	790.00
401.09	825.30
401.23	829.80
401.36	885.40
401.49	801.10
401.62	835.10
401.75	818.20
401.89	795.70
402.02	807.30
402.15	815.80
402.28	842.30
402.41	829.40
402.55	801.20
402.68	811.10
402.81	896.10
402.94	862.00
403.08	797.80
403.21	776.50
403.34	860.90
403.47	861.20
403.60	808.80
403.74	843.40
403.87	861.40
404.00	793.10
404.13	797.50
404.26	774.60
404.40	792.70
404.53	829.90
404.66	808.90
404.79	783.50
404.93	856.10
405.06	836.90
405.19	771.40
405.32	829.20
405.45	847.60
405.59	862.60
405.72	820.00
405.85	791.30
405.98	987.00
406.11	788.70
406.25	794.00
406.38	806.50
406.51	851.50
406.64	817.10
406.77	780.90
406.91	774.40
407.04	841.60
407.17	812.60
407.30	836.60
407.43	815.00
407.57	903.50
407.70	880.30
407.83	793.80
407.96	820.10
408.09	786.70
408.23	905.10
408.36	820.30
408.49	806.00
408.62	936.80
408.75	837.90
408.89	794.30
409.02	839.80
409.15	826.50
409.28	899.00
409.41	844.70
409.55	802.80
409.68	940.40
409.81	843.60
409.94	796.90
410.07	828.00
410.20	833.90
410.34	816.20
410.47	826.70
410.60	830.10
410.73	855.40
410.86	794.80
411.00	820.80
411.13	795.40
411.26	828.70
411.39	827.30
411.52	838.30
411.66	811.60
411.79	805.90
411.92	795.60
412.05	814.00
412.18	808.30
412.31	844.30
412.45	873.00
412.58	860.70
412.71	782.70
412.84	841.70
412.97	904.00
413.11	828.30
413.24	837.60
413.37	867.10
413.50	923.30
413.63	836.80
413.76	811.50
413.90	858.80
414.03	814.60
414.16	809.90
414.29	844.10
414.42	827.40
414.56	938.70
414.69	804.10
414.82	820.60
414.95	826.60
415.08	846.40
415.21	819.20
415.35	839.50
415.48	755.00
415.61	875.00
415.74	871.30
415.87	783.40
416.00	844.10
416.14	941.30
416.27	830.70
416.40	796.90
416.53	820.80
416.66	850.00
416.79	829.10
416.93	796.90
417.06	849.60
417.19	823.80
417.32	817.00
417.45	808.10
417.58	777.10
417.72	865.00
417.85	800.40
417.98	813.20
418.11	857.10
418.24	792.40
418.37	800.40
418.51	827.50
418.64	837.10
418.77	905.10
418.90	833.00
419.03	789.50
419.16	840.60
419.29	862.60
419.43	807.10
419.56	793.10
419.69	935.30
419.82	877.20
419.95	825.10
420.08	865.30
420.22	893.40
420.35	954.30
420.48	865.40
420.61	818.50
420.74	774.80
420.87	861.00
421.00	787.10
421.14	807.00
421.27	864.00
421.40	893.20
421.53	840.40
421.66	827.10
421.79	823.40
421.93	827.20
422.06	823.00
422.19	798.30
422.32	869.20
422.45	871.90
422.58	833.80
422.71	810.80
422.85	873.80
422.98	867.30
423.11	772.10
423.24	765.10
423.37	787.20
423.50	801.10
423.63	824.30
423.77	795.30
423.90	804.80
424.03	849.80
424.16	853.30
424.29	817.90
424.42	775.60
424.55	798.50
424.69	792.30
424.82	824.90
424.95	838.30
425.08	797.80
425.21	846.40
425.34	807.30
425.47	826.70
425.60	843.30
425.74	785.40
425.87	813.30
426.00	804.60
426.13	835.70
426.26	793.50
426.39	797.00
426.52	814.70
426.66	895.60
426.79	853.40
426.92	799.50
427.05	928.40
427.18	880.20
427.31	816.50
427.44	821.40
427.57	798.20
427.71	833.50
427.84	792.90
427.97	822.10
428.10	885.60
428.23	836.10
428.36	810.00
428.49	735.80
428.62	951.20
428.76	922.20
428.89	838.20
429.02	777.70
429.15	827.90
429.28	930.80
429.41	808.10
429.54	821.50
429.67	809.30
429.81	859.10
429.94	826.50
430.07	808.20
430.20	870.80
430.33	893.20
430.46	793.70
430.59	796.10
430.72	822.60
430.85	779.80
430.99	817.90
431.12	791.70
431.25	882.60
431.38	896.40
431.51	830.60
431.64	824.30
431.77	905.50
431.90	895.80
432.03	827.80
432.17	798.80
432.30	840.50
432.43	850.30
432.56	822.90
432.69	842.70
432.82	839.80
432.95	878.60
433.08	827.40
433.21	828.10
433.35	819.50
433.48	827.70
433.61	786.80
433.74	817.70
433.87	797.20
434.00	860.10
434.13	801.20
434.26	851.70
434.39	848.70
434.53	866.20
434.66	817.00
434.79	816.30
434.92	809.00
435.05	894.90
435.18	803.50
435.31	846.60
435.44	892.70
435.57	835.30
435.70	820.70
435.84	797.90
435.97	898.30
436.10	944.60
436.23	817.70
436.36	801.00
436.49	817.70
436.62	852.40
436.75	819.20
436.88	847.20
437.01	805.20
437.14	793.90
437.28	778.10
437.41	805.10
437.54	890.50
437.67	862.10
437.80	800.30
437.93	784.10
438.06	949.70
438.19	876.30
438.32	795.60
438.45	794.50
438.58	858.00
438.72	907.50
438.85	864.50
438.98	823.70
439.11	850.40
439.24	907.50
439.37	889.10
439.50	852.30
439.63	888.90
439.76	812.30
439.89	804.10
440.02	809.90
440.15	859.80
440.29	895.60
440.42	829.10
440.55	826.30
440.68	909.70
440.81	958.00
440.94	836.50
441.07	833.20
441.20	932.20
441.33	850.70
441.46	817.70
441.59	809.70
441.72	835.70
441.85	838.90
441.99	865.20
442.12	870.00
442.25	921.80
442.38	856.30
442.51	846.30
442.64	789.80
442.77	839.40
442.90	819.20
443.03	789.20
443.16	810.60
443.29	836.80
443.42	908.60
443.55	815.60
443.68	839.90
443.82	784.40
443.95	811.90
444.08	819.20
444.21	824.30
444.34	807.90
444.47	824.80
444.60	829.70
444.73	840.00
444.86	836.40
444.99	903.70
445.12	849.90
445.25	843.20
445.38	850.70
445.51	883.50
445.64	839.40
445.78	809.40
445.91	779.20
446.04	946.00
446.17	874.30
446.30	780.20
446.43	854.80
446.56	834.40
446.69	801.10
446.82	809.80
446.95	884.10
447.08	887.50
447.21	844.30
447.34	821.90
447.47	886.80
447.60	874.00
447.73	835.70
447.86	863.50
447.99	844.30
448.13	854.10
448.26	871.90
448.39	825.70
448.52	870.50
448.65	880.10
448.78	830.40
448.91	826.50
449.04	873.50
449.17	818.90
449.30	858.90
449.43	840.40
449.56	835.80
449.69	898.80
449.82	829.00
449.95	787.90
450.08	896.00
450.21	867.10
450.34	832.60
450.47	830.20
450.60	873.00
450.73	845.60
450.87	822.80
451.00	849.90
451.13	877.30
451.26	990.90
451.39	818.80
451.52	860.80
451.65	827.30
451.78	825.80
451.91	819.10
452.04	802.60
452.17	925.20
452.30	922.70
452.43	821.70
452.56	823.00
452.69	890.90
452.82	806.90
452.95	873.50
453.08	804.70
453.21	767.50
453.34	882.80
453.47	810.80
453.60	880.60
453.73	928.50
453.86	871.50
453.99	853.60
454.12	850.90
454.25	832.20
454.38	853.90
454.52	806.20
454.65	819.80
454.78	810.00
454.91	789.40
455.04	817.00
455.17	793.70
455.30	811.80
455.43	898.20
455.56	819.20
455.69	793.90
455.82	866.50
455.95	854.50
456.08	800.50
456.21	796.20
456.34	779.10
456.47	779.00
456.60	820.40
456.73	810.80
456.86	833.20
456.99	862.50
457.12	811.10
457.25	820.70
457.38	898.30
457.51	877.20
457.64	848.40
457.77	821.90
457.90	838.20
458.03	819.70
458.16	819.30
458.29	831.10
458.42	838.80
458.55	784.40
458.68	805.40
458.81	828.70
458.94	912.70
459.07	941.00
459.20	794.50
459.33	809.20
459.46	899.70
459.59	938.00
459.72	899.10
459.85	833.00
459.98	915.40
460.11	868.70
460.24	841.40
460.37	795.20
460.50	884.40
460.63	856.80
460.76	827.10
460.89	842.80
461.02	866.70
461.15	873.20
461.28	838.40
461.41	824.90
461.54	920.90
461.67	815.10
461.80	843.90
461.93	886.20
462.06	873.20
462.19	898.00
462.32	827.60
462.45	819.20
462.58	875.40
462.71	828.60
462.84	839.00
462.97	784.00
463.10	839.10
463.23	852.10
463.36	870.60
463.49	851.60
463.62	796.30
463.75	874.10
463.88	826.60
464.01	834.40
464.14	803.90
464.27	935.10
464.40	832.40
464.53	828.60
464.66	876.50
464.79	864.40
464.92	851.80
465.05	815.50
465.18	843.10
465.31	844.40
465.44	838.30
465.57	819.70
465.70	826.30
465.83	956.10
465.96	852.80
466.09	819.60
466.22	888.80
466.35	872.10
466.48	822.50
466.61	824.70
466.74	840.00
466.87	891.60
467.00	875.60
467.13	869.70
467.26	889.80
467.39	800.70
467.52	801.50
467.65	840.50
467.78	921.50
467.91	854.60
468.04	849.80
468.17	825.00
468.30	835.80
468.43	805.90
468.56	821.00
468.69	862.00
468.82	873.60
468.95	811.70
469.08	834.50
469.21	843.80
469.34	887.70
469.47	955.70
469.60	923.90
469.73	849.80
469.86	862.20
469.99	897.30
470.11	822.90
470.24	835.30
470.37	886.10
470.50	855.40
470.63	825.00
470.76	850.80
470.89	891.70
471.02	964.10
471.15	835.10
471.28	845.90
471.41	954.50
471.54	880.50
471.67	838.20
471.80	785.60
471.93	902.60
472.06	876.60
472.19	844.60
472.32	822.50
472.45	964.50
472.58	904.10
472.71	857.60
472.84	831.80
472.97	832.00
473.10	816.20
473.23	897.40
473.36	802.70
473.49	918.60
473.62	902.80
473.74	878.30
473.87	899.50
474.00	833.70
474.13	835.90
474.26	870.20
474.39	881.70
474.52	865.30
474.65	848.60
474.78	859.10
474.91	814.30
475.04	887.70
475.17	982.40
475.30	884.50
475.43	877.70
475.56	921.80
475.69	865.50
475.82	886.40
475.95	834.70
476.08	939.50
476.21	879.10
476.34	903.20
476.46	900.70
476.59	931.00
476.72	849.00
476.85	854.60
476.98	832.40
477.11	920.20
477.24	874.90
477.37	811.00
477.50	847.10
477.63	885.50
477.76	842.40
477.89	800.90
478.02	820.20
478.15	866.20
478.28	856.70
478.41	889.90
478.54	852.10
478.66	912.70
478.79	862.70
478.92	862.90
479.05	867.20
479.18	878.80
479.31	841.50
479.44	847.70
479.57	842.80
479.70	859.90
479.83	882.90
479.96	855.50
480.09	886.90
480.22	1006.70
480.35	992.10
480.48	920.00
480.60	880.50
480.73	855.40
480.86	903.60
480.99	863.00
481.12	862.90
481.25	878.30
481.38	949.20
481.51	870.50
481.64	874.60
481.77	903.30
481.90	880.80
482.03	878.40
482.16	859.30
482.29	937.10
482.41	884.20
482.54	904.00
482.67	854.30
482.80	886.00
482.93	931.10
483.06	850.30
483.19	939.00
483.32	910.70
483.45	886.00
483.58	890.40
483.71	911.40
483.84	931.20
483.97	908.70
484.09	883.70
484.22	870.50
484.35	859.80
484.48	834.20
484.61	859.10
484.74	867.50
484.87	901.00
485.00	844.30
485.13	899.00
485.26	848.70
485.39	913.20
485.52	883.50
485.64	957.40
485.77	919.90
485.90	936.60
486.03	849.40
486.16	896.00
486.29	852.30
486.42	887.70
486.55	903.50
486.68	878.20
486.81	911.90
486.94	907.70
487.06	876.50
487.19	919.40
487.32	914.50
487.45	901.20
487.58	873.00
487.71	890.10
487.84	856.50
487.97	917.50
488.10	939.60
488.23	872.30
488.35	845.30
488.48	884.80
488.61	851.30
488.74	877.30
488.87	871.20
489.00	905.70
489.13	989.90
489.26	925.40
489.39	925.50
489.52	935.20
489.64	930.30
489.77	915.80
489.90	904.30
490.03	891.60
490.16	876.10
490.29	873.40
490.42	876.60
490.55	911.10
490.68	872.60
490.81	883.50
490.93	847.80
491.06	965.90
491.19	925.30
491.32	914.10
491.45	928.50
491.58	852.50
491.71	900.40
491.84	884.30
491.97	883.70
492.09	970.60
492.22	932.70
492.35	913.70
492.48	938.50
492.61	916.30
492.74	902.00
492.87	919.60
493.00	908.20
493.12	885.10
493.25	908.20
493.38	898.40
493.51	876.20
493.64	863.60
493.77	898.90
493.90	919.50
494.03	933.10
494.16	968.90
494.28	974.50
494.41	899.00
494.54	907.10
494.67	1023.90
494.80	984.20
494.93	904.90
495.06	932.10
495.19	938.70
495.31	919.10
495.44	898.80
495.57	877.50
495.70	932.00
495.83	912.50
495.96	874.90
496.09	917.10
496.22	983.40
496.34	1007.50
496.47	904.50
496.60	935.90
496.73	965.80
496.86	966.50
496.99	885.20
497.12	915.10
497.24	852.70
497.37	927.60
497.50	907.80
497.63	893.80
497.76	914.70
497.89	977.60
498.02	946.50
498.15	839.30
498.27	915.30
498.40	975.30
498.53	979.60
498.66	936.10
498.79	965.20
498.92	882.00
499.05	930.40
499.17	920.70
499.30	958.10
499.43	1010.80
499.56	943.20
499.69	868.20
499.82	934.70
499.95	907.90
500.07	896.80
500.20	919.10
500.33	965.50
500.46	1065.80
500.59	933.00
500.72	937.50
500.85	976.00
500.97	979.00
501.10	970.30
501.23	891.80
501.36	939.10
501.49	997.50
501.62	951.80
501.75	926.90
501.87	982.20
502.00	880.80
502.13	946.20
502.26	942.10
502.39	913.00
502.52	915.80
502.64	877.50
502.77	901.70
502.90	962.40
503.03	929.40
503.16	902.90
503.29	901.70
503.42	992.20
503.54	942.60
503.67	931.90
503.80	935.70
503.93	974.30
504.06	891.50
504.19	927.70
504.31	977.50
504.44	946.30
504.57	956.60
504.70	941.90
504.83	888.40
504.96	953.30
505.08	929.20
505.21	944.30
505.34	1035.40
505.47	996.50
505.60	965.10
505.73	984.40
505.85	975.60
505.98	1073.70
506.11	934.90
506.24	908.80
506.37	904.60
506.50	950.80
506.62	986.20
506.75	918.20
506.88	905.70
507.01	958.60
507.14	896.20
507.27	928.40
507.39	890.50
507.52	912.20
507.65	925.60
507.78	958.80
507.91	906.40
508.04	998.00
508.16	1000.30
508.29	954.20
508.42	926.40
508.55	908.10
508.68	911.90
508.81	981.60
508.93	923.10
509.06	926.10
509.19	975.90
509.32	970.60
509.45	950.70
509.57	969.70
509.70	915.80
509.83	944.30
509.96	894.70
510.09	944.10
510.22	940.80
510.34	946.20
510.47	938.20
510.60	1049.90
510.73	962.00
510.86	973.00
510.98	934.00
511.11	932.20
511.24	994.90
511.37	969.40
511.50	935.00
511.63	959.70
511.75	958.80
511.88	947.70
512.01	966.20
512.14	959.10
512.27	964.90
512.39	949.80
512.52	938.00
512.65	956.20
512.78	920.40
512.91	949.00
513.03	955.70
513.16	994.30
513.29	959.50
513.42	934.00
513.55	911.60
513.67	971.70
513.80	904.50
513.93	926.90
514.06	933.40
514.19	968.10
514.31	970.10
514.44	986.40
514.57	941.30
514.70	962.10
514.83	1007.50
514.95	934.30
515.08	964.20
515.21	988.80
515.34	962.00
515.47	959.20
515.59	926.20
515.72	978.00
515.85	973.70
515.98	1007.70
516.11	966.80
516.23	999.00
516.36	1022.40
516.49	984.60
516.62	967.00
516.75	1023.60
516.87	1023.20
517.00	938.30
517.13	987.50
517.26	1009.30
517.39	979.60
517.51	909.20
517.64	957.80
517.77	1039.70
517.90	934.40
518.02	961.00
518.15	930.10
518.28	885.00
518.41	959.10
518.54	961.00
518.66	963.50
518.79	928.40
518.92	946.50
519.05	934.70
519.18	952.00
519.30	994.50
519.43	919.00
519.56	935.50
519.69	948.10
519.81	1012.30
519.94	946.30
520.07	899.70
520.20	940.60
520.33	976.20
520.45	1025.90
520.58	973.80
520.71	986.90
520.84	1016.10
520.96	985.50
521.09	972.60
521.22	945.20
521.35	1001.10
521.48	1004.00
521.60	947.40
521.73	972.70
521.86	1027.30
521.99	1050.90
522.11	981.30
522.24	968.80
522.37	1004.90
522.50	991.20
522.62	1029.40
522.75	918.60
522.88	982.10
523.01	953.60
523.14	991.80
523.26	983.50
523.39	1035.30
523.52	949.10
523.65	1066.30
523.77	1011.90
523.90	981.70
524.03	965.70
524.16	963.30
524.28	955.70
524.41	967.50
524.54	963.20
524.67	931.50
524.79	956.70
524.92	999.30
525.05	1048.10
525.18	943.50
525.31	1013.10
525.43	941.50
525.56	1083.60
525.69	955.00
525.82	910.80
525.94	1018.20
526.07	1019.80
526.20	1002.00
526.33	1016.10
526.45	1097.30
526.58	1080.10
526.71	1002.30
526.84	980.40
526.96	991.30
527.09	956.50
527.22	965.90
527.35	966.90
527.47	933.00
527.60	1045.80
527.73	946.10
527.86	1010.30
527.98	1003.30
528.11	1007.10
528.24	957.70
528.37	965.70
528.49	939.30
528.62	987.40
528.75	1020.90
528.88	956.50
529.00	1011.50
529.13	1027.70
529.26	987.40
529.39	1021.80
529.51	1120.70
529.64	1084.60
529.77	963.00
529.90	971.20
530.02	980.10
530.15	960.20
530.28	923.80
530.40	961.80
530.53	984.30
530.66	1007.40
530.79	972.40
530.91	980.30
531.04	963.40
531.17	982.40
531.30	983.00
531.42	988.70
531.55	993.30
531.68	1058.70
531.81	966.50
531.93	976.50
532.06	1002.50
532.19	953.90
532.31	986.90
532.44	973.40
532.57	1016.80
532.70	973.00
532.82	990.50
532.95	1014.60
533.08	1056.10
533.21	1019.20
533.33	955.80
533.46	965.50
533.59	978.50
533.71	1094.80
533.84	998.30
533.97	969.10
534.10	975.60
534.22	958.40
534.35	981.30
534.48	994.00
534.61	1016.20
534.73	929.90
534.86	962.90
534.99	1002.20
535.11	1051.20
535.24	1010.50
535.37	974.00
535.50	954.10
535.62	958.70
535.75	1055.40
535.88	996.50
536.00	973.00
536.13	981.40
536.26	985.60
536.39	977.80
536.51	947.90
536.64	1011.70
536.77	988.40
536.89	989.20
537.02	995.70
537.15	1019.50
537.28	996.10
537.40	1006.10
537.53	978.70
537.66	1040.90
537.78	1003.00
537.91	961.90
538.04	974.50
538.17	1038.30
538.29	1017.40
538.42	1065.50
538.55	1050.80
538.67	1036.80
538.80	971.50
538.93	1008.10
539.05	1007.50
539.18	1066.20
539.31	1038.10
539.44	1012.30
539.56	925.60
539.69	993.50
539.82	985.70
539.94	998.20
540.07	976.80
540.20	1061.10
540.32	971.70
540.45	996.70
540.58	991.00
540.71	1042.70
540.83	955.00
540.96	988.20
541.09	993.90
541.21	1086.20
541.34	1070.80
541.47	976.20
541.59	1002.80
541.72	1083.40
541.85	1152.80
541.98	1055.70
542.10	1005.70
542.23	1028.30
542.36	1124.90
542.48	1015.80
542.61	1008.40
542.74	971.20
542.86	986.00
542.99	1001.90
543.12	989.00
543.24	1017.00
543.37	964.20
543.50	1003.60
543.62	982.00
543.75	998.50
543.88	997.10
544.01	1013.80
544.13	1033.10
544.26	1041.40
544.39	983.00
544.51	982.90
544.64	971.80
544.77	1034.80
544.89	988.60
545.02	1012.30
545.15	991.50
545.27	1086.90
545.40	1063.10
545.53	1039.50
545.65	1031.80
545.78	940.80
545.91	964.50
546.03	996.10
546.16	1011.80
546.29	999.50
546.41	972.10
546.54	1000.60
546.67	981.70
546.79	1054.60
546.92	1088.30
547.05	963.40
547.17	1011.40
547.30	988.70
547.43	1044.20
547.56	975.40
547.68	1007.40
547.81	967.10
547.94	1037.10
548.06	1001.80
548.19	977.10
548.32	1078.60
548.44	1027.40
548.57	1033.70
548.70	1051.80
548.82	1057.00
548.95	1044.90
549.08	1015.40
549.20	1007.90
549.33	1102.70
549.45	1026.50
549.58	1006.10
549.71	975.60
549.83	1067.20
549.96	973.20
550.09	1016.80
550.21	997.20
550.34	1035.10
550.47	1003.60
550.59	1005.10
550.72	941.80
550.85	1012.70
550.97	1081.20
551.10	1001.00
551.23	1011.10
551.35	1083.20
551.48	1037.10
551.61	1015.20
551.73	1003.10
551.86	1084.70
551.99	1081.60
552.11	1026.10
552.24	1055.20
552.37	1035.30
552.49	997.50
552.62	1003.30
552.75	1047.80
552.87	1002.70
553.00	1003.80
553.12	1037.10
553.25	1009.00
553.38	1054.80
553.50	1083.90
553.63	1021.60
553.76	966.00
553.88	1023.60
554.01	1017.40
554.14	1017.60
554.26	1046.20
554.39	1103.10
554.52	1025.20
554.64	1027.60
554.77	1001.50
554.89	1057.30
555.02	1080.80
555.15	1044.10
555.27	1026.10
555.40	1031.60
555.53	1091.20
555.65	1023.40
555.78	997.20
555.91	1060.80
556.03	1100.50
556.16	999.80
556.29	1034.90
556.41	1091.40
556.54	1097.90
556.66	1039.20
556.79	1012.60
556.92	1044.50
557.04	1050.00
557.17	1014.50
557.30	1012.80
557.42	1020.40
557.55	1027.90
557.67	1055.60
557.80	1025.50
557.93	1033.20
558.05	1035.50
558.18	1002.50
558.31	1038.00
558.43	1076.90
558.56	1059.70
558.68	1041.20
558.81	1002.90
558.94	1031.80
559.06	1142.50
559.19	1018.70
559.32	1024.30
559.44	1001.50
559.57	1038.80
559.69	1004.90
559.82	1007.00
559.95	1017.30
560.07	1018.30
560.20	957.90
560.33	1033.00
560.45	1051.40
560.58	984.50
560.70	1038.30
560.83	1005.70
560.96	1028.70
561.08	1028.70
561.21	1062.60
561.33	1005.00
561.46	988.70
561.59	1080.00
561.71	1027.20
561.84	1046.90
561.97	1009.90
562.09	1069.20
562.22	1018.40
562.34	1010.80
562.47	1074.30
562.60	1065.20
562.72	1035.60
562.85	1036.20
562.97	1033.90
563.10	1033.20
563.23	1007.90
563.35	1010.80
563.48	1054.40
563.60	1043.20
563.73	1064.30
563.86	998.00
563.98	1011.60
564.11	1035.40
564.23	1034.40
564.36	1101.20
564.49	1046.70
564.61	1100.90
564.74	1054.00
564.86	1021.80
564.99	1090.70
565.12	1078.50
565.24	1099.70
565.37	1085.10
565.49	1097.30
565.62	1117.70
565.75	1084.70
565.87	1022.20
566.00	1186.70
566.12	1113.60
566.25	1056.70
566.38	1076.40
566.50	1057.60
566.63	1100.70
566.75	1046.50
566.88	1021.20
567.01	1018.70
567.13	1041.40
567.26	1041.20
567.38	1017.00
567.51	1091.70
567.64	1032.60
567.76	1071.40
567.89	1054.40
568.01	1020.80
568.14	1009.80
568.26	1055.40
568.39	1052.80
568.52	1053.20
568.64	1087.90
568.77	1042.10
568.89	1034.10
569.02	1032.70
569.15	1054.80
569.27	1039.00
569.40	1072.40
569.52	1084.40
569.65	1045.80
569.77	1041.60
569.90	1010.00
570.03	1007.80
570.15	1121.40
570.28	1056.10
570.40	1044.50
570.53	1043.40
570.66	1115.20
570.78	1093.30
570.91	1060.70
571.03	1021.60
571.16	1059.70
571.28	1014.70
571.41	998.30
571.54	1002.10
571.66	997.90
571.79	1029.00
571.91	1025.40
572.04	1009.50
572.16	1065.10
572.29	1086.60
572.42	1032.20
572.54	1061.80
572.67	1024.90
572.79	1069.90
572.92	1052.40
573.04	1091.00
573.17	1109.40
573.29	1062.40
573.42	1044.30
573.55	1091.20
573.67	1075.30
573.80	1053.20
573.92	1018.40
574.05	1060.00
574.17	1110.90
574.30	1058.60
574.43	1040.80
574.55	1040.60
574.68	1065.40
574.80	1035.50
574.93	1042.10
575.05	1012.20
575.18	1047.80
575.30	1051.10
575.43	1086.40
575.56	1112.40
575.68	1079.90
575.81	1039.60
575.93	1028.20
576.06	1079.10
576.18	1092.30
576.31	1052.60
576.43	1034.50
576.56	1147.70
576.69	1125.60
576.81	1074.20
576.94	1046.10
577.06	1064.30
577.19	1097.50
577.31	1066.10
577.44	1081.20
577.56	1106.00
577.69	1072.50
577.82	1065.30
577.94	1030.80
578.07	1011.70
578.19	1091.00
578.32	1089.90
578.44	1036.30
578.57	1047.40
578.69	1110.50
578.82	1071.40
578.94	1101.20
579.07	1119.00
579.19	1104.10
579.32	1077.70
579.45	1079.40
579.57	1058.60
579.70	1030.70
579.82	1077.40
579.95	1054.00
580.07	1133.70
580.20	1055.30
580.32	1071.30
580.45	1100.80
580.57	1102.00
580.70	1070.50
580.82	1080.80
580.95	1094.70
581.08	1029.40
581.20	1118.70
581.33	1061.50
581.45	1087.30
581.58	1072.50
581.70	1095.20
581.83	1001.90
581.95	1084.90
582.08	1095.40
582.20	1058.80
582.33	1070.00
582.45	1046.70
582.58	1059.10
582.70	1081.20
582.83	1042.00
582.95	1068.00
583.08	1109.80
583.21	1121.70
583.33	1080.90
583.46	1051.20
583.58	1029.00
583.71	1103.20
583.83	1088.40
583.96	1080.80
584.08	1101.90
584.21	1111.00
584.33	1097.80
584.46	1068.30
584.58	1029.40
584.71	1107.00
584.83	1096.70
584.96	1067.60
585.08	1046.90
585.21	1174.20
585.33	1132.70
585.46	1102.60
585.58	1109.60
585.71	1056.40
585.83	1075.00
585.96	1116.20
586.08	1102.10
586.21	1094.80
586.33	1110.50
586.46	1035.50
586.59	1100.40
586.71	1050.70
586.84	1096.20
586.96	1081.60
587.09	1018.90
587.21	1063.10
587.34	1114.30
587.46	1044.30
587.59	1027.90
587.71	1066.80
587.84	1058.70
587.96	1015.00
588.09	1031.30
588.21	1098.00
588.34	1062.10
588.46	1079.40
588.59	1055.50
588.71	1096.40
588.84	1086.60
588.96	1075.90
589.09	1173.30
589.21	1082.80
589.34	1053.00
589.46	1074.20
589.59	1083.90
589.71	1125.60
589.84	1033.20
589.96	1050.40
590.09	1066.30
590.21	1112.40
590.34	1088.20
590.46	1087.00
590.59	1052.50
590.71	1068.90
590.84	1116.20
590.96	1046.60
591.09	1101.90
591.21	1087.60
591.34	1064.80
591.46	1063.10
591.59	1137.00
591.71	1107.70
591.83	1073.10
591.96	1023.40
592.08	1066.40
592.21	1117.50
592.33	1084.20
592.46	1073.40
592.58	1094.70
592.71	1123.50
592.83	1159.80
592.96	1106.10
593.08	1135.10
593.21	1048.00
593.33	1038.00
593.46	1069.80
593.58	1075.10
593.71	1120.20
593.83	1129.60
593.96	1058.30
594.08	1198.10
594.21	1085.90
594.33	1070.70
594.46	1052.50
594.58	1038.20
594.71	1016.20
594.83	1089.00
594.96	1074.30
595.08	1240.50
595.20	1121.00
595.33	1092.10
595.45	1053.20
595.58	1167.80
595.70	1103.40
595.83	1071.20
595.95	1081.10
596.08	1095.50
596.20	1041.30
596.33	1031.80
596.45	1077.80
596.58	1054.50
596.70	1037.90
596.83	1071.40
596.95	1064.70
597.08	1087.30
597.20	1046.50
597.32	1065.10
597.45	1094.40
597.57	1079.90
597.70	1115.00
597.82	1071.10
597.95	1082.20
598.07	1083.00
598.20	1093.40
598.32	1080.70
598.45	1069.70
598.57	1130.60
598.70	1145.70
598.82	1073.10
598.94	1065.80
599.07	1129.80
599.19	1088.10
599.32	1067.40
599.44	999.60
599.57	1123.10
599.69	1101.10
599.82	1067.30
599.94	1049.30
600.07	1131.20
600.19	1111.00
600.31	1065.30
600.44	1122.50
600.56	1195.90
600.69	1177.90
600.81	1070.30
600.94	1078.20
601.06	1088.90
601.19	1110.10
601.31	1132.80
601.44	1046.10
601.56	1143.60
601.68	1120.60
601.81	1103.10
601.93	1093.90
602.06	1110.00
602.18	1047.50
602.31	1083.80
602.43	1146.50
602.56	1117.40
602.68	1090.20
602.80	1093.00
602.93	1104.00
603.05	1067.90
603.18	1096.50
603.30	1054.30
603.43	1060.90
603.55	1085.90
603.68	1111.60
603.80	1101.30
603.92	1089.20
604.05	1069.20
604.17	1074.30
604.30	1052.10
604.42	1075.20
604.55	1084.50
604.67	1119.30
604.79	1071.80
604.92	1079.30
605.04	1079.00
605.17	1075.80
605.29	1068.50
605.42	1067.30
605.54	1159.10
605.66	1105.80
605.79	1107.80
605.91	1081.00
606.04	1093.30
606.16	1065.30
606.29	1102.20
606.41	1062.00
606.53	1080.30
606.66	1036.40
606.78	1083.60
606.91	1078.20
607.03	1072.20
607.16	1072.20
607.28	1056.60
607.40	1088.30
607.53	1113.70
607.65	1063.40
607.78	1067.90
607.90	1099.70
608.03	1193.30
608.15	1100.20
608.27	1112.70
608.40	1056.70
608.52	1112.10
608.65	1093.80
608.77	1124.80
608.89	1096.00
609.02	1175.80
609.14	1180.30
609.27	1120.50
609.39	1131.70
609.52	1073.20
609.64	1032.70
609.76	1076.50
609.89	1084.30
610.01	1150.90
610.14	1124.20
610.26	1089.40
610.38	1057.80
610.51	1133.90
610.63	1085.60
610.76	1057.80
610.88	1113.50
611.01	1155.10
611.13	1191.20
611.25	1134.60
611.38	1071.70
611.50	1093.70
611.63	1125.90
611.75	1102.40
611.87	1116.30
612.00	1077.70
612.12	1141.20
612.25	1087.80
612.37	1067.40
612.49	1162.50
612.62	1154.20
612.74	1168.40
612.87	1104.20
612.99	1098.90
613.11	1049.20
613.24	1092.00
613.36	1089.70
613.49	1109.40
613.61	1103.60
613.73	1083.90
613.86	1137.50
613.98	1065.00
614.11	1134.00
614.23	1140.10
614.35	1145.80
614.48	1141.40
614.60	1119.40
614.72	1096.40
614.85	1122.40
614.97	1118.30
615.10	1111.40
615.22	1090.80
615.34	1108.60
615.47	1152.00
615.59	1077.60
615.72	1103.40
615.84	1116.80
615.96	1081.30
616.09	1192.20
616.21	1099.60
616.34	1085.80
616.46	1095.80
616.58	1121.70
616.71	1120.20
616.83	1139.60
616.95	1132.70
617.08	1133.60
617.20	1099.90
617.33	1066.40
617.45	1098.20
617.57	1127.10
617.70	1114.60
617.82	1088.90
617.95	1108.50
618.07	1171.60
618.19	1126.20
618.32	1118.80
618.44	1089.20
618.56	1067.10
618.69	1040.30
618.81	1058.60
618.94	1143.50
619.06	1097.70
619.18	1101.00
619.31	1057.50
619.43	1069.40
619.55	1122.90
619.68	1119.70
619.80	1065.90
619.92	1125.60
620.05	1233.50
620.17	1160.30
620.30	1110.50
620.42	1128.20
620.54	1148.00
620.67	1092.40
620.79	1113.00
620.91	1125.00
621.04	1178.10
621.16	1094.70
621.29	1079.80
621.41	1052.60
621.53	1092.80
621.66	1105.30
621.78	1090.10
621.90	1149.10
622.03	1201.90
622.15	1111.50
622.27	1103.90
622.40	1118.70
622.52	1091.20
622.64	1096.20
622.77	1068.80
622.89	1123.70
623.02	1155.80
623.14	1127.60
623.26	1137.50
623.39	1140.90
623.51	1168.40
623.63	1103.50
623.76	1076.60
623.88	1173.40
624.00	1123.10
624.13	1079.10
624.25	1081.40
624.37	1070.10
624.50	1155.30
624.62	1134.60
624.75	1079.60
624.87	1071.90
624.99	1138.50
625.12	1095.80
625.24	1105.70
625.36	1191.60
625.49	1149.20
625.61	1138.70
625.73	1124.20
625.86	1157.70
625.98	1123.00
626.10	1091.80
626.23	1071.50
626.35	1127.90
626.47	1100.50
626.60	1079.40
626.72	1088.50
626.84	1099.00
626.97	1127.00
627.09	1106.20
627.21	1105.80
627.34	1230.00
627.46	1206.50
627.58	1114.80
627.71	1124.70
627.83	1155.20
627.95	1081.60
628.08	1116.00
628.20	1145.60
628.32	1067.20
628.45	1044.70
628.57	1054.20
628.69	1077.10
628.82	1140.50
628.94	1168.30
629.06	1113.90
629.19	1094.10
629.31	1146.60
629.43	1078.30
629.56	1129.50
629.68	1115.90
629.80	1163.60
629.93	1081.10
630.05	1094.10
630.17	1073.80
630.30	1104.90
630.42	1089.60
630.54	1137.20
630.67	1117.50
630.79	1090.20
630.91	1234.80
631.04	1137.40
631.16	1132.70
631.28	1130.00
631.41	1095.20
631.53	1076.80
631.65	1119.50
631.78	1143.80
631.90	1121.70
632.02	1124.20
632.14	1036.30
632.27	1176.10
632.39	1117.30
632.51	1098.80
632.64	1164.90
632.76	1123.30
632.88	1108.60
633.01	1129.70
633.13	1105.90
633.25	1125.50
633.38	1232.20
633.50	1066.40
633.62	1063.60
633.75	1060.50
633.87	1046.30
633.99	1131.40
634.11	1071.80
634.24	1100.90
634.36	1115.40
634.48	1113.40
634.61	1103.10
634.73	1150.90
634.85	1100.70
634.98	1099.60
635.10	1108.00
635.22	1119.10
635.35	1237.50
635.47	1138.70
635.59	1116.10
635.71	1144.70
635.84	1174.50
635.96	1111.30
636.08	1151.80
636.21	1097.70
636.33	1129.50
636.45	1120.00
636.58	1092.00
636.70	1072.60
636.82	1145.20
636.94	1096.60
637.07	1068.80
637.19	1154.70
637.31	1152.00
637.44	1145.40
637.56	1076.40
637.68	1143.20
637.81	1145.20
637.93	1133.20
638.05	1094.90
638.17	1178.80
638.30	1228.20
638.42	1118.50
638.54	1096.00
638.67	1117.00
638.79	1122.90
638.91	1098.30
639.03	1115.30
639.16	1108.50
639.28	1132.00
639.40	1127.80
639.53	1099.80
639.65	1160.60
639.77	1123.80
639.89	1130.50
640.02	1120.70
640.14	1137.10
640.26	1084.50
640.39	1154.40
640.51	1096.90
640.63	1144.10
640.75	1171.00
640.88	1123.90
641.00	1101.20
641.12	1100.90
641.24	1209.50
641.37	1122.50
641.49	1098.10
641.61	1231.50
641.74	1108.40
641.86	1142.10
641.98	1088.00
642.10	1140.90
642.23	1153.10
642.35	1110.90
642.47	1140.10
642.60	1136.20
642.72	1160.10
642.84	1067.40
642.96	1086.50
643.09	1090.20
643.21	1088.90
643.33	1092.80
643.45	1097.60
643.58	1175.10
643.70	1201.30
643.82	1114.70
643.94	1111.90
644.07	1132.70
644.19	1150.10
644.31	1139.90
644.44	1131.40
644.56	1129.90
644.68	1090.10
644.80	1091.90
644.93	1086.80
645.05	1102.50
645.17	1142.30
645.29	1139.70
645.42	1153.10
645.54	1142.00
645.66	1164.60
645.78	1130.60
645.91	1114.90
646.03	1158.50
646.15	1209.00
646.27	1114.40
646.40	1142.70
646.52	1161.40
646.64	1173.50
646.76	1129.80
646.89	1080.20
647.01	1168.40
647.13	1156.10
647.25	1165.40
647.38	1124.20
647.50	1105.70
647.62	1176.10
647.74	1088.70
647.87	1097.80
647.99	1142.00
648.11	1161.20
648.23	1126.10
648.36	1086.50
648.48	1200.40
648.60	1143.20
648.72	1113.50
648.85	1099.40
648.97	1182.40
649.09	1157.10
649.21	1123.50
649.34	1154.10
649.46	1158.70
649.58	1155.90
649.70	1165.90
649.83	1116.40
649.95	1154.70
650.07	1170.20
650.19	1180.20
650.32	1137.30
650.44	1194.10
650.56	1161.00
650.68	1127.40
650.81	1127.40
650.93	1126.20
651.05	1197.80
651.17	1114.40
651.29	1163.20
651.42	1140.50
651.54	1172.40
651.66	1113.70
651.78	1113.00
651.91	1166.40
652.03	1254.50
652.15	1167.60
652.27	1118.90
652.40	1153.80
652.52	1144.60
652.64	1153.50
652.76	1133.40
652.88	1237.90
653.01	1152.50
653.13	1114.20
653.25	1078.00
653.37	1171.90
653.50	1194.40
653.62	1172.70
653.74	1097.50
653.86	1193.60
653.98	1179.40
654.11	1117.50
654.23	1136.80
654.35	1139.00
654.47	1264.50
654.60	1135.00
654.72	1130.30
654.84	1118.70
654.96	1193.70
655.08	1132.30
655.21	1165.70
655.33	1147.20
655.45	1196.20
655.57	1152.60
655.70	1149.80
655.82	1205.30
655.94	1233.40
656.06	1180.80
656.18	1122.00
656.31	1207.10
656.43	1180.60
656.55	1136.30
656.67	1140.00
656.79	1153.40
656.92	1204.70
657.04	1175.90
657.16	1144.20
657.28	1272.10
657.40	1168.40
657.53	1184.30
657.65	1147.10
657.77	1211.30
657.89	1208.70
658.01	1143.70
658.14	1123.90
658.26	1189.80
658.38	1150.90
658.50	1116.90
658.62	1117.00
658.75	1289.10
658.87	1196.50
658.99	1186.60
659.11	1122.00
659.23	1199.30
659.36	1267.30
659.48	1211.20
659.60	1185.50
659.72	1182.70
659.84	1169.60
659.97	1189.60
660.09	1198.60
660.21	1271.40
660.33	1210.40
660.45	1111.00
660.58	1086.80
660.70	1134.70
660.82	1157.30
660.94	1122.50
661.06	1166.20
661.19	1222.90
661.31	1204.40
661.43	1163.20
661.55	1162.00
661.67	1198.40
661.80	1237.70
661.92	1166.40
662.04	1178.10
662.16	1173.50
662.28	1224.30
662.40	1172.80
662.53	1169.90
662.65	1194.90
662.77	1143.80
662.89	1179.80
663.01	1147.30
663.14	1169.60
663.26	1200.80
663.38	1171.80
663.50	1138.20
663.62	1153.80
663.74	1174.80
663.87	1145.70
663.99	1182.30
664.11	1211.80
664.23	1292.40
664.35	1165.00
664.48	1150.10
664.60	1168.20
664.72	1167.20
664.84	1131.50
664.96	1163.90
665.08	1226.70
665.21	1192.60
665.33	1203.60
665.45	1111.20
665.57	1177.40
665.69	1255.70
665.81	1172.00
665.94	1136.40
666.06	1148.10
666.18	1192.40
666.30	1165.80
666.42	1147.50
666.54	1180.80
666.67	1198.90
666.79	1146.40
666.91	1202.70
667.03	1169.70
667.15	1139.30
667.27	1160.50
667.40	1136.40
667.52	1165.50
667.64	1216.20
667.76	1160.90
667.88	1139.60
668.00	1209.10
668.13	1216.70
668.25	1137.20
668.37	1146.20
668.49	1166.20
668.61	1225.50
668.73	1171.50
668.85	1187.30
668.98	1201.50
669.10	1191.90
669.22	1169.00
669.34	1179.60
669.46	1221.60
669.58	1163.70
669.71	1187.50
669.83	1181.70
669.95	1170.60
670.07	1193.30
670.19	1165.40
670.31	1178.70
670.43	1166.40
670.56	1203.80
670.68	1231.00
670.80	1200.40
670.92	1198.50
671.04	1241.80
671.16	1171.20
671.28	1167.40
671.41	1176.80
671.53	1225.50
671.65	1176.00
671.77	1176.90
671.89	1330.70
672.01	1284.70
672.13	1229.20
672.26	1152.70
672.38	1193.30
672.50	1158.90
672.62	1183.00
672.74	1206.60
672.86	1188.70
672.98	1203.00
673.11	1196.30
673.23	1202.90
673.35	1258.20
673.47	1186.70
673.59	1192.10
673.71	1151.30
673.83	1215.40
673.96	1298.00
674.08	1194.60
674.20	1151.90
674.32	1187.60
674.44	1196.70
674.56	1212.40
674.68	1207.50
674.80	1231.90
674.93	1196.70
675.05	1188.50
675.17	1193.80
675.29	1237.90
675.41	1239.50
675.53	1195.70
675.65	1183.80
675.77	1186.50
675.90	1247.00
676.02	1167.30
676.14	1168.40
676.26	1269.70
676.38	1305.10
676.50	1208.90
676.62	1221.30
676.74	1165.70
676.87	1179.10
676.99	1205.70
677.11	1239.10
677.23	1215.70
677.35	1229.10
677.47	1159.40
677.59	1180.80
677.71	1223.90
677.83	1233.90
677.96	1196.70
678.08	1200.30
678.20	1201.90
678.32	1166.80
678.44	1201.20
678.56	1192.90
678.68	1340.40
678.80	1242.60
678.93	1191.80
679.05	1212.10
679.17	1206.90
679.29	1260.80
679.41	1204.20
679.53	1179.00
679.65	1177.80
679.77	1212.90
679.89	1195.50
680.01	1232.40
680.14	1230.80
680.26	1149.30
680.38	1190.10
680.50	1234.70
680.62	1289.20
680.74	1230.20
680.86	1198.20
680.98	1213.30
681.10	1235.10
681.22	1306.50
681.35	1185.80
681.47	1191.20
681.59	1178.30
681.71	1282.70
681.83	1212.00
681.95	1183.20
682.07	1269.00
682.19	1227.40
682.31	1196.00
682.43	1172.60
682.56	1248.20
682.68	1166.20
682.80	1186.20
682.92	1230.50
683.04	1216.40
683.16	1200.30
683.28	1180.10
683.40	1232.20
683.52	1216.40
683.64	1242.50
683.76	1184.10
683.89	1195.00
684.01	1209.80
684.13	1278.60
684.25	1219.20
684.37	1218.70
684.49	1255.60
684.61	1207.70
684.73	1217.20
684.85	1213.00
684.97	1182.10
685.09	1267.30
685.21	1176.60
685.34	1212.50
685.46	1345.40
685.58	1240.80
685.70	1229.60
685.82	1260.50
685.94	1189.40
686.06	1186.20
686.18	1176.90
686.30	1196.70
686.42	1173.90
686.54	1251.80
686.66	1182.70
686.79	1287.50
686.91	1240.30
687.03	1320.70
687.15	1248.20
687.27	1215.70
687.39	1218.00
687.51	1295.30
687.63	1236.10
687.75	1261.70
687.87	1246.00
687.99	1289.20
688.11	1184.30
688.23	1245.10
688.35	1276.10
688.48	1245.10
688.60	1192.00
688.72	1208.10
688.84	1233.10
688.96	1259.30
689.08	1227.20
689.20	1214.80
689.32	1345.60
689.44	1241.50
689.56	1180.90
689.68	1200.90
689.80	1212.50
689.92	1201.40
690.04	1206.00
690.16	1254.00
690.28	1249.50
690.41	1248.50
690.53	1197.20
690.65	1256.10
690.77	1281.80
690.89	1279.10
691.01	1224.10
691.13	1204.80
691.25	1194.00
691.37	1217.60
691.49	1180.30
691.61	1175.60
691.73	1305.60
691.85	1229.80
691.97	1214.00
692.09	1193.50
692.21	1277.30
692.33	1303.90
692.45	1240.70
692.57	1209.70
692.70	1239.70
692.82	1252.70
692.94	1169.90
693.06	1203.20
693.18	1232.30
693.30	1213.50
693.42	1202.30
693.54	1241.80
693.66	1246.50
693.78	1256.70
693.90	1212.20
694.02	1227.60
694.14	1261.20
694.26	1221.10
694.38	1237.80
694.50	1245.40
694.62	1247.10
694.74	1190.70
694.86	1199.30
694.98	1237.30
695.10	1256.80
695.22	1285.60
695.34	1212.60
695.46	1207.40
695.58	1216.20
695.71	1252.00
695.83	1211.00
695.95	1217.20
696.07	1298.20
696.19	1205.80
696.31	1219.00
696.43	1206.10
696.55	1323.60
696.67	1252.70
696.79	1227.20
696.91	1242.20
697.03	1219.90
697.15	1321.20
697.27	1246.50
697.39	1213.80
697.51	1277.20
697.63	1216.30
697.75	1213.70
697.87	1245.80
697.99	1188.80
698.11	1169.50
698.23	1198.20
698.35	1214.70
698.47	1228.30
698.59	1255.50
698.71	1226.00
698.83	1283.90
698.95	1210.50
699.07	1249.70
699.19	1226.40
699.31	1245.10
699.43	1216.90
699.55	1267.40
699.67	1221.20
699.79	1231.90
699.91	1218.50
700.03	1241.50
700.15	1239.10
700.27	1207.50
700.39	1245.80
700.51	1206.70
700.63	1232.60
700.75	1227.20
700.87	1258.90
700.99	1229.20
701.11	1270.10
701.24	1239.90
701.36	1275.50
701.48	1281.40
701.60	1270.40
701.72	1215.60
701.84	1313.90
701.96	1266.10
702.08	1245.00
702.20	1328.30
702.32	1288.00
702.44	1276.90
702.56	1243.30
702.68	1237.70
702.80	1254.60
702.92	1342.00
703.04	1318.20
703.16	1253.30
703.28	1262.90
703.40	1243.60
703.52	1272.70
703.64	1265.90
703.76	1266.10
703.88	1240.20
704.00	1231.10
704.12	1246.70
704.24	1306.10
704.36	1261.10
704.48	1267.80
704.60	1218.60
704.72	1254.20
704.84	1243.50
704.96	1273.50
705.07	1262.50
705.19	1219.60
705.31	1245.70
705.43	1287.10
705.55	1233.70
705.67	1279.40
705.79	1257.90
705.91	1201.90
706.03	1245.30
706.15	1268.40
706.27	1249.00
706.39	1246.70
706.51	1236.30
706.63	1240.20
706.75	1278.60
706.87	1273.60
706.99	1314.90
707.11	1267.00
707.23	1246.30
707.35	1280.70
707.47	1264.50
707.59	1297.10
707.71	1306.80
707.83	1257.00
707.95	1301.40
708.07	1248.70
708.19	1385.00
708.31	1284.60
708.43	1237.00
708.55	1285.30
708.67	1327.70
708.79	1272.40
708.91	1295.70
709.03	1286.30
709.15	1318.40
709.27	1243.60
709.39	1266.50
709.51	1255.20
709.63	1288.60
709.75	1296.70
709.87	1217.40
709.99	1307.90
710.11	1249.60
710.23	1244.00
710.35	1220.70
710.47	1376.80
710.58	1325.80
710.70	1321.90
710.82	1322.30
710.94	1277.40
711.06	1268.20
711.18	1279.90
711.30	1245.20
711.42	1310.20
711.54	1271.60
711.66	1301.80
711.78	1252.40
711.90	1303.40
712.02	1337.00
712.14	1248.40
712.26	1222.60
712.38	1317.40
712.50	1337.20
712.62	1267.50
712.74	1254.30
712.86	1253.90
712.98	1316.50
713.10	1252.40
713.22	1225.20
713.34	1290.40
713.45	1261.60
713.57	1291.70
713.69	1248.40
713.81	1271.00
713.93	1282.70
714.05	1270.30
714.17	1248.70
714.29	1346.10
714.41	1326.80
714.53	1264.10
714.65	1294.80
714.77	1281.40
714.89	1234.70
715.01	1327.10
715.13	1252.30
715.25	1286.50
715.37	1249.40
715.49	1233.90
715.61	1300.40
715.72	1302.60
715.84	1333.20
715.96	1270.90
716.08	1271.50
716.20	1348.90
716.32	1331.80
716.44	1271.50
716.56	1272.50
716.68	1295.00
716.80	1367.00
716.92	1333.50
717.04	1295.30
717.16	1307.90
717.28	1283.30
717.40	1277.90
717.52	1286.00
717.63	1264.30
717.75	1294.70
717.87	1264.30
717.99	1300.40
718.11	1283.50
718.23	1352.70
718.35	1313.10
718.47	1286.60
718.59	1234.70
718.71	1289.30
718.83	1268.50
718.95	1306.70
719.07	1247.70
719.19	1277.90
719.30	1269.10
719.42	1288.20
719.54	1276.00
719.66	1296.30
719.78	1291.90
719.90	1223.00
720.02	1283.10
720.14	1309.10
720.26	1323.30
720.38	1313.80
720.50	1268.90
720.62	1212.80
720.74	1296.50
720.85	1292.60
720.97	1349.10
721.09	1382.10
721.21	1283.50
721.33	1355.00
721.45	1302.60
721.57	1314.00
721.69	1267.20
721.81	1247.00
721.93	1364.40
722.05	1304.40
722.16	1262.60
722.28	1226.40
722.40	1270.20
722.52	1347.30
722.64	1358.00
722.76	1258.50
722.88	1317.40
723.00	1317.40
723.12	1272.60
723.24	1302.80
723.36	1239.70
723.47	1345.60
723.59	1307.20
723.71	1278.70
723.83	1319.10
723.95	1274.90
724.07	1300.50
724.19	1314.40
724.31	1379.90
724.43	1268.80
724.55	1230.40
724.66	1271.20
724.78	1437.50
724.90	1271.30
725.02	1262.40
725.14	1276.30
725.26	1301.30
725.38	1235.20
725.50	1296.10
725.62	1310.20
725.74	1294.50
725.85	1288.80
725.97	1303.30
726.09	1362.40
726.21	1633.90
726.33	1331.30
726.45	1305.10
726.57	1276.50
726.69	1311.30
726.81	1305.10
726.92	1296.30
727.04	1312.40
727.16	1319.80
727.28	1293.20
727.40	1297.60
727.52	1315.20
727.64	1430.00
727.76	1390.20
727.88	1330.00
727.99	1273.10
728.11	1273.40
728.23	1302.10
728.35	1293.70
728.47	1289.60
728.59	1296.50
728.71	1318.00
728.83	1303.10
728.94	1333.50
729.06	1404.60
729.18	1376.00
729.30	1335.50
729.42	1322.90
729.54	1387.70
729.66	1404.10
729.78	1310.10
729.90	1323.50
730.01	1293.80
730.13	1240.50
730.25	1305.50
730.37	1293.10
730.49	1336.60
730.61	1317.60
730.73	1321.00
730.84	1353.70
730.96	1339.70
731.08	1337.90
731.20	1320.50
731.32	1322.50
731.44	1469.00
731.56	1321.50
731.68	1281.30
731.79	1328.70
731.91	1292.50
732.03	1300.00
732.15	1308.00
732.27	1280.10
732.39	1292.90
732.51	1352.30
732.62	1290.00
732.74	1305.90
732.86	1370.90
732.98	1340.10
733.10	1317.60
733.22	1328.10
733.34	1346.00
733.45	1271.80
733.57	1312.90
733.69	1278.20
733.81	1306.90
733.93	1332.40
734.05	1245.60
734.17	1313.40
734.28	1321.40
734.40	1324.60
734.52	1305.80
734.64	1297.30
734.76	1402.10
734.88	1327.50
735.00	1280.60
735.11	1309.00
735.23	1375.30
735.35	1310.40
735.47	1262.50
735.59	1360.30
735.71	1312.70
735.83	1330.00
735.94	1347.90
736.06	1330.10
736.18	1373.60
736.30	1370.50
736.42	1349.90
736.54	1332.00
736.65	1357.60
736.77	1463.50
736.89	1376.30
737.01	1334.10
737.13	1429.60
737.25	1267.30
737.36	1285.90
737.48	1308.70
737.60	1320.00
737.72	1302.20
737.84	1312.00
737.96	1373.70
738.08	1323.50
738.19	1409.10
738.31	1314.40
738.43	1333.80
738.55	1335.70
738.67	1335.20
738.79	1301.70
738.90	1319.10
739.02	1346.10
739.14	1313.60
739.26	1319.30
739.38	1330.80
739.50	1360.80
739.61	1327.10
739.73	1326.60
739.85	1333.40
739.97	1350.60
740.09	1389.50
740.20	1283.10
740.32	1340.80
740.44	1353.10
740.56	1297.40
740.68	1317.30
740.80	1324.80
740.91	1337.20
741.03	1375.50
741.15	1352.00
741.27	1316.60
741.39	1374.70
741.51	1345.50
741.62	1370.80
741.74	1328.90
741.86	1330.90
741.98	1293.90
742.10	1338.00
742.21	1340.10
742.33	1331.60
742.45	1303.40
742.57	1381.10
742.69	1318.00
742.80	1366.90
742.92	1328.30
743.04	1325.90
743.16	1313.20
743.28	1390.50
743.40	1287.90
743.51	1298.00
743.63	1299.40
743.75	1337.70
743.87	1340.30
743.99	1357.40
744.10	1332.60
744.22	1340.20
744.34	1317.10
744.46	1347.10
744.58	1344.80
744.69	1264.20
744.81	1332.10
744.93	1288.00
745.05	1285.70
745.17	1403.40
745.28	1403.60
745.40	1351.70
745.52	1328.30
745.64	1337.50
745.76	1366.00
745.87	1318.90
745.99	1305.80
746.11	1345.20
746.23	1298.80
746.35	1323.10
746.46	1307.40
746.58	1431.70
746.70	1345.50
746.82	1334.90
746.94	1321.20
747.05	1298.60
747.17	1288.30
747.29	1271.90
747.41	1310.10
747.53	1456.80
747.64	1325.80
747.76	1374.20
747.88	1383.30
748.00	1379.20
748.12	1346.00
748.23	1320.70
748.35	1341.50
748.47	1372.10
748.59	1371.20
748.70	1304.90
748.82	1291.50
748.94	1300.40
749.06	1313.40
749.18	1314.80
749.29	1298.80
749.41	1345.70
749.53	1332.00
749.65	1314.90
749.76	1360.50
749.88	1333.50
750.00	1347.50
750.12	1368.90
750.24	1354.50
750.35	1337.60
750.47	1290.10
750.59	1359.20
750.71	1322.80
750.82	1363.10
750.94	1304.30
751.06	1319.00
751.18	1310.30
751.30	1366.40
751.41	1361.80
751.53	1359.20
751.65	1302.10
751.77	1306.90
751.88	1343.60
752.00	1363.20
752.12	1280.80
752.24	1382.70
752.35	1355.40
752.47	1358.30
752.59	1364.80
752.71	1409.50
752.83	1311.50
752.94	1382.50
753.06	1306.80
753.18	1338.00
753.30	1306.50
753.41	1268.90
753.53	1314.10
753.65	1316.60
753.77	1373.00
753.88	1300.80
754.00	1330.50
754.12	1337.40
754.24	1400.00
754.35	1305.00
754.47	1268.30
754.59	1349.80
754.71	1345.60
754.82	1320.40
754.94	1305.70
755.06	1378.50
755.18	1349.00
755.29	1344.20
755.41	1303.30
755.53	1352.20
755.65	1302.50
755.76	1332.60
755.88	1331.00
756.00	1382.30
756.12	1304.60
756.23	1224.00
756.35	1298.40
756.47	1363.40
756.59	1301.10
756.70	1292.10
756.82	1297.30
756.94	1311.10
757.06	1340.40
757.17	1337.40
757.29	1310.20
757.41	1278.00
757.53	1340.30
757.64	1324.80
757.76	1319.50
757.88	1343.80
758.00	1345.70
758.11	1302.10
758.23	1279.20
758.35	1339.80
758.47	1279.70
758.58	1336.60
758.70	1278.30
758.82	1293.70
758.94	1278.30
759.05	1319.10
759.17	1271.30
759.29	1310.30
759.40	1375.70
759.52	1302.90
759.64	1310.80
759.76	1328.00
759.87	1338.70
759.99	1332.50
760.11	1297.80
760.23	1328.90
760.34	1351.70
760.46	1330.20
760.58	1298.90
760.70	1316.00
760.81	1361.60
760.93	1318.70
761.05	1335.00
761.16	1329.50
761.28	1298.80
761.40	1284.00
761.52	1272.90
761.63	1368.90
761.75	1341.60
761.87	1301.60
761.98	1263.90
762.10	1333.50
762.22	1316.70
762.34	1341.50
762.45	1293.90
762.57	1347.20
762.69	1438.10
762.81	1300.60
762.92	1331.80
763.04	1258.90
763.16	1333.60
763.27	1345.30
763.39	1295.60
763.51	1330.30
763.63	1331.60
763.74	1282.90
763.86	1245.40
763.98	1278.50
764.09	1292.40
764.21	1306.30
764.33	1259.80
764.44	1285.70
764.56	1302.40
764.68	1269.00
764.80	1302.30
764.91	1250.60
765.03	1364.00
765.15	1289.50
765.26	1296.70
765.38	1268.50
765.50	1337.10
765.62	1311.10
765.73	1293.20
765.85	1301.80
765.97	1247.50
766.08	1300.10
766.20	1311.60
766.32	1322.00
766.43	1344.60
766.55	1330.90
766.67	1289.40
766.79	1297.50
766.90	1270.90
767.02	1236.70
767.14	1258.90
767.25	1258.00
767.37	1398.10
767.49	1310.70
767.60	1287.60
767.72	1357.00
767.84	1324.40
767.95	1280.50
768.07	1260.90
768.19	1315.90
768.31	1319.90
768.42	1311.40
768.54	1286.80
768.66	1295.10
768.77	1324.10
768.89	1298.00
769.01	1266.60
769.12	1318.10
769.24	1313.40
769.36	1268.30
769.47	1262.30
769.59	1247.60
769.71	1308.90
769.82	1277.00
769.94	1278.70
770.06	1248.70
770.17	1328.80
770.29	1288.20
770.41	1318.00
770.53	1311.80
770.64	1246.80
770.76	1288.20
770.88	1310.10
770.99	1319.80
771.11	1252.40
771.23	1301.90
771.34	1292.20
771.46	1371.70
771.58	1347.80
771.69	1317.10
771.81	1288.00
771.93	1325.80
772.04	1252.80
772.16	1307.80
772.28	1279.60
772.39	1332.20
772.51	1281.20
772.63	1302.80
772.74	1268.10
772.86	1270.80
772.98	1392.50
773.09	1257.00
773.21	1266.40
773.33	1293.80
773.44	1295.70
773.56	1279.00
773.68	1280.70
773.79	1329.30
773.91	1267.60
774.03	1288.80
774.14	1269.30
774.26	1332.00
774.38	1252.80
774.49	1238.80
774.61	1262.30
774.73	1274.70
774.84	1262.00
774.96	1248.00
775.08	1275.70
775.19	1297.50
775.31	1331.00
775.43	1287.30
775.54	1252.50
775.66	1216.30
775.77	1310.30
775.89	1233.70
776.01	1302.30
776.12	1311.80
776.24	1286.20
776.36	1223.10
776.47	1241.70
776.59	1277.50
776.71	1311.40
776.82	1201.60
776.94	1217.90
777.06	1247.20
777.17	1321.40
777.29	1227.70
777.41	1240.80
777.52	1287.40
777.64	1255.10
777.75	1287.70
777.87	1208.80
777.99	1247.50
778.10	1309.50
778.22	1248.50
778.34	1264.00
778.45	1255.30
778.57	1303.10
778.69	1298.40
778.80	1268.60
778.92	1357.40
779.04	1267.60
779.15	1248.50
779.27	1291.60
779.38	1288.30
779.50	1312.20
779.62	1204.70
779.73	1249.50
779.85	1197.90
779.97	1359.00
780.08	1253.90
780.20	1250.60
780.31	1281.50
780.43	1281.80
780.55	1234.00
780.66	1263.80
780.78	1272.40
780.90	1357.30
781.01	1231.50
781.13	1253.80
781.25	1244.20
781.36	1305.80
781.48	1224.90
781.59	1241.80
781.71	1279.30
781.83	1274.50
781.94	1226.00
782.06	1227.40
782.18	1294.10
782.29	1219.40
782.41	1195.30
782.52	1283.20
782.64	1291.50
782.76	1261.40
782.87	1260.50
782.99	1232.30
783.10	1366.30
783.22	1384.80
783.34	1245.10
783.45	1246.00
783.57	1247.10
783.69	1222.20
783.80	1258.00
783.92	1259.40
784.03	1246.60
784.15	1208.50
784.27	1239.80
784.38	1215.20
784.50	1210.50
784.61	1243.80
784.73	1204.90
784.85	1217.50
784.96	1217.20
785.08	1288.80
785.19	1272.00
785.31	1221.90
785.43	1197.60
785.54	1195.40
785.66	1261.30
785.77	1245.50
785.89	1266.90
786.01	1181.90
786.12	1223.60
786.24	1239.50
786.35	1298.00
786.47	1240.80
786.59	1213.00
786.70	1186.40
786.82	1238.20
786.93	1239.80
787.05	1229.00
787.17	1236.40
787.28	1222.70
787.40	1243.30
787.51	1242.60
787.63	1252.90
787.75	1187.30
787.86	1236.80
787.98	1249.50
788.09	1223.10
788.21	1240.50
788.33	1258.00
788.44	1248.50
788.56	1194.50
788.67	1247.50
788.79	1201.30
788.91	1222.50
789.02	1209.90
789.14	1214.20
789.25	1304.30
789.37	1237.90
789.48	1196.40
789.60	1225.80
789.72	1191.90
789.83	1247.20
789.95	1224.40
790.06	1166.80
790.18	1187.50
790.30	1246.00
790.41	1227.90
790.53	1196.00
790.64	1168.60
790.76	1177.50
790.87	1205.00
790.99	1213.30
791.11	1220.40
791.22	1192.50
791.34	1216.30
791.45	1240.20
791.57	1239.50
791.68	1208.40
791.80	1189.40
791.92	1246.30
792.03	1189.90
792.15	1162.30
792.26	1189.40
792.38	1165.00
792.49	1226.20
792.61	1201.10
792.73	1220.00
792.84	1204.80
792.96	1308.00
793.07	1200.00
793.19	1991.80
793.30	1292.80
793.42	1249.00
793.54	1141.50
793.65	1158.60
793.77	1336.70
793.88	1186.90
794.00	1150.60
794.11	1201.10
794.23	1142.90
794.34	1212.50
794.46	1140.60
794.58	1153.00
794.69	1284.00
794.81	1275.00
794.92	1171.60
795.04	1165.60
795.15	1277.80
795.27	1231.60
795.39	1195.30
795.50	1168.60
795.62	1165.40
795.73	1176.00
795.85	1162.40
795.96	1201.90
796.08	1248.00
796.19	1172.30
796.31	1176.00
796.42	1145.80
796.54	1164.60
796.66	1227.70
796.77	1149.60
796.89	1133.00
797.00	1240.30
797.12	1113.60
797.23	1164.90
797.35	1193.80
797.46	1215.90
797.58	1243.40
797.69	1190.90
797.81	1176.10
797.93	1186.70
798.04	1159.40
798.16	1164.70
798.27	1196.80
798.39	1143.00
798.50	1133.70
798.62	1135.10
798.73	1138.20
798.85	1255.90
798.96	1182.20
799.08	1203.30
799.19	1210.10
799.31	1184.70
799.43	1173.30
799.54	1153.80
799.66	1191.40
799.77	1206.00
799.89	1143.70
800.00	1114.50
800.12	1156.60
800.23	1219.70
800.35	1255.90
800.46	1111.50
800.58	1097.50
800.69	1170.60
800.81	1147.90
800.92	1124.20
801.04	1169.80
801.16	1104.90
801.27	1107.90
801.39	1127.40
801.50	1147.90
801.62	1169.50
801.73	1212.00
801.85	1200.50
801.96	1124.70
802.08	1212.50
802.19	1213.90
802.31	1147.00
802.42	1164.70
802.54	1241.80
802.65	1211.10
802.77	1127.40
802.88	1187.40
803.00	1110.40
803.11	1265.40
803.23	1162.10
803.34	1158.70
803.46	1181.20
803.57	1120.60
803.69	1185.00
803.80	1112.50
803.92	1207.50
804.03	1149.30
804.15	1162.70
804.26	1180.10
804.38	1187.50
804.50	1123.90
804.61	1157.40
804.73	1150.40
804.84	1152.30
804.96	1074.00
805.07	1142.90
805.19	1114.70
805.30	1165.50
805.42	1185.50
805.53	1148.30
805.65	1118.30
805.76	1093.20
805.88	1126.60
805.99	1157.70
806.11	1161.90
806.22	1115.90
806.34	1124.70
806.45	1129.80
806.57	1113.30
806.68	1170.60
806.80	1061.20
806.91	1096.80
807.03	1086.50
807.14	1063.50
807.26	1068.00
807.37	1073.60
807.49	1136.50
807.60	1094.40
807.72	1181.20
807.83	1189.50
807.95	1126.10
808.06	1123.10
808.17	1122.40
808.29	1134.60
808.40	1069.50
808.52	1104.70
808.63	1107.50
808.75	1117.00
808.86	1101.40
808.98	1104.70
809.09	1070.40
809.21	1110.40
809.32	1071.80
809.44	1119.70
809.55	1050.90
809.67	1094.60
809.78	1058.10
809.90	1118.50
810.01	1147.50
810.13	1059.20
810.24	1105.70
810.36	1029.10
810.47	1102.50
810.59	1074.80
810.70	1094.20
810.82	1112.50
810.93	1022.50
811.05	1031.10
811.16	1037.00
811.27	1031.00
811.39	1060.00
811.50	1101.40
811.62	1002.50
811.73	986.40
811.85	1068.20
811.96	1053.50
812.08	1076.70
812.19	1047.80
812.31	1067.90
812.42	1036.00
812.54	1017.10
812.65	1087.40
812.77	1083.90
812.88	1067.30
813.00	1064.60
813.11	1050.30
813.22	1006.30
813.34	1011.70
813.45	1033.90
813.57	1107.10
813.68	1113.10
813.80	1025.40
813.91	988.10
814.03	1004.90
814.14	1097.70
814.26	1000.70
814.37	1007.10
814.49	1007.40
814.60	994.00
814.71	980.70
814.83	996.30
814.94	956.60
815.06	985.20
815.17	998.00
815.29	984.80
815.40	956.70
815.52	1074.70
815.63	981.10
815.75	960.00
815.86	999.40
815.97	943.60
816.09	984.80
816.20	998.60
816.32	997.80
816.43	929.60
816.55	989.70
816.66	960.60
816.78	1058.40
816.89	978.10
817.00	976.50
817.12	950.50
817.23	942.90
817.35	1006.90
817.46	974.00
817.58	933.30
817.69	1055.10
817.81	955.80
817.92	985.70
818.03	962.60
818.15	964.50
818.26	927.20
818.38	913.40
818.49	936.90
818.61	960.70
818.72	905.90
818.83	1809.40
818.95	1049.10
819.06	922.20
819.18	928.80
819.29	947.70
819.41	931.40
819.52	952.20
819.64	938.70
819.75	901.80
819.86	877.70
819.98	909.30
820.09	945.70
820.21	927.90
820.32	888.90
820.44	949.80
820.55	995.10
820.66	896.60
820.78	950.40
820.89	912.40
821.01	936.50
821.12	922.10
821.23	918.90
821.35	899.70
821.46	963.70
821.58	911.20
821.69	891.90
821.81	871.80
821.92	958.50
822.03	891.30
822.15	911.00
822.26	859.40
822.38	864.10
822.49	912.20
822.61	898.60
822.72	907.10
822.83	947.10
822.95	882.10
823.06	892.60
823.18	932.60
823.29	958.00
823.40	911.50
823.52	875.70
823.63	835.70
823.75	967.10
823.86	873.60
823.97	828.50
824.09	913.90
824.20	844.30
824.32	881.10
824.43	863.70
824.55	911.00
824.66	958.60
824.77	863.20
824.89	876.60
825.00	934.60
825.12	886.10
825.23	894.00
825.34	820.00
825.46	825.60
825.57	896.60
825.69	840.70
825.80	788.50
825.91	827.20
826.03	808.60
826.14	871.00
826.26	818.10
826.37	852.70
826.48	834.10
826.60	849.50
826.71	815.10
826.83	855.90
826.94	862.50
827.05	889.60
827.17	878.80
827.28	838.70
827.39	825.00
827.51	796.10
827.62	828.30
827.74	831.90
827.85	823.00
827.96	809.10
828.08	825.70
828.19	923.60
828.31	822.40
828.42	775.80
828.53	844.30
828.65	877.10
828.76	883.40
828.87	844.90
828.99	794.20
