Wavelength (nm)	Intensity
377.35	813.50
377.48	592.12
377.62	615.62
377.75	617.62
377.88	822.38
378.02	805.25
378.15	807.00
378.28	782.12
378.41	848.38
378.55	815.62
378.68	806.38
378.81	788.62
378.95	818.12
379.08	810.25
379.21	768.50
379.35	831.88
379.48	832.38
379.61	884.25
379.74	811.62
379.88	787.38
380.01	866.62
380.14	924.50
380.28	846.12
380.41	776.62
380.54	823.88
380.68	835.25
380.81	758.00
380.94	832.88
381.07	879.00
381.21	882.50
381.34	811.62
381.47	745.62
381.61	958.62
381.74	816.38
381.87	776.00
382.00	832.25
382.14	905.00
382.27	851.25
382.40	799.25
382.54	881.38
382.67	873.88
382.80	779.38
382.93	792.62
383.07	811.50
383.20	815.38
383.33	849.62
383.47	792.50
383.60	776.12
383.73	959.88
383.86	849.50
384.00	816.12
384.13	799.25
384.26	855.75
384.40	866.75
384.53	814.12
384.66	862.00
384.79	826.12
384.93	802.12
385.06	803.88
385.19	823.25
385.33	925.38
385.46	842.25
385.59	790.12
385.72	831.12
385.86	772.12
385.99	801.62
386.12	802.38
386.25	782.38
386.39	855.50
386.52	876.88
386.65	809.00
386.79	802.38
386.92	801.62
387.05	900.50
387.18	771.25
387.32	786.12
387.45	849.38
387.58	825.00
387.71	800.12
387.85	786.00
387.98	828.00
388.11	848.38
388.25	823.12
388.38	809.38
388.51	846.62
388.64	853.75
388.78	795.25
388.91	767.75
389.04	806.50
389.17	917.88
389.31	823.62
389.44	833.12
389.57	876.62
389.70	841.88
389.84	799.62
389.97	794.00
390.10	800.50
390.24	840.25
390.37	809.62
390.50	794.38
390.63	879.75
390.77	824.00
390.90	822.38
391.03	814.38
391.16	774.62
391.30	794.62
391.43	800.50
391.56	800.25
391.69	785.75
391.83	864.00
391.96	817.38
392.09	800.62
392.22	900.38
392.36	835.12
392.49	783.00
392.62	800.62
392.75	836.88
392.89	878.38
393.02	782.62
393.15	783.12
393.28	770.00
393.42	896.62
393.55	767.00
393.68	797.25
393.81	747.62
393.95	799.12
394.08	790.12
394.21	793.50
394.34	852.00
394.48	845.00
394.61	848.00
394.74	824.75
394.87	862.38
395.01	835.38
395.14	843.75
395.27	790.38
395.40	909.38
395.54	907.50
395.67	816.88
395.80	805.88
395.93	841.50
396.07	796.50
396.20	790.50
396.33	752.50
396.46	805.88
396.59	819.25
396.73	810.50
396.86	779.25
396.99	869.12
397.12	830.25
397.26	817.88
397.39	813.25
397.52	1095.38
397.65	921.00
397.79	818.50
397.92	805.50
398.05	865.12
398.18	794.88
398.32	805.38
398.45	836.75
398.58	831.62
398.71	845.00
398.84	775.88
398.98	808.88
399.11	844.25
399.24	826.25
399.37	800.88
399.51	775.12
399.64	811.12
399.77	822.62
399.90	813.12
400.03	813.12
400.17	770.38
400.30	877.62
400.43	848.12
400.56	814.75
400.70	817.38
400.83	791.88
400.96	780.50
401.09	823.12
401.23	825.62
401.36	882.38
401.49	796.25
401.62	818.25
401.75	810.50
401.89	782.12
402.02	803.50
402.15	817.38
402.28	836.38
402.41	830.12
402.55	799.50
402.68	809.12
402.81	890.12
402.94	856.50
403.08	795.00
403.21	770.75
403.34	854.38
403.47	853.75
403.60	801.88
403.74	830.12
403.87	849.75
404.00	788.88
404.13	796.75
404.26	768.12
404.40	778.38
404.53	830.25
404.66	807.12
404.79	779.38
404.93	846.12
405.06	828.25
405.19	765.50
405.32	817.88
405.45	834.12
405.59	851.75
405.72	816.50
405.85	788.25
405.98	983.88
406.11	785.25
406.25	781.62
406.38	798.88
406.51	839.25
406.64	814.75
406.77	770.25
406.91	766.00
407.04	835.38
407.17	811.88
407.30	830.38
407.43	808.88
407.57	889.62
407.70	868.00
407.83	780.50
407.96	812.62
408.09	779.12
408.23	902.50
408.36	812.12
408.49	796.12
408.62	919.75
408.75	824.88
408.89	786.00
409.02	825.88
409.15	822.88
409.28	894.12
409.41	839.62
409.55	792.25
409.68	929.12
409.81	835.62
409.94	790.88
410.07	822.50
410.20	819.50
410.34	805.12
410.47	815.00
410.60	821.00
410.73	847.00
410.86	789.12
411.00	810.88
411.13	782.50
411.26	828.25
411.39	823.38
411.52	832.12
411.66	804.75
411.79	797.25
411.92	785.50
412.05	811.62
412.18	798.00
412.31	838.75
412.45	864.50
412.58	852.50
412.71	776.50
412.84	836.38
412.97	895.38
413.11	815.12
413.24	834.38
413.37	855.62
413.50	918.62
413.63	826.62
413.76	800.12
413.90	847.12
414.03	804.38
414.16	800.38
414.29	832.00
414.42	818.25
414.56	922.00
414.69	798.25
414.82	807.00
414.95	811.25
415.08	830.12
415.21	810.50
415.35	827.75
415.48	746.25
415.61	861.12
415.74	861.88
415.87	776.25
416.00	826.75
416.14	927.38
416.27	820.25
416.40	786.75
416.53	812.88
416.66	842.12
416.79	823.38
416.93	784.75
417.06	832.62
417.19	811.50
417.32	806.50
417.45	793.62
417.58	768.62
417.72	853.38
417.85	796.12
417.98	812.00
418.11	856.00
418.24	794.38
418.37	795.25
418.51	809.38
418.64	821.88
418.77	896.38
418.90	824.50
419.03	776.50
419.16	826.00
419.29	860.62
419.43	795.38
419.56	783.62
419.69	924.75
419.82	863.88
419.95	810.38
420.08	855.50
420.22	887.25
420.35	939.50
420.48	851.38
420.61	806.75
420.74	765.25
420.87	848.12
421.00	771.38
421.14	798.88
421.27	859.12
421.40	890.88
421.53	833.62
421.66	813.62
421.79	811.25
421.93	814.12
422.06	810.62
422.19	793.25
422.32	863.12
422.45	860.88
422.58	825.25
422.71	800.88
422.85	865.12
422.98	863.38
423.11	771.38
423.24	753.75
423.37	781.00
423.50	792.50
423.63	812.12
423.77	781.75
423.90	787.25
424.03	837.12
424.16	840.88
424.29	803.25
424.42	759.62
424.55	784.00
424.69	783.25
424.82	820.50
424.95	827.25
425.08	785.75
425.21	831.88
425.34	794.62
425.47	811.12
425.60	827.25
425.74	762.00
425.87	800.38
426.00	814.88
426.13	828.88
426.26	786.62
426.39	784.75
426.52	803.00
426.66	877.75
426.79	843.12
426.92	784.75
427.05	911.00
427.18	870.25
427.31	803.12
427.44	808.25
427.57	786.25
427.71	817.25
427.84	777.00
427.97	810.25
428.10	867.25
428.23	819.00
428.36	795.88
428.49	730.00
428.62	944.88
428.76	914.12
428.89	830.75
429.02	769.50
429.15	808.88
429.28	906.12
429.41	800.75
429.54	813.50
429.67	796.50
429.81	842.00
429.94	809.25
430.07	792.50
430.20	857.25
430.33	875.50
430.46	779.75
430.59	780.75
430.72	817.88
430.85	764.00
430.99	808.50
431.12	788.12
431.25	872.25
431.38	886.88
431.51	816.50
431.64	815.00
431.77	889.75
431.90	886.50
432.03	815.12
432.17	779.88
432.30	825.75
432.43	841.25
432.56	812.75
432.69	831.12
432.82	829.00
432.95	873.62
433.08	812.62
433.21	815.62
433.35	804.00
433.48	814.88
433.61	776.12
433.74	808.88
433.87	792.25
434.00	847.38
434.13	787.00
434.26	836.38
434.39	834.75
434.53	845.75
434.66	804.12
434.79	803.12
434.92	798.12
435.05	874.12
435.18	793.00
435.31	832.50
435.44	879.12
435.57	824.25
435.70	814.12
435.84	782.62
435.97	882.50
436.10	923.25
436.23	800.50
436.36	781.50
436.49	802.00
436.62	831.00
436.75	802.38
436.88	827.12
437.01	792.62
437.14	774.50
437.28	756.88
437.41	793.38
437.54	878.75
437.67	850.25
437.80	790.25
437.93	773.50
438.06	936.50
438.19	868.00
438.32	776.62
438.45	786.25
438.58	836.38
438.72	893.12
438.85	852.12
438.98	805.75
439.11	836.38
439.24	889.62
439.37	873.62
439.50	848.50
439.63	871.12
439.76	796.75
439.89	789.75
440.02	799.00
440.15	839.50
440.29	887.62
440.42	815.62
440.55	805.12
440.68	882.12
440.81	940.38
440.94	823.12
441.07	818.50
441.20	910.75
441.33	835.75
441.46	805.38
441.59	797.88
441.72	814.62
441.85	821.75
441.99	849.12
442.12	845.75
442.25	908.38
442.38	845.25
442.51	839.88
442.64	771.00
442.77	818.50
442.90	808.38
443.03	772.38
443.16	796.50
443.29	825.38
443.42	885.50
443.55	797.75
443.68	817.75
443.82	766.25
443.95	795.25
444.08	794.00
444.21	808.50
444.34	787.50
444.47	810.25
444.60	808.25
444.73	822.88
444.86	816.75
444.99	881.12
445.12	831.50
445.25	822.75
445.38	825.75
445.51	855.38
445.64	822.88
445.78	794.38
445.91	759.25
446.04	926.62
446.17	858.25
446.30	761.62
446.43	840.88
446.56	827.50
446.69	789.38
446.82	791.38
446.95	856.00
447.08	866.38
447.21	821.75
447.34	797.50
447.47	862.38
447.60	857.38
447.73	813.88
447.86	846.50
447.99	819.25
448.13	834.62
448.26	853.88
448.39	807.12
448.52	851.00
448.65	855.25
448.78	815.12
448.91	807.62
449.04	846.88
449.17	800.38
449.30	834.00
449.43	824.50
449.56	815.25
449.69	878.38
449.82	814.88
449.95	769.75
450.08	876.88
450.21	847.75
450.34	810.12
450.47	809.75
450.60	855.25
450.73	821.88
450.87	806.00
451.00	830.25
451.13	852.62
451.26	971.75
451.39	800.00
451.52	835.25
451.65	809.75
451.78	799.38
451.91	803.25
452.04	792.75
452.17	893.50
452.30	890.12
452.43	801.12
452.56	797.12
452.69	868.00
452.82	786.38
452.95	841.88
453.08	787.12
453.21	743.00
453.34	859.38
453.47	790.38
453.60	861.00
453.73	914.62
453.86	850.25
453.99	837.62
454.12	829.00
454.25	813.12
454.38	832.50
454.52	784.12
454.65	797.00
454.78	789.38
454.91	765.62
455.04	795.88
455.17	779.25
455.30	783.62
455.43	873.88
455.56	801.38
455.69	769.25
455.82	845.38
455.95	836.25
456.08	776.25
456.21	776.00
456.34	763.50
456.47	756.00
456.60	797.00
456.73	786.25
456.86	807.38
456.99	840.62
457.12	785.38
457.25	793.00
457.38	870.12
457.51	848.25
457.64	826.00
457.77	798.50
457.90	804.75
458.03	791.75
458.16	800.25
458.29	807.62
458.42	805.50
458.55	763.25
458.68	783.88
458.81	802.62
458.94	888.38
459.07	920.12
459.20	771.88
459.33	784.25
459.46	873.75
459.59	911.88
459.72	869.88
459.85	810.75
459.98	889.50
460.11	847.62
460.24	814.88
460.37	771.38
460.50	857.38
460.63	833.00
460.76	800.75
460.89	818.50
461.02	843.00
461.15	850.12
461.28	812.00
461.41	799.00
461.54	895.38
461.67	786.75
461.80	819.25
461.93	860.12
462.06	841.00
462.19	867.50
462.32	796.12
462.45	791.25
462.58	847.12
462.71	800.25
462.84	807.50
462.97	754.38
463.10	808.75
463.23	829.38
463.36	840.38
463.49	820.25
463.62	766.50
463.75	838.25
463.88	798.00
464.01	805.38
464.14	777.75
464.27	909.38
464.40	800.62
464.53	808.88
464.66	845.75
464.79	836.25
464.92	823.75
465.05	783.62
465.18	809.75
465.31	811.75
465.44	805.62
465.57	791.50
465.70	803.25
465.83	927.12
465.96	821.50
466.09	792.00
466.22	856.88
466.35	839.75
466.48	788.00
466.61	788.12
466.74	807.25
466.87	861.88
467.00	848.38
467.13	840.38
467.26	855.00
467.39	769.75
467.52	765.25
467.65	803.25
467.78	889.38
467.91	816.75
468.04	813.50
468.17	790.12
468.30	795.12
468.43	771.75
468.56	786.75
468.69	823.00
468.82	840.25
468.95	780.62
469.08	799.12
469.21	809.12
469.34	847.25
469.47	919.00
469.60	886.00
469.73	817.62
469.86	834.12
469.99	864.00
470.11	782.75
470.24	793.12
470.37	850.50
470.50	823.50
470.63	790.50
470.76	811.38
470.89	849.00
471.02	918.75
471.15	802.75
471.28	808.25
471.41	914.88
471.54	838.75
471.67	803.38
471.80	744.88
471.93	854.38
472.06	832.00
472.19	804.75
472.32	782.25
472.45	918.38
472.58	865.00
472.71	822.25
472.84	797.50
472.97	791.25
473.10	774.75
473.23	849.88
473.36	762.38
473.49	874.25
473.62	860.88
473.74	834.88
473.87	850.12
474.00	787.88
474.13	788.25
474.26	826.62
474.39	835.62
474.52	815.25
474.65	797.62
474.78	815.88
474.91	763.12
475.04	844.12
475.17	939.12
475.30	844.00
475.43	826.88
475.56	872.38
475.69	817.88
475.82	838.12
475.95	783.88
476.08	894.12
476.21	818.88
476.34	856.75
476.46	846.50
476.59	881.88
476.72	808.00
476.85	800.25
476.98	774.88
477.11	869.25
477.24	820.00
477.37	755.38
477.50	800.38
477.63	829.12
477.76	788.88
477.89	751.62
478.02	774.00
478.15	812.62
478.28	802.50
478.41	831.25
478.54	795.00
478.66	857.50
478.79	803.25
478.92	806.38
479.05	804.50
479.18	820.50
479.31	785.75
479.44	787.62
479.57	782.75
479.70	804.62
479.83	822.75
479.96	804.50
480.09	834.00
480.22	951.88
480.35	927.75
480.48	853.50
480.60	821.62
480.73	790.12
480.86	840.88
480.99	801.00
481.12	804.00
481.25	819.38
481.38	883.88
481.51	803.50
481.64	815.50
481.77	837.00
481.90	810.50
482.03	815.88
482.16	803.88
482.29	877.38
482.41	823.12
482.54	841.50
482.67	787.75
482.80	816.00
482.93	867.62
483.06	779.38
483.19	869.38
483.32	844.12
483.45	818.62
483.58	817.25
483.71	847.50
483.84	847.88
483.97	841.12
484.09	818.38
484.22	798.88
484.35	786.00
484.48	760.38
484.61	792.12
484.74	804.25
484.87	832.62
485.00	782.62
485.13	829.75
485.26	780.12
485.39	840.75
485.52	816.50
485.64	883.50
485.77	843.75
485.90	856.75
486.03	772.88
486.16	824.75
486.29	780.38
486.42	810.38
486.55	827.88
486.68	808.00
486.81	837.62
486.94	833.00
487.06	799.62
487.19	844.50
487.32	835.75
487.45	823.38
487.58	794.50
487.71	808.50
487.84	777.25
487.97	851.00
488.10	865.00
488.23	796.50
488.35	763.00
488.48	801.88
488.61	770.75
488.74	795.38
488.87	791.25
489.00	814.50
489.13	907.38
489.26	850.12
489.39	843.75
489.52	850.62
489.64	842.75
489.77	826.00
489.90	820.88
490.03	812.12
490.16	792.25
490.29	794.38
490.42	792.12
490.55	820.88
490.68	782.12
490.81	796.38
490.93	768.12
491.06	882.75
491.19	844.25
491.32	829.00
491.45	843.00
491.58	771.75
491.71	813.38
491.84	802.25
491.97	798.00
492.09	876.62
492.22	842.62
492.35	821.88
492.48	851.38
492.61	827.88
492.74	811.88
492.87	829.12
493.00	814.88
493.12	793.88
493.25	819.25
493.38	807.62
493.51	784.75
493.64	777.38
493.77	814.62
493.90	839.50
494.03	837.62
494.16	881.25
494.28	887.38
494.41	812.62
494.54	813.75
494.67	927.75
494.80	890.62
494.93	818.75
495.06	832.38
495.19	845.88
495.31	816.12
495.44	807.50
495.57	786.88
495.70	834.88
495.83	807.38
495.96	776.38
496.09	821.62
496.22	884.88
496.34	911.00
496.47	809.62
496.60	839.38
496.73	858.75
496.86	859.00
496.99	786.00
497.12	816.00
497.24	757.50
497.37	827.88
497.50	803.25
497.63	789.88
497.76	812.62
497.89	877.12
498.02	845.88
498.15	740.38
498.27	816.50
498.40	867.75
498.53	879.88
498.66	837.75
498.79	868.25
498.92	780.75
499.05	833.25
499.17	816.62
499.30	852.12
499.43	894.38
499.56	836.62
499.69	769.88
499.82	837.38
499.95	805.25
500.07	796.00
500.20	815.25
500.33	861.00
500.46	958.50
500.59	824.88
500.72	829.75
500.85	867.12
500.97	874.62
501.10	865.88
501.23	784.88
501.36	829.88
501.49	888.12
501.62	843.75
501.75	825.75
501.87	871.12
502.00	772.25
502.13	833.00
502.26	831.88
502.39	802.88
502.52	809.00
502.64	769.62
502.77	796.12
502.90	848.38
503.03	818.50
503.16	789.50
503.29	788.00
503.42	868.62
503.54	827.25
503.67	825.38
503.80	822.62
503.93	865.50
504.06	785.25
504.19	811.38
504.31	866.88
504.44	831.25
504.57	839.38
504.70	830.88
504.83	773.75
504.96	842.62
505.08	819.00
505.21	821.62
505.34	918.00
505.47	874.50
505.60	855.25
505.73	872.00
505.85	860.75
505.98	950.50
506.11	818.50
506.24	794.25
506.37	790.50
506.50	835.50
506.62	866.12
506.75	805.75
506.88	791.62
507.01	837.38
507.14	770.62
507.27	808.25
507.39	782.12
507.52	791.50
507.65	803.38
507.78	842.00
507.91	790.88
508.04	880.38
508.16	875.75
508.29	833.12
508.42	804.00
508.55	783.75
508.68	785.75
508.81	860.50
508.93	796.38
509.06	804.50
509.19	860.88
509.32	849.25
509.45	835.12
509.57	846.50
509.70	789.50
509.83	816.38
509.96	781.38
510.09	818.38
510.22	815.38
510.34	824.12
510.47	811.75
510.60	919.50
510.73	833.75
510.86	845.75
510.98	807.12
511.11	807.12
511.24	867.00
511.37	844.38
511.50	810.88
511.63	837.25
511.75	837.12
511.88	817.00
512.01	840.38
512.14	828.75
512.27	833.50
512.39	812.12
512.52	806.88
512.65	826.00
512.78	797.62
512.91	823.00
513.03	824.88
513.16	864.88
513.29	828.25
513.42	805.00
513.55	789.25
513.67	837.62
513.80	766.75
513.93	795.88
514.06	794.62
514.19	834.50
514.31	837.75
514.44	857.62
514.57	811.00
514.70	825.38
514.83	871.75
514.95	799.62
515.08	826.25
515.21	851.12
515.34	829.62
515.47	818.25
515.59	793.00
515.72	846.25
515.85	844.25
515.98	870.00
516.11	831.00
516.23	851.88
516.36	884.25
516.49	839.88
516.62	828.75
516.75	883.50
516.87	880.62
517.00	798.50
517.13	849.75
517.26	877.38
517.39	846.00
517.51	762.12
517.64	821.62
517.77	895.00
517.90	787.12
518.02	824.12
518.15	787.38
518.28	745.88
518.41	817.88
518.54	822.38
518.66	827.62
518.79	786.88
518.92	804.50
519.05	788.25
519.18	811.62
519.30	851.38
519.43	781.12
519.56	794.00
519.69	805.75
519.81	865.88
519.94	807.38
520.07	755.00
520.20	804.50
520.33	826.50
520.45	880.38
520.58	832.88
520.71	841.38
520.84	870.00
520.96	843.12
521.09	824.12
521.22	802.38
521.35	850.38
521.48	849.38
521.60	799.75
521.73	820.38
521.86	878.50
521.99	897.00
522.11	834.00
522.24	818.88
522.37	846.50
522.50	834.12
522.62	873.25
522.75	763.50
522.88	833.88
523.01	799.50
523.14	843.00
523.26	836.25
523.39	884.38
523.52	804.62
523.65	909.50
523.77	854.50
523.90	828.62
524.03	808.00
524.16	809.62
524.28	806.88
524.41	809.88
524.54	824.38
524.67	778.25
524.79	803.38
524.92	843.12
525.05	898.88
525.18	789.25
525.31	853.00
525.43	783.38
525.56	927.75
525.69	796.12
525.82	754.62
525.94	860.25
526.07	868.88
526.20	844.75
526.33	860.75
526.45	942.88
526.58	916.50
526.71	840.38
526.84	823.75
526.96	833.75
527.09	783.75
527.22	806.50
527.35	806.75
527.47	781.00
527.60	887.12
527.73	783.62
527.86	847.00
527.98	838.88
528.11	842.12
528.24	793.75
528.37	809.38
528.49	779.38
528.62	821.75
528.75	847.25
528.88	795.88
529.00	851.88
529.13	869.38
529.26	827.88
529.39	852.88
529.51	951.88
529.64	920.50
529.77	794.75
529.90	809.75
530.02	807.00
530.15	793.62
530.28	756.25
530.40	794.50
530.53	818.75
530.66	836.50
530.79	804.12
530.91	820.38
531.04	798.38
531.17	813.62
531.30	810.88
531.42	818.62
531.55	831.12
531.68	887.38
531.81	797.38
531.93	814.62
532.06	834.38
532.19	784.75
532.31	812.25
532.44	805.88
532.57	846.12
532.70	794.00
532.82	827.38
532.95	850.00
533.08	882.38
533.21	846.25
533.33	791.75
533.46	798.25
533.59	805.88
533.71	922.88
533.84	835.12
533.97	802.00
534.10	805.38
534.22	784.50
534.35	814.38
534.48	824.38
534.61	841.75
534.73	754.75
534.86	785.38
534.99	830.38
535.11	879.25
535.24	832.75
535.37	790.12
535.50	777.50
535.62	786.00
535.75	871.62
535.88	823.00
536.00	798.00
536.13	794.88
536.26	806.88
536.39	796.38
536.51	771.62
536.64	831.88
536.77	812.62
536.89	805.38
537.02	820.00
537.15	838.25
537.28	818.50
537.40	831.88
537.53	797.88
537.66	867.50
537.78	825.62
537.91	790.12
538.04	793.25
538.17	859.00
538.29	835.88
538.42	895.50
538.55	877.88
538.67	851.75
538.80	796.25
538.93	833.25
539.05	819.00
539.18	881.50
539.31	856.88
539.44	829.62
539.56	752.50
539.69	814.12
539.82	803.38
539.94	811.88
540.07	786.62
540.20	883.50
540.32	786.25
540.45	814.62
540.58	802.38
540.71	864.00
540.83	767.50
540.96	794.25
541.09	805.00
541.21	889.38
541.34	882.88
541.47	786.12
541.59	814.50
541.72	890.38
541.85	962.50
541.98	868.12
542.10	812.88
542.23	838.75
542.36	938.00
542.48	831.12
542.61	820.62
542.74	784.88
542.86	801.75
542.99	804.62
543.12	791.50
543.24	825.50
543.37	763.62
543.50	812.75
543.62	790.62
543.75	805.12
543.88	805.25
544.01	828.88
544.13	842.12
544.26	850.75
544.39	792.25
544.51	792.25
544.64	780.12
544.77	840.00
544.89	798.00
545.02	821.50
545.15	791.38
545.27	895.38
545.40	866.75
545.53	844.00
545.65	846.00
545.78	753.00
545.91	772.25
546.03	799.12
546.16	811.50
546.29	799.38
546.41	774.50
546.54	804.12
546.67	788.00
546.79	851.88
546.92	885.62
547.05	763.12
547.17	820.62
547.30	790.38
547.43	842.62
547.56	778.75
547.68	812.00
547.81	770.12
547.94	838.62
548.06	802.88
548.19	780.00
548.32	868.88
548.44	828.25
548.57	831.75
548.70	848.75
548.82	865.38
548.95	853.25
549.08	812.12
549.20	810.00
549.33	902.75
549.45	831.00
549.58	807.75
549.71	770.50
549.83	863.12
549.96	775.25
550.09	814.88
550.21	797.25
550.34	830.25
550.47	811.62
550.59	804.38
550.72	741.38
550.85	810.38
550.97	873.12
551.10	793.75
551.23	804.50
551.35	884.12
551.48	833.00
551.61	809.75
551.73	797.38
551.86	881.12
551.99	873.50
552.11	815.25
552.24	851.38
552.37	830.88
552.49	785.75
552.62	797.50
552.75	841.88
552.87	797.25
553.00	797.25
553.12	831.25
553.25	800.12
553.38	835.75
553.50	871.12
553.63	802.62
553.76	755.62
553.88	812.50
554.01	805.00
554.14	809.38
554.26	839.25
554.39	891.62
554.52	814.50
554.64	813.50
554.77	792.88
554.89	844.88
555.02	861.00
555.15	831.50
555.27	814.00
555.40	814.00
555.53	870.62
555.65	807.88
555.78	783.12
555.91	844.00
556.03	898.88
556.16	788.12
556.29	821.88
556.41	879.25
556.54	871.50
556.66	813.00
556.79	798.75
556.92	825.12
557.04	829.12
557.17	793.75
557.30	800.00
557.42	800.38
557.55	809.00
557.67	828.38
557.80	801.88
557.93	815.88
558.05	818.00
558.18	781.75
558.31	815.38
558.43	855.12
558.56	837.00
558.68	813.50
558.81	786.62
558.94	808.62
559.06	922.25
559.19	804.12
559.32	801.12
559.44	774.50
559.57	818.38
559.69	779.88
559.82	779.38
559.95	797.25
560.07	800.00
560.20	735.12
560.33	807.25
560.45	825.25
560.58	764.12
560.70	815.00
560.83	775.12
560.96	794.00
561.08	809.75
561.21	832.00
561.33	777.25
561.46	767.00
561.59	851.50
561.71	795.25
561.84	821.25
561.97	779.88
562.09	839.50
562.22	788.38
562.34	785.88
562.47	841.38
562.60	828.88
562.72	802.88
562.85	810.12
562.97	805.62
563.10	803.50
563.23	781.25
563.35	784.75
563.48	824.62
563.60	811.38
563.73	836.62
563.86	765.25
563.98	780.75
564.11	806.00
564.23	794.88
564.36	863.12
564.49	810.12
564.61	872.12
564.74	823.50
564.86	788.75
564.99	862.88
565.12	847.50
565.24	860.75
565.37	853.50
565.49	856.75
565.62	876.00
565.75	841.50
565.87	776.50
566.00	943.75
566.12	866.00
566.25	821.38
566.38	842.88
566.50	821.88
566.63	854.62
566.75	804.00
566.88	786.12
567.01	773.75
567.13	795.38
567.26	804.62
567.38	789.62
567.51	858.38
567.64	783.00
567.76	832.12
567.89	827.38
568.01	779.50
568.14	773.38
568.26	812.38
568.39	815.88
568.52	819.00
568.64	844.88
568.77	799.12
568.89	789.75
569.02	787.00
569.15	805.50
569.27	801.75
569.40	832.12
569.52	841.00
569.65	801.50
569.77	798.12
569.90	764.75
570.03	760.00
570.15	870.12
570.28	808.62
570.40	797.88
570.53	797.38
570.66	869.62
570.78	847.50
570.91	816.88
571.03	777.12
571.16	814.75
571.28	765.25
571.41	758.62
571.54	755.50
571.66	747.12
571.79	781.38
571.91	789.75
572.04	763.88
572.16	818.00
572.29	836.00
572.42	785.88
572.54	820.25
572.67	776.38
572.79	821.75
572.92	803.62
573.04	836.62
573.17	855.00
573.29	813.50
573.42	788.00
573.55	837.25
573.67	831.12
573.80	812.62
573.92	776.50
574.05	811.75
574.17	863.12
574.30	805.75
574.43	790.75
574.55	788.88
574.68	814.62
574.80	795.75
574.93	795.88
575.05	758.12
575.18	792.75
575.30	799.00
575.43	837.75
575.56	857.00
575.68	828.50
575.81	790.50
575.93	771.25
576.06	829.38
576.18	841.00
576.31	797.62
576.43	779.62
576.56	891.62
576.69	868.25
576.81	820.75
576.94	792.25
577.06	808.62
577.19	846.38
577.31	816.00
577.44	826.75
577.56	857.12
577.69	824.75
577.82	814.50
577.94	779.25
578.07	754.62
578.19	831.12
578.32	838.88
578.44	787.00
578.57	794.12
578.69	849.50
578.82	814.00
578.94	841.25
579.07	859.25
579.19	842.12
579.32	826.62
579.45	824.38
579.57	803.75
579.70	772.75
579.82	822.00
579.95	794.12
580.07	875.88
580.20	804.12
580.32	811.12
580.45	844.75
580.57	844.38
580.70	811.50
580.82	827.50
580.95	831.75
581.08	770.88
581.20	852.50
581.33	803.50
581.45	827.00
581.58	821.62
581.70	830.75
581.83	740.38
581.95	822.50
582.08	838.75
582.20	799.75
582.33	805.75
582.45	785.88
582.58	800.12
582.70	830.88
582.83	785.12
582.95	810.25
583.08	852.62
583.21	856.38
583.33	819.00
583.46	790.12
583.58	770.50
583.71	839.00
583.83	825.38
583.96	828.38
584.08	842.25
584.21	841.25
584.33	829.12
584.46	804.00
584.58	765.38
584.71	851.88
584.83	846.12
584.96	811.25
585.08	794.25
585.21	914.00
585.33	878.00
585.46	843.88
585.58	851.25
585.71	792.38
585.83	813.00
585.96	851.00
586.08	838.50
586.21	835.25
586.33	844.12
586.46	768.88
586.59	837.38
586.71	780.75
586.84	834.38
586.96	818.75
587.09	754.75
587.21	794.62
587.34	844.12
587.46	785.00
587.59	764.75
587.71	809.62
587.84	791.75
587.96	758.62
588.09	767.38
588.21	827.88
588.34	802.75
588.46	820.88
588.59	793.00
588.71	831.00
588.84	819.12
588.96	807.62
589.09	900.75
589.21	815.75
589.34	787.00
589.46	808.38
589.59	824.25
589.71	864.25
589.84	763.50
589.96	783.88
590.09	806.50
590.21	843.12
590.34	821.88
590.46	821.00
590.59	789.62
590.71	798.12
590.84	850.12
590.96	781.62
591.09	830.50
591.21	812.50
591.34	789.38
591.46	797.12
591.59	868.88
591.71	842.25
591.83	804.62
591.96	760.38
592.08	794.25
592.21	844.88
592.33	812.25
592.46	792.12
592.58	820.25
592.71	857.38
592.83	887.38
592.96	840.00
593.08	867.38
593.21	781.88
593.33	775.00
593.46	803.00
593.58	798.75
593.71	848.00
593.83	858.38
593.96	785.62
594.08	920.88
594.21	803.25
594.33	789.50
594.46	783.25
594.58	765.25
594.71	747.38
594.83	820.75
594.96	811.62
595.08	970.88
595.20	850.88
595.33	829.75
595.45	784.25
595.58	900.50
595.70	830.62
595.83	795.88
595.95	813.00
596.08	817.50
596.20	772.75
596.33	769.88
596.45	808.00
596.58	779.12
596.70	766.38
596.83	798.00
596.95	793.12
597.08	808.50
597.20	769.50
597.32	789.25
597.45	824.12
597.57	802.00
597.70	840.75
597.82	795.62
597.95	814.88
598.07	810.25
598.20	814.12
598.32	810.88
598.45	801.12
598.57	852.88
598.70	874.12
598.82	800.62
598.94	796.75
599.07	847.50
599.19	815.00
599.32	793.50
599.44	729.75
599.57	844.50
599.69	826.25
599.82	798.12
599.94	774.88
600.07	852.88
600.19	832.25
600.31	781.00
600.44	844.50
600.56	917.62
600.69	907.00
600.81	789.88
600.94	797.12
601.06	816.00
601.19	838.38
601.31	858.12
601.44	764.88
601.56	872.25
601.68	848.88
601.81	826.25
601.93	822.50
602.06	842.88
602.18	781.00
602.31	807.00
602.43	862.88
602.56	849.00
602.68	814.88
602.80	813.50
602.93	823.00
603.05	794.00
603.18	810.50
603.30	772.25
603.43	780.75
603.55	806.00
603.68	831.38
603.80	826.62
603.92	816.00
604.05	793.50
604.17	794.88
604.30	767.88
604.42	793.25
604.55	802.75
604.67	838.25
604.79	791.62
604.92	794.50
605.04	791.75
605.17	797.75
605.29	789.75
605.42	783.38
605.54	876.38
605.66	824.25
605.79	825.38
605.91	810.75
606.04	813.75
606.16	788.88
606.29	818.25
606.41	774.75
606.53	799.00
606.66	757.75
606.78	800.75
606.91	794.12
607.03	796.00
607.16	788.88
607.28	775.88
607.40	817.62
607.53	830.88
607.65	770.75
607.78	780.25
607.90	812.50
608.03	913.00
608.15	826.50
608.27	825.38
608.40	768.00
608.52	826.25
608.65	807.00
608.77	841.88
608.89	813.50
609.02	877.38
609.14	886.38
609.27	835.88
609.39	845.50
609.52	790.50
609.64	747.38
609.76	782.50
609.89	799.88
610.01	869.25
610.14	843.62
610.26	804.25
610.38	779.62
610.51	844.75
610.63	798.88
610.76	773.62
610.88	827.88
611.01	869.38
611.13	911.25
611.25	842.25
611.38	781.00
611.50	799.62
611.63	835.12
611.75	815.12
611.87	826.25
612.00	792.25
612.12	854.62
612.25	796.00
612.37	785.62
612.49	874.12
612.62	858.00
612.74	870.88
612.87	817.38
612.99	817.12
613.11	760.62
613.24	794.25
613.36	798.12
613.49	821.88
613.61	815.38
613.73	794.12
613.86	847.50
613.98	784.50
614.11	841.38
614.23	847.62
614.35	861.62
614.48	854.38
614.60	824.00
614.72	803.50
614.85	828.62
614.97	822.62
615.10	821.12
615.22	800.50
615.34	820.88
615.47	866.38
615.59	790.75
615.72	807.62
615.84	822.00
615.96	790.62
616.09	900.88
616.21	810.00
616.34	791.12
616.46	807.38
616.58	838.62
616.71	835.38
616.83	849.12
616.95	844.12
617.08	837.50
617.20	811.25
617.33	770.75
617.45	797.62
617.57	832.88
617.70	823.50
617.82	787.88
617.95	818.00
618.07	878.00
618.19	832.25
618.32	820.88
618.44	796.75
618.56	767.12
618.69	750.00
618.81	760.62
618.94	841.38
619.06	806.75
619.18	800.00
619.31	776.38
619.43	778.75
619.55	833.38
619.68	825.12
619.80	771.25
619.92	825.00
620.05	938.62
620.17	867.25
620.30	812.25
620.42	832.12
620.54	854.75
620.67	793.88
620.79	817.62
620.91	824.00
621.04	873.00
621.16	800.25
621.29	789.62
621.41	757.62
621.53	800.00
621.66	805.12
621.78	792.75
621.90	845.00
622.03	902.75
622.15	814.50
622.27	808.12
622.40	816.62
622.52	791.38
622.64	792.38
622.77	765.88
622.89	822.00
623.02	847.62
623.14	827.38
623.26	843.12
623.39	829.38
623.51	860.75
623.63	798.88
623.76	780.75
623.88	871.12
624.00	816.38
624.13	775.25
624.25	773.62
624.37	772.12
624.50	857.00
624.62	833.25
624.75	773.12
624.87	763.88
624.99	829.00
625.12	789.75
625.24	793.38
625.36	877.75
625.49	845.88
625.61	830.75
625.73	816.25
625.86	852.25
625.98	812.00
626.10	785.75
626.23	768.12
626.35	823.00
626.47	798.50
626.60	774.12
626.72	788.50
626.84	789.62
626.97	823.50
627.09	807.25
627.21	803.62
627.34	921.75
627.46	906.12
627.58	806.75
627.71	819.00
627.83	844.12
627.95	774.12
628.08	812.00
628.20	838.50
628.32	760.12
628.45	732.38
628.57	740.88
628.69	778.12
628.82	830.75
628.94	867.12
629.06	805.00
629.19	784.00
629.31	851.25
629.43	772.00
629.56	823.00
629.68	803.88
629.80	852.62
629.93	778.00
630.05	779.00
630.17	770.12
630.30	797.50
630.42	786.12
630.54	829.25
630.67	808.50
630.79	787.12
630.91	924.75
631.04	830.38
631.16	816.25
631.28	822.38
631.41	785.00
631.53	765.50
631.65	809.12
631.78	828.62
631.90	807.75
632.02	805.25
632.14	730.25
632.27	868.12
632.39	811.88
632.51	785.75
632.64	851.88
632.76	810.25
632.88	787.25
633.01	814.88
633.13	795.12
633.25	814.50
633.38	912.25
633.50	756.12
633.62	756.00
633.75	748.00
633.87	739.50
633.99	815.75
634.11	764.00
634.24	784.00
634.36	801.00
634.48	795.12
634.61	793.25
634.73	829.50
634.85	785.62
634.98	782.12
635.10	790.50
635.22	802.62
635.35	917.50
635.47	815.62
635.59	795.62
635.71	827.88
635.84	853.25
635.96	790.50
636.08	831.62
636.21	786.25
636.33	820.62
636.45	804.00
636.58	776.12
636.70	754.25
636.82	823.00
636.94	782.75
637.07	749.38
637.19	834.12
637.31	829.75
637.44	824.38
637.56	760.25
637.68	823.25
637.81	818.12
637.93	806.62
638.05	762.75
638.17	855.50
638.30	920.00
638.42	800.75
638.54	773.12
638.67	795.12
638.79	800.50
638.91	772.25
639.03	790.62
639.16	791.62
639.28	801.25
639.40	795.75
639.53	784.50
639.65	840.12
639.77	804.38
639.89	813.62
640.02	802.62
640.14	810.25
640.26	762.62
640.39	824.00
640.51	778.12
640.63	823.62
640.75	850.38
640.88	801.25
641.00	780.38
641.12	773.62
641.24	879.75
641.37	794.12
641.49	771.12
641.61	906.62
641.74	779.88
641.86	816.12
641.98	765.25
642.10	813.75
642.23	824.88
642.35	780.25
642.47	820.25
642.60	814.75
642.72	833.00
642.84	742.88
642.96	764.25
643.09	776.75
643.21	757.88
643.33	764.88
643.45	770.88
643.58	848.00
643.70	879.88
643.82	785.62
643.94	789.88
644.07	812.25
644.19	816.25
644.31	810.00
644.44	802.88
644.56	795.38
644.68	762.50
644.80	771.62
644.93	764.75
645.05	769.50
645.17	812.75
645.29	807.88
645.42	814.50
645.54	798.38
645.66	825.25
645.78	800.25
645.91	780.88
646.03	827.88
646.15	868.88
646.27	791.50
646.40	811.25
646.52	831.00
646.64	844.12
646.76	794.25
646.89	748.00
647.01	836.62
647.13	827.00
647.25	835.00
647.38	792.62
647.50	769.12
647.62	834.88
647.74	752.88
647.87	768.62
647.99	811.88
648.11	830.25
648.23	797.50
648.36	753.38
648.48	867.12
648.60	811.12
648.72	776.88
648.85	769.12
648.97	848.50
649.09	819.62
649.21	785.88
649.34	810.88
649.46	815.75
649.58	815.38
649.70	827.88
649.83	787.00
649.95	823.88
650.07	826.88
650.19	836.62
650.32	804.25
650.44	855.50
650.56	823.12
650.68	780.50
650.81	787.62
650.93	795.88
651.05	867.12
651.17	775.62
651.29	825.12
651.42	798.50
651.54	826.62
651.66	769.88
651.78	772.62
651.91	823.88
652.03	918.00
652.15	827.00
652.27	780.50
652.40	811.88
652.52	794.25
652.64	812.88
652.76	789.25
652.88	901.88
653.01	810.88
653.13	769.62
653.25	738.50
653.37	829.25
653.50	847.62
653.62	823.12
653.74	757.38
653.86	841.25
653.98	828.12
654.11	770.25
654.23	792.25
654.35	787.88
654.47	913.88
654.60	790.38
654.72	786.12
654.84	761.50
654.96	847.50
655.08	794.00
655.21	819.88
655.33	796.75
655.45	844.12
655.57	809.12
655.70	803.62
655.82	844.25
655.94	878.12
656.06	829.50
656.18	765.50
656.31	859.75
656.43	828.75
656.55	776.00
656.67	792.25
656.79	803.62
656.92	854.25
657.04	820.75
657.16	790.12
657.28	915.25
657.40	814.62
657.53	830.50
657.65	792.50
657.77	855.12
657.89	852.62
658.01	795.62
658.14	765.62
658.26	833.00
658.38	787.75
658.50	766.88
658.62	765.62
658.75	926.00
658.87	839.88
658.99	828.25
659.11	767.50
659.23	847.38
659.36	908.12
659.48	853.38
659.60	830.50
659.72	811.38
659.84	805.00
659.97	829.12
660.09	843.00
660.21	913.50
660.33	849.62
660.45	750.00
660.58	729.12
660.70	776.38
660.82	790.75
660.94	754.75
661.06	800.12
661.19	861.75
661.31	832.88
661.43	800.00
661.55	796.00
661.67	839.38
661.80	873.25
661.92	811.62
662.04	813.00
662.16	812.75
662.28	861.88
662.40	806.62
662.53	808.62
662.65	828.25
662.77	783.50
662.89	816.12
663.01	784.75
663.14	799.38
663.26	830.62
663.38	796.88
663.50	766.00
663.62	785.25
663.74	807.25
663.87	782.25
663.99	807.75
664.11	845.00
664.23	917.12
664.35	800.12
664.48	779.38
664.60	798.12
664.72	790.75
664.84	760.88
664.96	790.50
665.08	853.25
665.21	820.25
665.33	834.62
665.45	749.50
665.57	797.75
665.69	883.00
665.81	802.25
665.94	771.62
666.06	770.00
666.18	822.62
666.30	784.88
666.42	780.50
666.54	815.12
666.67	831.62
666.79	780.12
666.91	841.12
667.03	793.88
667.15	761.38
667.27	788.75
667.40	770.25
667.52	792.12
667.64	833.38
667.76	787.25
667.88	766.00
668.00	837.62
668.13	844.88
668.25	772.62
668.37	771.50
668.49	781.25
668.61	852.12
668.73	801.62
668.85	806.88
668.98	823.88
669.10	813.12
669.22	789.38
669.34	798.00
669.46	840.12
669.58	788.25
669.71	808.25
669.83	803.38
669.95	791.50
670.07	807.75
670.19	787.00
670.31	794.75
670.43	790.00
670.56	820.12
670.68	856.00
670.80	823.88
670.92	806.62
671.04	862.12
671.16	787.50
671.28	779.50
671.41	794.50
671.53	841.25
671.65	789.62
671.77	791.12
671.89	939.00
672.01	896.25
672.13	839.25
672.26	773.00
672.38	810.25
672.50	779.12
672.62	800.88
672.74	821.00
672.86	806.25
672.98	813.00
673.11	804.75
673.23	812.00
673.35	861.88
673.47	805.50
673.59	801.62
673.71	765.12
673.83	824.75
673.96	914.50
674.08	801.75
674.20	761.12
674.32	800.88
674.44	805.62
674.56	824.38
674.68	821.50
674.80	831.75
674.93	808.62
675.05	794.38
675.17	808.12
675.29	840.00
675.41	849.88
675.53	799.50
675.65	796.75
675.77	798.62
675.90	852.62
676.02	777.25
676.14	769.00
676.26	874.50
676.38	910.50
676.50	808.62
676.62	825.50
676.74	767.75
676.87	786.25
676.99	814.25
677.11	852.75
677.23	822.75
677.35	837.25
677.47	762.62
677.59	784.00
677.71	829.50
677.83	840.75
677.96	807.38
678.08	802.75
678.20	799.25
678.32	771.75
678.44	798.12
678.56	799.50
678.68	931.62
678.80	844.50
678.93	792.12
679.05	815.88
679.17	805.25
679.29	859.12
679.41	804.12
679.53	781.62
679.65	786.62
679.77	813.00
679.89	799.50
680.01	835.00
680.14	837.75
680.26	746.88
680.38	789.00
680.50	833.75
680.62	893.50
680.74	828.50
680.86	794.62
680.98	807.88
681.10	831.25
681.22	903.75
681.35	786.50
681.47	798.25
681.59	780.50
681.71	884.62
681.83	807.38
681.95	781.25
682.07	863.12
682.19	825.12
682.31	794.00
682.43	766.50
682.56	842.00
682.68	767.12
682.80	776.00
682.92	822.75
683.04	807.50
683.16	793.38
683.28	775.88
683.40	826.75
683.52	803.38
683.64	826.50
683.76	775.88
683.89	788.50
684.01	797.50
684.13	861.50
684.25	809.00
684.37	810.50
684.49	845.38
684.61	794.25
684.73	801.88
684.85	798.88
684.97	776.12
685.09	872.88
685.21	784.00
685.34	808.38
685.46	939.38
685.58	836.75
685.70	815.62
685.82	844.25
685.94	781.75
686.06	783.12
686.18	769.12
686.30	791.25
686.42	772.25
686.54	840.50
686.66	776.50
686.79	874.12
686.91	833.00
687.03	922.62
687.15	838.38
687.27	802.62
687.39	804.62
687.51	886.00
687.63	820.25
687.75	848.75
687.87	833.00
687.99	873.75
688.11	775.38
688.23	827.12
688.35	857.50
688.48	828.00
688.60	777.88
688.72	794.50
688.84	822.62
688.96	842.50
689.08	812.88
689.20	802.00
689.32	927.12
689.44	827.12
689.56	763.38
689.68	785.88
689.80	803.50
689.92	780.12
690.04	785.62
690.16	836.62
690.28	828.50
690.41	828.50
690.53	784.50
690.65	841.50
690.77	859.38
690.89	851.88
691.01	807.50
691.13	791.12
691.25	769.38
691.37	801.25
691.49	750.25
691.61	756.25
691.73	885.62
691.85	809.75
691.97	794.38
692.09	773.38
692.21	851.38
692.33	877.12
692.45	822.88
692.57	789.88
692.70	812.75
692.82	832.50
692.94	752.38
693.06	778.38
693.18	813.62
693.30	796.12
693.42	783.75
693.54	816.75
693.66	827.88
693.78	827.38
693.90	789.12
694.02	811.62
694.14	823.62
694.26	794.12
694.38	816.88
694.50	822.00
694.62	824.75
694.74	773.38
694.86	771.25
694.98	813.50
695.10	826.00
695.22	860.50
695.34	785.62
695.46	788.00
695.58	790.62
695.71	822.50
695.83	785.50
695.95	794.75
696.07	871.00
696.19	774.50
696.31	790.88
696.43	777.25
696.55	890.00
696.67	822.75
696.79	788.25
696.91	805.00
697.03	779.88
697.15	883.62
697.27	814.12
697.39	778.88
697.51	842.75
697.63	779.62
697.75	785.75
697.87	812.12
697.99	759.00
698.11	739.12
698.23	766.25
698.35	787.88
698.47	796.12
698.59	823.88
698.71	796.75
698.83	848.25
698.95	772.62
699.07	813.88
699.19	788.00
699.31	796.75
699.43	768.88
699.55	828.75
699.67	796.75
699.79	783.75
699.91	781.50
700.03	807.62
700.15	807.50
700.27	770.75
700.39	803.50
700.51	759.25
700.63	795.12
700.75	790.62
700.87	820.00
700.99	792.75
701.11	831.25
701.24	801.75
701.36	849.00
701.48	841.62
701.60	828.25
701.72	771.88
701.84	871.62
701.96	821.38
702.08	807.50
702.20	888.25
702.32	839.00
702.44	830.50
702.56	797.50
702.68	800.50
702.80	813.00
702.92	900.75
703.04	870.00
703.16	817.50
703.28	825.38
703.40	806.88
703.52	826.88
703.64	827.50
703.76	826.75
703.88	795.75
704.00	781.12
704.12	803.25
704.24	852.38
704.36	819.62
704.48	818.00
704.60	769.38
704.72	800.00
704.84	797.75
704.96	826.88
705.07	815.38
705.19	776.50
705.31	796.62
705.43	839.75
705.55	781.25
705.67	832.38
705.79	811.75
705.91	743.50
706.03	803.00
706.15	817.75
706.27	794.12
706.39	793.25
706.51	778.88
706.63	779.00
706.75	837.00
706.87	822.25
706.99	870.88
707.11	811.62
707.23	794.12
707.35	825.62
707.47	807.88
707.59	837.12
707.71	848.88
707.83	798.38
707.95	836.75
708.07	801.00
708.19	927.25
708.31	823.00
708.43	777.75
708.55	824.38
708.67	865.62
708.79	817.38
708.91	843.62
709.03	821.88
709.15	855.25
709.27	783.50
709.39	820.50
709.51	801.38
709.63	832.62
709.75	836.00
709.87	767.38
709.99	845.88
710.11	791.50
710.23	788.25
710.35	765.25
710.47	916.12
710.58	863.62
710.70	855.50
710.82	859.38
710.94	813.12
711.06	803.25
711.18	819.25
711.30	790.12
711.42	862.12
711.54	810.38
711.66	834.62
711.78	784.38
711.90	839.62
712.02	879.88
712.14	783.88
712.26	765.12
712.38	858.00
712.50	868.50
712.62	795.38
712.74	784.88
712.86	787.88
712.98	852.75
713.10	786.00
713.22	764.75
713.34	810.25
713.45	787.38
713.57	823.88
713.69	774.62
713.81	791.62
713.93	817.75
714.05	799.25
714.17	761.00
714.29	874.25
714.41	854.62
714.53	792.25
714.65	827.12
714.77	808.62
714.89	769.62
715.01	855.12
715.13	778.25
715.25	818.88
715.37	777.75
715.49	761.50
715.61	829.62
715.72	833.00
715.84	855.12
715.96	799.38
716.08	794.00
716.20	871.25
716.32	857.12
716.44	801.12
716.56	810.25
716.68	816.88
716.80	903.62
716.92	862.75
717.04	820.88
717.16	834.75
717.28	809.38
717.40	796.12
717.52	810.88
717.63	786.25
717.75	816.25
717.87	810.75
717.99	825.88
718.11	797.88
718.23	873.38
718.35	828.00
718.47	814.00
718.59	757.75
718.71	805.38
718.83	794.25
718.95	842.25
719.07	772.62
719.19	800.88
719.30	806.38
719.42	814.00
719.54	799.62
719.66	820.12
719.78	815.38
719.90	751.88
720.02	806.75
720.14	827.62
720.26	846.62
720.38	830.12
720.50	780.25
720.62	737.12
720.74	806.88
720.85	811.25
720.97	867.75
721.09	905.88
721.21	798.62
721.33	873.75
721.45	821.25
721.57	829.00
721.69	776.50
721.81	755.25
721.93	867.12
722.05	825.00
722.16	776.88
722.28	745.75
722.40	789.00
722.52	861.12
722.64	878.25
722.76	776.38
722.88	826.00
723.00	837.50
723.12	793.00
723.24	814.38
723.36	751.50
723.47	852.62
723.59	819.38
723.71	797.50
723.83	828.75
723.95	798.00
724.07	809.50
724.19	828.25
724.31	885.88
724.43	784.00
724.55	741.12
724.66	774.50
724.78	941.62
724.90	783.62
725.02	776.75
725.14	792.12
725.26	806.62
725.38	753.75
725.50	807.00
725.62	823.00
725.74	801.62
725.85	799.00
725.97	814.25
726.09	868.00
726.21	1145.50
726.33	845.62
726.45	808.88
726.57	782.12
726.69	815.88
726.81	821.38
726.92	797.50
727.04	819.38
727.16	830.50
727.28	804.62
727.40	802.62
727.52	817.50
727.64	933.38
727.76	896.88
727.88	832.88
727.99	774.50
728.11	777.62
728.23	796.12
728.35	787.00
728.47	792.50
728.59	790.75
728.71	815.75
728.83	812.75
728.94	836.00
729.06	898.88
729.18	872.38
729.30	834.12
729.42	822.88
729.54	890.62
729.66	903.88
729.78	810.88
729.90	825.00
730.01	796.12
730.13	733.62
730.25	801.75
730.37	796.50
730.49	828.38
730.61	822.88
730.73	823.38
730.84	845.00
730.96	839.50
731.08	830.38
731.20	814.88
731.32	815.75
731.44	964.62
731.56	814.12
731.68	774.62
731.79	825.88
731.91	791.50
732.03	796.00
732.15	803.88
732.27	776.50
732.39	789.25
732.51	844.50
732.62	779.25
732.74	800.88
732.86	856.38
732.98	826.62
733.10	809.50
733.22	820.12
733.34	836.12
733.45	753.88
733.57	801.38
733.69	767.12
733.81	797.88
733.93	819.12
734.05	740.25
734.17	799.12
734.28	811.75
734.40	811.38
734.52	794.62
734.64	801.12
734.76	887.88
734.88	814.38
735.00	765.25
735.11	811.62
735.23	865.12
735.35	802.75
735.47	760.75
735.59	845.25
735.71	799.75
735.83	821.12
735.94	829.88
736.06	821.12
736.18	869.25
736.30	856.50
736.42	836.25
736.54	828.75
736.65	842.62
736.77	957.12
736.89	853.75
737.01	821.25
737.13	916.38
737.25	746.25
737.36	772.50
737.48	799.25
737.60	812.62
737.72	796.00
737.84	807.50
737.96	856.88
738.08	806.00
738.19	904.12
738.31	801.25
738.43	816.00
738.55	822.38
738.67	818.25
738.79	784.12
738.90	807.62
739.02	823.50
739.14	795.25
739.26	807.12
739.38	808.75
739.50	843.00
739.61	817.75
739.73	809.00
739.85	810.25
739.97	833.62
740.09	876.25
740.20	769.62
740.32	824.00
740.44	841.12
740.56	780.25
740.68	808.12
740.80	807.00
740.91	813.62
741.03	854.38
741.15	838.00
741.27	803.50
741.39	858.00
741.51	829.38
741.62	849.00
741.74	816.00
741.86	808.12
741.98	779.25
742.10	821.88
742.21	823.25
742.33	817.50
742.45	775.88
742.57	863.00
742.69	803.62
742.80	852.25
742.92	812.25
743.04	806.12
743.16	801.00
743.28	864.00
743.40	775.88
743.51	786.25
743.63	783.50
743.75	817.00
743.87	814.75
743.99	834.62
744.10	809.38
744.22	813.25
744.34	793.25
744.46	837.88
744.58	829.25
744.69	746.50
744.81	817.50
744.93	771.00
745.05	773.62
745.17	887.88
745.28	886.88
745.40	836.25
745.52	806.75
745.64	821.50
745.76	848.00
745.87	802.75
745.99	790.12
746.11	824.38
746.23	784.12
746.35	807.50
746.46	791.50
746.58	918.88
746.70	828.12
746.82	820.00
746.94	808.12
747.05	781.25
747.17	769.62
747.29	762.38
747.41	803.12
747.53	945.62
747.64	802.50
747.76	858.50
747.88	858.38
748.00	857.12
748.12	822.62
748.23	811.75
748.35	822.88
748.47	867.25
748.59	859.75
748.70	792.75
748.82	783.38
748.94	779.00
749.06	794.88
749.18	799.00
749.29	787.50
749.41	837.12
749.53	821.25
749.65	802.62
749.76	847.50
749.88	817.38
750.00	831.88
750.12	852.25
750.24	834.62
750.35	811.00
750.47	776.75
750.59	836.88
750.71	815.75
750.82	845.88
750.94	787.38
751.06	803.75
751.18	791.25
751.30	851.75
751.41	851.12
751.53	841.75
751.65	786.00
751.77	795.88
751.88	825.25
752.00	854.88
752.12	771.38
752.24	866.38
752.35	844.62
752.47	843.00
752.59	858.88
752.71	894.75
752.83	796.50
752.94	869.75
753.06	794.62
753.18	826.25
753.30	796.62
753.41	750.25
753.53	797.25
753.65	804.12
753.77	861.25
753.88	786.38
754.00	824.50
754.12	824.25
754.24	885.25
754.35	788.62
754.47	756.75
754.59	842.12
754.71	844.50
754.82	814.62
754.94	801.38
755.06	871.62
755.18	839.50
755.29	837.75
755.41	798.62
755.53	841.88
755.65	791.38
755.76	825.62
755.88	816.88
756.00	880.25
756.12	797.25
756.23	718.38
756.35	786.25
756.47	855.00
756.59	798.62
756.70	794.62
756.82	795.88
756.94	800.38
757.06	832.50
757.17	833.75
757.29	807.62
757.41	765.50
757.53	830.25
757.64	812.12
757.76	816.38
757.88	837.62
758.00	836.62
758.11	799.38
758.23	773.38
758.35	836.25
758.47	777.25
758.58	834.38
758.70	772.12
758.82	795.12
758.94	779.00
759.05	820.12
759.17	770.00
759.29	821.88
759.40	875.38
759.52	807.12
759.64	803.38
759.76	826.00
759.87	839.62
759.99	830.75
760.11	798.75
760.23	823.00
760.34	852.88
760.46	827.38
760.58	802.12
760.70	814.88
760.81	865.38
760.93	819.00
761.05	846.38
761.16	830.50
761.28	802.75
761.40	793.25
761.52	784.38
761.63	874.00
761.75	848.75
761.87	803.75
761.98	775.62
762.10	847.12
762.22	818.12
762.34	859.62
762.45	800.50
762.57	851.38
762.69	942.50
762.81	813.12
762.92	840.25
763.04	773.12
763.16	835.50
763.27	852.62
763.39	804.12
763.51	843.62
763.63	840.62
763.74	797.12
763.86	760.62
763.98	785.75
764.09	809.75
764.21	820.62
764.33	778.12
764.44	795.88
764.56	822.12
764.68	784.25
764.80	819.62
764.91	763.25
765.03	875.38
765.15	795.50
765.26	808.25
765.38	779.62
765.50	850.38
765.62	823.88
765.73	816.62
765.85	824.75
765.97	769.00
766.08	812.25
766.20	817.50
766.32	823.00
766.43	856.25
766.55	841.50
766.67	808.62
766.79	817.12
766.90	784.38
767.02	754.25
767.14	769.75
767.25	775.38
767.37	906.75
767.49	833.75
767.60	816.88
767.72	867.12
767.84	845.00
767.95	806.75
768.07	779.25
768.19	832.50
768.31	838.62
768.42	825.88
768.54	807.62
768.66	813.62
768.77	846.50
768.89	815.62
769.01	792.12
769.12	832.50
769.24	823.38
769.36	780.88
769.47	781.88
769.59	776.75
769.71	832.62
769.82	807.50
769.94	797.00
770.06	775.38
770.17	852.25
770.29	817.00
770.41	841.88
770.53	832.12
770.64	778.62
770.76	824.75
770.88	834.88
770.99	849.12
771.11	781.25
771.23	826.25
771.34	818.50
771.46	911.12
771.58	881.62
771.69	850.62
771.81	822.38
771.93	857.12
772.04	789.00
772.16	848.38
772.28	822.38
772.39	861.75
772.51	814.25
772.63	838.38
772.74	808.00
772.86	814.38
772.98	928.12
773.09	788.88
773.21	798.38
773.33	833.00
773.44	843.12
773.56	820.88
773.68	812.75
773.79	873.12
773.91	811.38
774.03	829.25
774.14	811.38
774.26	866.38
774.38	789.12
774.49	776.88
774.61	814.00
774.73	827.62
774.84	803.38
774.96	794.88
775.08	824.00
775.19	842.75
775.31	863.62
775.43	827.88
775.54	798.25
775.66	771.88
775.77	856.50
775.89	783.50
776.01	853.00
776.12	864.00
776.24	832.25
776.36	774.88
776.47	796.75
776.59	831.50
776.71	859.75
776.82	755.75
776.94	777.38
777.06	804.12
777.17	885.25
777.29	782.75
777.41	789.88
777.52	835.75
777.64	814.75
777.75	843.00
777.87	766.25
777.99	801.00
778.10	863.88
778.22	804.25
778.34	821.88
778.45	812.50
778.57	862.75
778.69	854.62
778.80	828.38
778.92	916.12
779.04	836.88
779.15	815.62
779.27	855.62
779.38	847.75
779.50	879.25
779.62	769.75
779.73	814.62
779.85	761.50
779.97	926.62
780.08	821.88
780.20	813.38
780.31	846.12
780.43	858.00
780.55	808.25
780.66	828.50
780.78	838.62
780.90	924.38
781.01	799.38
781.13	811.88
781.25	800.75
781.36	868.75
781.48	797.00
781.59	814.25
781.71	854.00
781.83	841.50
781.94	785.38
782.06	797.25
782.18	869.75
782.29	795.88
782.41	765.38
782.52	864.25
782.64	870.75
782.76	837.00
782.87	836.12
782.99	812.38
783.10	943.12
783.22	959.38
783.34	827.75
783.45	828.88
783.57	825.12
783.69	795.50
783.80	831.38
783.92	842.88
784.03	816.50
784.15	794.12
784.27	820.50
784.38	790.50
784.50	799.62
784.61	822.00
784.73	793.88
784.85	801.50
784.96	796.00
785.08	871.88
785.19	860.75
785.31	807.62
785.43	785.62
785.54	781.50
785.66	848.88
785.77	831.12
785.89	850.25
786.01	770.50
786.12	811.12
786.24	827.12
786.35	893.00
786.47	824.12
786.59	798.62
786.70	786.25
786.82	832.50
786.93	837.88
787.05	817.00
787.17	826.75
787.28	815.88
787.40	840.62
787.51	842.12
787.63	842.62
787.75	777.00
787.86	832.88
787.98	851.00
788.09	816.00
788.21	840.88
788.33	851.50
788.44	841.38
788.56	798.25
788.67	849.25
788.79	803.38
788.91	825.88
789.02	800.25
789.14	807.88
789.25	911.38
789.37	841.12
789.48	803.38
789.60	837.12
789.72	795.38
789.83	850.50
789.95	829.25
790.06	768.75
790.18	791.75
790.30	854.75
790.41	841.12
790.53	796.62
790.64	775.88
790.76	782.62
790.87	812.62
790.99	823.62
791.11	827.50
791.22	802.25
791.34	819.50
791.45	853.50
791.57	847.50
791.68	812.12
791.80	799.62
791.92	855.88
792.03	802.62
792.15	781.25
792.26	808.50
792.38	780.25
792.49	845.88
792.61	807.38
792.73	829.50
792.84	812.00
792.96	915.75
793.07	805.62
793.19	1597.75
793.30	902.62
793.42	863.25
793.54	755.50
793.65	776.00
793.77	954.38
793.88	821.25
794.00	771.88
794.11	816.00
794.23	764.25
794.34	827.50
794.46	758.88
794.58	766.62
794.69	904.88
794.81	897.38
794.92	781.12
795.04	783.12
795.15	890.00
795.27	855.75
795.39	814.25
795.50	791.75
795.62	787.75
795.73	801.25
795.85	789.75
795.96	834.12
796.08	874.88
796.19	798.00
796.31	799.88
796.42	776.00
796.54	795.62
796.66	857.25
796.77	780.00
796.89	766.38
797.00	865.88
797.12	740.12
797.23	804.25
797.35	828.75
797.46	858.25
797.58	872.25
797.69	829.25
797.81	807.12
797.93	810.25
798.04	803.50
798.16	795.75
798.27	823.00
798.39	776.38
798.50	773.12
798.62	768.75
798.73	772.00
798.85	889.50
798.96	821.88
799.08	840.38
799.19	849.88
799.31	827.75
799.43	814.75
799.54	794.38
799.66	824.50
799.77	847.25
799.89	785.38
800.00	755.00
800.12	799.75
800.23	867.38
800.35	905.62
800.46	755.12
800.58	746.75
800.69	813.88
800.81	804.00
800.92	775.38
801.04	818.12
801.16	755.62
801.27	761.62
801.39	776.00
801.50	793.75
801.62	810.88
801.73	855.62
801.85	848.25
801.96	772.75
802.08	862.38
802.19	862.12
802.31	799.88
802.42	816.62
802.54	890.12
802.65	865.50
802.77	782.38
802.88	849.12
803.00	767.12
803.11	915.25
803.23	820.38
803.34	814.75
803.46	834.88
803.57	774.50
803.69	848.50
803.80	775.00
803.92	863.00
804.03	799.25
804.15	823.25
804.26	837.62
804.38	850.62
804.50	783.88
804.61	824.75
804.73	817.75
804.84	819.75
804.96	745.75
805.07	814.25
805.19	781.00
805.30	834.00
805.42	861.38
805.53	812.38
805.65	788.12
805.76	768.12
805.88	790.38
805.99	824.00
806.11	837.62
806.22	788.12
806.34	799.75
806.45	812.50
806.57	797.50
806.68	851.62
806.80	741.38
806.91	779.75
807.03	773.25
807.14	755.00
807.26	758.75
807.37	765.75
807.49	823.50
807.60	786.38
807.72	876.00
807.83	887.12
807.95	821.50
808.06	832.38
808.17	824.88
808.29	842.50
808.40	781.88
808.52	814.38
808.63	827.12
808.75	827.75
808.86	809.75
808.98	828.88
809.09	792.75
809.21	823.38
809.32	793.38
809.44	833.62
809.55	772.12
809.67	827.12
809.78	783.25
809.90	838.88
810.01	875.75
810.13	793.75
810.24	844.62
810.36	774.88
810.47	834.88
810.59	822.00
810.70	838.75
810.82	860.50
810.93	775.75
811.05	786.88
811.16	799.00
811.27	787.75
811.39	820.62
811.50	852.25
811.62	762.75
811.73	743.88
811.85	825.50
811.96	816.50
812.08	844.00
812.19	816.62
812.31	836.38
812.42	810.12
812.54	792.62
812.65	857.62
812.77	859.75
812.88	854.62
813.00	851.25
813.11	840.50
813.22	794.00
813.34	795.00
813.45	817.00
813.57	898.00
813.68	902.25
813.80	822.88
813.91	789.38
814.03	809.50
814.14	898.12
814.26	797.12
814.37	814.12
814.49	816.12
814.60	796.25
814.71	797.62
814.83	816.00
814.94	775.25
815.06	802.50
815.17	817.25
815.29	812.88
815.40	776.62
815.52	894.88
815.63	804.12
815.75	788.50
815.86	830.75
815.97	776.12
816.09	823.12
816.20	836.75
816.32	837.25
816.43	772.75
816.55	828.88
816.66	805.12
816.78	901.00
816.89	820.62
817.00	815.62
817.12	790.50
817.23	781.38
817.35	848.12
817.46	820.88
817.58	789.25
817.69	905.75
817.81	812.88
817.92	842.62
818.03	816.75
818.15	823.50
818.26	791.12
818.38	778.62
818.49	805.50
818.61	827.50
818.72	780.62
818.83	1776.50
818.95	945.88
819.06	797.88
819.18	809.50
819.29	827.75
819.41	808.88
819.52	828.88
819.64	823.62
819.75	789.25
819.86	773.50
819.98	802.12
820.09	844.62
820.21	828.75
820.32	787.12
820.44	844.25
820.55	888.38
820.66	802.62
820.78	847.00
820.89	818.25
821.01	837.00
821.12	817.50
821.23	831.00
821.35	801.00
821.46	866.88
821.58	821.25
821.69	807.25
821.81	789.62
821.92	876.88
822.03	808.50
822.15	830.88
822.26	780.25
822.38	786.00
822.49	836.38
822.61	829.25
822.72	833.25
822.83	880.25
822.95	826.62
823.06	828.38
823.18	870.75
823.29	896.38
823.40	849.75
823.52	816.62
823.63	779.12
823.75	913.00
823.86	819.88
823.97	772.62
824.09	852.12
824.20	787.38
824.32	831.00
824.43	813.75
824.55	861.12
824.66	912.00
824.77	814.88
824.89	834.12
825.00	886.62
825.12	833.12
825.23	849.88
825.34	780.75
825.46	788.75
825.57	856.38
825.69	802.88
825.80	749.88
825.91	790.38
826.03	771.38
826.14	844.50
826.26	787.38
826.37	824.00
826.48	813.75
826.60	827.88
826.71	794.75
826.83	833.00
826.94	836.38
827.05	867.88
827.17	858.25
827.28	819.00
827.39	802.62
827.51	789.25
827.62	817.38
827.74	823.38
827.85	804.50
827.96	795.62
828.08	811.62
828.19	914.00
828.31	808.62
828.42	765.12
828.53	834.25
828.65	864.62
828.76	870.38
828.87	839.00
828.99	790.75
