Wavelength (nm)	Intensity
377.35	817.70
377.48	593.60
377.62	619.10
377.75	613.00
377.88	811.20
378.02	791.90
378.15	802.20
378.28	771.00
378.41	844.20
378.55	812.50
378.68	799.00
378.81	776.80
378.95	803.80
379.08	798.40
379.21	763.80
379.35	824.00
379.48	820.10
379.61	882.90
379.74	824.00
379.88	807.30
380.01	880.10
380.14	934.40
380.28	870.70
380.41	797.00
380.54	842.10
380.68	851.90
380.81	778.00
380.94	860.20
381.07	895.50
381.21	893.60
381.34	827.50
381.47	772.70
381.61	962.80
381.74	837.90
381.87	792.60
382.00	850.70
382.14	915.30
382.27	871.70
382.40	806.00
382.54	894.20
382.67	893.40
382.80	798.60
382.93	806.00
383.07	832.60
383.20	829.90
383.33	866.20
383.47	809.10
383.60	790.30
383.73	971.70
383.86	863.90
384.00	827.20
384.13	817.00
384.26	864.60
384.40	880.50
384.53	837.60
384.66	879.80
384.79	850.90
384.93	816.50
385.06	826.70
385.19	851.70
385.33	948.30
385.46	863.50
385.59	814.70
385.72	850.30
385.86	794.10
385.99	820.30
386.12	831.30
386.25	805.00
386.39	879.10
386.52	890.50
386.65	834.90
386.79	825.30
386.92	818.70
387.05	911.60
387.18	791.30
387.32	808.40
387.45	869.10
387.58	850.10
387.71	828.90
387.85	824.90
387.98	852.90
388.11	870.20
388.25	856.20
388.38	842.40
388.51	874.80
388.64	888.40
388.78	828.30
388.91	804.50
389.04	839.50
389.17	945.40
389.31	850.50
389.44	883.30
389.57	904.40
389.70	870.80
389.84	830.50
389.97	828.70
390.10	828.80
390.24	865.90
390.37	842.60
390.50	826.40
390.63	908.80
390.77	844.70
390.90	853.60
391.03	848.00
391.16	802.30
391.30	829.00
391.43	832.60
391.56	833.10
391.69	818.40
391.83	888.80
391.96	859.10
392.09	838.20
392.22	934.80
392.36	867.80
392.49	820.70
392.62	844.80
392.75	871.90
392.89	909.80
393.02	816.40
393.15	825.10
393.28	801.40
393.42	937.70
393.55	810.60
393.68	839.10
393.81	788.80
393.95	838.40
394.08	834.80
394.21	833.30
394.34	892.50
394.48	884.00
394.61	892.70
394.74	868.60
394.87	897.50
395.01	870.60
395.14	885.10
395.27	836.80
395.40	943.20
395.54	946.60
395.67	862.40
395.80	848.70
395.93	882.40
396.07	833.00
396.20	831.30
396.33	788.30
396.46	843.60
396.59	853.10
396.73	850.20
396.86	832.40
396.99	909.40
397.12	877.70
397.26	874.80
397.39	861.20
397.52	1137.40
397.65	962.60
397.79	859.40
397.92	850.70
398.05	914.80
398.18	847.60
398.32	856.30
398.45	886.20
398.58	879.60
398.71	889.00
398.84	830.70
398.98	862.40
399.11	892.60
399.24	882.80
399.37	851.00
399.51	828.90
399.64	864.50
399.77	863.00
399.90	864.10
400.03	869.90
400.17	825.10
400.30	922.30
400.43	895.90
400.56	869.40
400.70	870.10
400.83	845.60
400.96	836.60
401.09	875.70
401.23	871.40
401.36	932.40
401.49	851.30
401.62	872.90
401.75	864.90
401.89	837.80
402.02	859.10
402.15	869.50
402.28	891.60
402.41	890.70
402.55	853.90
402.68	865.00
402.81	940.40
402.94	915.00
403.08	852.40
403.21	835.80
403.34	902.60
403.47	904.40
403.60	864.40
403.74	901.30
403.87	909.50
404.00	855.00
404.13	854.60
404.26	832.60
404.40	844.40
404.53	884.90
404.66	868.90
404.79	848.10
404.93	917.50
405.06	862.40
405.19	826.70
405.32	886.60
405.45	900.10
405.59	920.20
405.72	880.50
405.85	851.50
405.98	1046.40
406.11	856.60
406.25	854.20
406.38	869.70
406.51	907.60
406.64	879.90
406.77	840.50
406.91	838.70
407.04	901.40
407.17	868.60
407.30	895.00
407.43	880.80
407.57	955.80
407.70	936.50
407.83	859.70
407.96	886.00
408.09	846.40
408.23	971.00
408.36	886.50
408.49	877.50
408.62	1001.80
408.75	901.10
408.89	864.60
409.02	904.60
409.15	898.50
409.28	963.00
409.41	919.40
409.55	872.90
409.68	1004.30
409.81	902.50
409.94	867.60
410.07	901.90
410.20	902.60
410.34	889.50
410.47	898.50
410.60	906.60
410.73	927.20
410.86	871.80
411.00	896.80
411.13	869.30
411.26	899.60
411.39	897.80
411.52	918.30
411.66	894.90
411.79	890.20
411.92	868.80
412.05	892.00
412.18	886.50
412.31	917.00
412.45	929.50
412.58	935.90
412.71	864.30
412.84	926.60
412.97	975.20
413.11	904.30
413.24	909.20
413.37	944.20
413.50	1005.20
413.63	915.50
413.76	894.70
413.90	933.50
414.03	893.20
414.16	892.30
414.29	926.20
414.42	911.50
414.56	1012.90
414.69	890.70
414.82	906.60
414.95	910.70
415.08	925.60
415.21	909.10
415.35	930.60
415.48	841.60
415.61	953.60
415.74	959.50
415.87	867.00
416.00	918.30
416.14	1026.00
416.27	926.20
416.40	887.50
416.53	912.90
416.66	939.70
416.79	924.30
416.93	886.70
417.06	971.30
417.19	917.00
417.32	904.30
417.45	901.60
417.58	875.60
417.72	966.90
417.85	898.60
417.98	914.10
418.11	957.50
418.24	906.90
418.37	906.90
418.51	916.70
418.64	922.50
418.77	996.20
418.90	940.50
419.03	882.00
419.16	940.70
419.29	962.90
419.43	897.40
419.56	883.10
419.69	1029.00
419.82	975.00
419.95	925.50
420.08	969.80
420.22	993.10
420.35	1048.30
420.48	972.00
420.61	921.20
420.74	880.10
420.87	965.40
421.00	886.00
421.14	917.10
421.27	964.50
421.40	1001.50
421.53	952.70
421.66	932.30
421.79	924.70
421.93	933.60
422.06	934.60
422.19	911.20
422.32	971.40
422.45	974.50
422.58	945.90
422.71	928.20
422.85	987.00
422.98	979.50
423.11	886.20
423.24	888.30
423.37	908.40
423.50	914.70
423.63	934.90
423.77	917.90
423.90	911.90
424.03	958.80
424.16	971.40
424.29	936.80
424.42	895.80
424.55	915.40
424.69	911.30
424.82	949.00
424.95	953.00
425.08	915.60
425.21	966.60
425.34	930.50
425.47	943.50
425.60	960.30
425.74	906.30
425.87	935.40
426.00	945.90
426.13	962.50
426.26	921.40
426.39	931.80
426.52	946.70
426.66	1022.30
426.79	976.00
426.92	921.20
427.05	1053.60
427.18	1026.00
427.31	956.20
427.44	951.10
427.57	924.40
427.71	952.30
427.84	916.80
427.97	951.50
428.10	1014.20
428.23	962.60
428.36	939.70
428.49	877.30
428.62	1088.50
428.76	1058.60
428.89	973.50
429.02	917.40
429.15	961.30
429.28	1050.10
429.41	945.90
429.54	967.50
429.67	950.80
429.81	990.80
429.94	962.10
430.07	948.70
430.20	1006.70
430.33	1035.80
430.46	939.50
430.59	938.00
430.72	970.70
430.85	924.40
430.99	973.50
431.12	938.10
431.25	1020.60
431.38	1049.40
431.51	980.30
431.64	971.80
431.77	1049.50
431.90	1049.40
432.03	983.60
432.17	949.60
432.30	988.10
432.43	999.20
432.56	981.80
432.69	1003.80
432.82	999.50
432.95	1040.10
433.08	983.90
433.21	989.30
433.35	979.40
433.48	983.00
433.61	945.90
433.74	986.80
433.87	961.10
434.00	1016.40
434.13	962.20
434.26	1014.00
434.39	1005.40
434.53	1011.00
434.66	981.50
434.79	986.30
434.92	983.20
435.05	1058.30
435.18	970.00
435.31	1013.70
435.44	1060.30
435.57	1005.70
435.70	992.10
435.84	963.30
435.97	1058.80
436.10	1095.40
436.23	983.00
436.36	966.10
436.49	988.70
436.62	1019.00
436.75	990.90
436.88	1026.70
437.01	980.60
437.14	966.60
437.28	959.30
437.41	985.00
437.54	1060.70
437.67	1033.20
437.80	982.40
437.93	960.90
438.06	1124.90
438.19	1049.00
438.32	977.00
438.45	990.10
438.58	1036.20
438.72	1084.40
438.85	1049.10
438.98	1010.20
439.11	1030.60
439.24	1089.10
439.37	1072.10
439.50	1045.00
439.63	1073.00
439.76	1003.30
439.89	994.50
440.02	1003.00
440.15	1044.10
440.29	1089.20
440.42	1024.30
440.55	1018.90
440.68	1097.40
440.81	1137.90
440.94	1036.80
441.07	1033.20
441.20	1117.60
441.33	1049.80
441.46	1011.10
441.59	1013.10
441.72	1034.50
441.85	1037.20
441.99	1065.10
442.12	1063.70
442.25	1119.70
442.38	1061.60
442.51	1053.40
442.64	997.50
442.77	1040.90
442.90	1019.30
443.03	998.40
443.16	1024.20
443.29	1052.10
443.42	1115.10
443.55	1025.50
443.68	1047.90
443.82	1006.10
443.95	1025.50
444.08	1032.20
444.21	1044.00
444.34	1030.50
444.47	1041.30
444.60	1047.20
444.73	1067.30
444.86	1054.80
444.99	1120.60
445.12	1082.10
445.25	1066.50
445.38	1072.30
445.51	1107.90
445.64	1066.20
445.78	1039.90
445.91	1005.50
446.04	1175.10
446.17	1108.90
446.30	1016.10
446.43	1085.00
446.56	1076.70
446.69	1037.20
446.82	1052.10
446.95	1113.80
447.08	1125.40
447.21	1084.00
447.34	1056.70
447.47	1119.30
447.60	1112.20
447.73	1078.20
447.86	1108.90
447.99	1090.40
448.13	1094.70
448.26	1115.40
448.39	1075.20
448.52	1115.20
448.65	1129.20
448.78	1085.80
448.91	1087.40
449.04	1110.20
449.17	1078.10
449.30	1117.20
449.43	1108.70
449.56	1106.10
449.69	1163.20
449.82	1101.80
449.95	1049.50
450.08	1158.00
450.21	1130.40
450.34	1104.20
450.47	1092.60
450.60	1139.10
450.73	1117.40
450.87	1097.90
451.00	1121.20
451.13	1144.10
451.26	1253.90
451.39	1094.30
451.52	1133.20
451.65	1106.40
451.78	1102.00
451.91	1100.90
452.04	1096.70
452.17	1203.90
452.30	1199.80
452.43	1102.40
452.56	1110.40
452.69	1180.20
452.82	1096.30
452.95	1161.00
453.08	1094.80
453.21	1066.00
453.34	1177.00
453.47	1118.40
453.60	1176.80
453.73	1226.30
453.86	1169.50
453.99	1153.50
454.12	1146.80
454.25	1134.00
454.38	1158.90
454.52	1120.30
454.65	1134.40
454.78	1133.00
454.91	1094.40
455.04	1134.10
455.17	1122.70
455.30	1128.00
455.43	1213.70
455.56	1143.50
455.69	1128.40
455.82	1173.40
455.95	1174.90
456.08	1123.20
456.21	1127.40
456.34	1109.40
456.47	1112.00
456.60	1153.00
456.73	1147.00
456.86	1163.00
456.99	1198.90
457.12	1146.50
457.25	1162.00
457.38	1228.00
457.51	1216.00
457.64	1196.80
457.77	1172.10
457.90	1181.10
458.03	1175.70
458.16	1186.70
458.29	1187.40
458.42	1190.00
458.55	1145.50
458.68	1171.40
458.81	1186.30
458.94	1249.20
459.07	1294.90
459.20	1164.40
459.33	1175.00
459.46	1264.80
459.59	1304.20
459.72	1270.20
459.85	1205.30
459.98	1284.30
460.11	1252.00
460.24	1223.30
460.37	1181.20
460.50	1256.90
460.63	1234.10
460.76	1217.00
460.89	1238.50
461.02	1255.70
461.15	1268.60
461.28	1234.20
461.41	1234.30
461.54	1314.90
461.67	1215.70
461.80	1253.90
461.93	1289.90
462.06	1285.20
462.19	1309.30
462.32	1240.70
462.45	1232.50
462.58	1292.50
462.71	1249.40
462.84	1253.60
462.97	1197.50
463.10	1249.90
463.23	1280.70
463.36	1295.90
463.49	1279.60
463.62	1234.10
463.75	1300.40
463.88	1268.00
464.01	1294.40
464.14	1247.80
464.27	1379.40
464.40	1284.60
464.53	1291.70
464.66	1326.40
464.79	1314.40
464.92	1318.20
465.05	1279.10
465.18	1306.00
465.31	1314.10
465.44	1299.40
465.57	1291.60
465.70	1293.60
465.83	1430.60
465.96	1340.50
466.09	1313.60
466.22	1375.70
466.35	1361.20
466.48	1312.40
466.61	1315.50
466.74	1336.60
466.87	1385.90
467.00	1374.50
467.13	1367.90
467.26	1379.40
467.39	1310.10
467.52	1316.10
467.65	1355.40
467.78	1429.40
467.91	1372.30
468.04	1385.40
468.17	1360.30
468.30	1366.90
468.43	1342.40
468.56	1367.80
468.69	1409.10
468.82	1430.90
468.95	1367.30
469.08	1380.80
469.21	1400.10
469.34	1447.50
469.47	1519.40
469.60	1502.30
469.73	1430.30
469.86	1447.80
469.99	1469.60
470.11	1397.80
470.24	1422.50
470.37	1474.00
470.50	1442.50
470.63	1425.20
470.76	1451.50
470.89	1512.30
471.02	1562.70
471.15	1448.90
471.28	1464.90
471.41	1571.00
471.54	1511.60
471.67	1478.40
471.80	1440.20
471.93	1539.60
472.06	1517.40
472.19	1495.00
472.32	1482.70
472.45	1625.70
472.58	1574.90
472.71	1539.30
472.84	1514.10
472.97	1499.50
473.10	1495.40
473.23	1579.50
473.36	1500.90
473.49	1613.90
473.62	1598.50
473.74	1586.10
473.87	1595.30
474.00	1545.80
474.13	1557.30
474.26	1598.50
474.39	1624.70
474.52	1590.40
474.65	1599.50
474.78	1618.40
474.91	1570.80
475.04	1635.40
475.17	1736.50
475.30	1651.80
475.43	1645.60
475.56	1682.10
475.69	1629.90
475.82	1678.50
475.95	1625.10
476.08	1724.10
476.21	1664.40
476.34	1709.80
476.46	1710.90
476.59	1748.40
476.72	1683.60
476.85	1684.20
476.98	1663.20
477.11	1761.00
477.24	1708.80
477.37	1661.40
477.50	1703.40
477.63	1727.00
477.76	1705.60
477.89	1678.10
478.02	1694.20
478.15	1741.40
478.28	1741.50
478.41	1778.00
478.54	1742.70
478.66	1817.50
478.79	1762.90
478.92	1777.50
479.05	1795.20
479.18	1793.70
479.31	1775.90
479.44	1797.30
479.57	1787.30
479.70	1804.90
479.83	1831.10
479.96	1813.00
480.09	1862.40
480.22	1973.90
480.35	1964.50
480.48	1897.00
480.60	1871.00
480.73	1845.60
480.86	1897.40
480.99	1878.00
481.12	1878.80
481.25	1891.70
481.38	1957.50
481.51	1889.50
481.64	1911.50
481.77	1952.60
481.90	1912.50
482.03	1920.50
482.16	1927.10
482.29	2000.10
482.41	1949.70
482.54	1977.90
482.67	1936.80
482.80	1958.90
482.93	2022.90
483.06	1956.40
483.19	2041.90
483.32	2025.20
483.45	2004.70
483.58	2011.90
483.71	2034.30
483.84	2065.70
483.97	2038.40
484.09	2030.10
484.22	2019.70
484.35	2009.70
484.48	1998.00
484.61	2037.30
484.74	2049.90
484.87	2088.10
485.00	2038.10
485.13	2089.60
485.26	2055.40
485.39	2122.40
485.52	2096.40
485.64	2173.20
485.77	2141.40
485.90	2174.80
486.03	2081.60
486.16	2139.10
486.29	2095.00
486.42	2139.10
486.55	2169.80
486.68	2150.90
486.81	2190.90
486.94	2177.00
487.06	2152.80
487.19	2198.40
487.32	2207.50
487.45	2197.30
487.58	2174.70
487.71	2201.10
487.84	2157.70
487.97	2242.50
488.10	2256.90
488.23	2210.60
488.35	2180.50
488.48	2217.30
488.61	2196.80
488.74	2240.20
488.87	2235.30
489.00	2262.00
489.13	2356.90
489.26	2307.20
489.39	2309.10
489.52	2320.10
489.64	2309.30
489.77	2310.10
489.90	2299.90
490.03	2307.80
490.16	2290.40
490.29	2296.90
490.42	2295.20
490.55	2336.10
490.68	2302.50
490.81	2317.70
490.93	2290.20
491.06	2410.40
491.19	2377.60
491.32	2371.80
491.45	2398.20
491.58	2324.30
491.71	2379.80
491.84	2368.30
491.97	2371.30
492.09	2460.70
492.22	2414.80
492.35	2424.10
492.48	2449.10
492.61	2429.90
492.74	2417.20
492.87	2435.20
493.00	2422.40
493.12	2408.60
493.25	2453.10
493.38	2438.90
493.51	2421.50
493.64	2421.60
493.77	2463.00
493.90	2505.60
494.03	2507.50
494.16	2545.10
494.28	2549.10
494.41	2490.40
494.54	2518.10
494.67	2614.80
494.80	2585.50
494.93	2516.90
495.06	2553.00
495.19	2559.00
495.31	2535.30
495.44	2528.70
495.57	2520.50
495.70	2573.90
495.83	2550.70
495.96	2531.40
496.09	2579.60
496.22	2636.30
496.34	2674.90
496.47	2573.00
496.60	2605.70
496.73	2640.80
496.86	2638.20
496.99	2589.90
497.12	2612.90
497.24	2574.00
497.37	2625.10
497.50	2615.20
497.63	2617.20
497.76	2642.40
497.89	2714.90
498.02	2685.30
498.15	2595.60
498.27	2668.40
498.40	2714.50
498.53	2741.40
498.66	2702.80
498.79	2723.50
498.92	2662.00
499.05	2713.60
499.17	2716.20
499.30	2753.70
499.43	2794.60
499.56	2747.90
499.69	2672.40
499.82	2743.80
499.95	2729.70
500.07	2725.00
500.20	2761.40
500.33	2778.80
500.46	2891.90
500.59	2782.40
500.72	2795.60
500.85	2837.10
500.97	2824.70
501.10	2837.70
501.23	2767.20
501.36	2792.20
501.49	2863.40
501.62	2840.30
501.75	2816.00
501.87	2869.20
502.00	2782.90
502.13	2849.50
502.26	2847.10
502.39	2825.10
502.52	2831.90
502.64	2793.90
502.77	2835.40
502.90	2902.30
503.03	2872.80
503.16	2852.20
503.29	2845.90
503.42	2938.90
503.54	2892.80
503.67	2906.70
503.80	2909.50
503.93	2958.30
504.06	2871.70
504.19	2919.20
504.31	2982.70
504.44	2955.90
504.57	2958.50
504.70	2951.40
504.83	2899.10
504.96	2967.80
505.08	2952.90
505.21	2975.30
505.34	3061.10
505.47	3032.40
505.60	3006.10
505.73	3037.70
505.85	3036.30
505.98	3128.40
506.11	3009.50
506.24	2971.80
506.37	2983.80
506.50	3028.20
506.62	3071.00
506.75	3024.20
506.88	3003.50
507.01	3048.40
507.14	3009.50
507.27	3039.80
507.39	3012.70
507.52	3045.50
507.65	3042.40
507.78	3088.90
507.91	3042.00
508.04	3146.80
508.16	3128.80
508.29	3106.20
508.42	3099.80
508.55	3080.90
508.68	3083.60
508.81	3171.60
508.93	3095.80
509.06	3116.70
509.19	3162.50
509.32	3175.70
509.45	3153.10
509.57	3162.80
509.70	3128.40
509.83	3161.60
509.96	3126.00
510.09	3165.40
510.22	3163.00
510.34	3192.30
510.47	3170.90
510.60	3277.40
510.73	3222.50
510.86	3241.60
510.98	3193.90
511.11	3187.50
511.24	3273.70
511.37	3254.10
511.50	3215.60
511.63	3233.20
511.75	3248.80
511.88	3237.10
512.01	3275.20
512.14	3251.00
512.27	3275.90
512.39	3262.20
512.52	3263.20
512.65	3290.30
512.78	3250.20
512.91	3279.60
513.03	3306.30
513.16	3353.60
513.29	3325.20
513.42	3300.90
513.55	3258.40
513.67	3327.80
513.80	3275.90
513.93	3296.70
514.06	3322.80
514.19	3360.10
514.31	3366.40
514.44	3390.80
514.57	3359.30
514.70	3382.40
514.83	3424.60
514.95	3355.20
515.08	3390.80
515.21	3416.90
515.34	3402.10
515.47	3391.80
515.59	3372.40
515.72	3423.50
515.85	3424.80
515.98	3479.50
516.11	3424.40
516.23	3477.30
516.36	3501.30
516.49	3465.30
516.62	3444.20
516.75	3511.40
516.87	3526.60
517.00	3433.30
517.13	3499.00
517.26	3540.90
517.39	3506.20
517.51	3437.40
517.64	3494.50
517.77	3560.10
517.90	3458.90
518.02	3499.40
518.15	3486.90
518.28	3438.70
518.41	3504.00
518.54	3528.70
518.66	3540.30
518.79	3494.60
518.92	3510.10
519.05	3516.90
519.18	3526.30
519.30	3597.30
519.43	3527.10
519.56	3549.30
519.69	3564.20
519.81	3609.10
519.94	3557.60
520.07	3522.50
520.20	3578.20
520.33	3611.10
520.45	3647.60
520.58	3608.40
520.71	3634.40
520.84	3660.00
520.96	3644.80
521.09	3613.50
521.22	3594.00
521.35	3661.20
521.48	3681.30
521.60	3632.50
521.73	3650.10
521.86	3717.10
521.99	3745.30
522.11	3665.40
522.24	3666.30
522.37	3698.30
522.50	3689.70
522.62	3736.80
522.75	3617.60
522.88	3708.00
523.01	3683.30
523.14	3721.90
523.26	3722.10
523.39	3784.30
523.52	3684.30
523.65	3798.20
523.77	3749.00
523.90	3744.20
524.03	3718.70
524.16	3714.60
524.28	3714.80
524.41	3716.60
524.54	3739.40
524.67	3710.40
524.79	3747.20
524.92	3792.80
525.05	3821.90
525.18	3755.50
525.31	3814.50
525.43	3751.40
525.56	3904.60
525.69	3798.00
525.82	3729.50
525.94	3852.50
526.07	3845.10
526.20	3846.20
526.33	3846.20
526.45	3937.20
526.58	3907.30
526.71	3842.80
526.84	3820.30
526.96	3856.80
527.09	3808.70
527.22	3830.90
527.35	3825.40
527.47	3810.20
527.60	3912.30
527.73	3829.40
527.86	3902.20
527.98	3893.40
528.11	3889.60
528.24	3853.90
528.37	3894.10
528.49	3844.70
528.62	3885.80
528.75	3926.60
528.88	3876.10
529.00	3931.90
529.13	3943.60
529.26	3916.10
529.39	3944.90
529.51	4054.00
529.64	4006.80
529.77	3924.30
529.90	3915.30
530.02	3928.30
530.15	3924.70
530.28	3885.50
530.40	3923.50
530.53	3966.60
530.66	3973.10
530.79	3963.80
530.91	3971.60
531.04	3950.50
531.17	3958.00
531.30	3979.90
531.42	3996.40
531.55	3985.30
531.68	4051.90
531.81	3980.40
531.93	3984.30
532.06	4011.50
532.19	3977.90
532.31	4018.10
532.44	4009.50
532.57	4050.80
532.70	4007.20
532.82	4041.90
532.95	4055.00
533.08	4102.50
533.21	4076.00
533.33	4028.10
533.46	4042.20
533.59	4054.00
533.71	4165.60
533.84	4087.20
533.97	4055.00
534.10	4051.30
534.22	4072.20
534.35	4088.70
534.48	4078.80
534.61	4134.20
534.73	4036.70
534.86	4066.50
534.99	4127.60
535.11	4179.10
535.24	4119.90
535.37	4096.70
535.50	4085.60
535.62	4111.70
535.75	4183.90
535.88	4119.90
536.00	4120.00
536.13	4124.60
536.26	4144.80
536.39	4142.60
536.51	4112.50
536.64	4194.50
536.77	4161.40
536.89	4165.60
537.02	4195.40
537.15	4215.50
537.28	4179.20
537.40	4199.50
537.53	4180.40
537.66	4245.60
537.78	4221.00
537.91	4190.20
538.04	4191.10
538.17	4269.00
538.29	4238.30
538.42	4315.80
538.55	4281.80
538.67	4274.90
538.80	4237.90
538.93	4263.10
539.05	4273.30
539.18	4339.10
539.31	4305.80
539.44	4293.10
539.56	4204.90
539.69	4270.90
539.82	4250.50
539.94	4231.90
540.07	4254.50
540.20	4357.00
540.32	4277.30
540.45	4306.20
540.58	4297.00
540.71	4344.60
540.83	4260.10
540.96	4301.60
541.09	4327.30
541.21	4399.80
541.34	4390.60
541.47	4310.00
541.59	4350.00
541.72	4416.10
541.85	4490.80
541.98	4413.50
542.10	4363.40
542.23	4382.50
542.36	4477.60
542.48	4363.20
542.61	4353.10
542.74	4334.50
542.86	4371.20
542.99	4382.10
543.12	4374.50
543.24	4414.00
543.37	4358.00
543.50	4400.70
543.62	4395.20
543.75	4414.00
543.88	4413.90
544.01	4436.10
544.13	4460.70
544.26	4473.50
544.39	4401.90
544.51	4443.10
544.64	4413.50
544.77	4470.10
544.89	4427.00
545.02	4457.60
545.15	4455.40
545.27	4527.20
545.40	4529.40
545.53	4498.10
545.65	4493.20
545.78	4422.80
545.91	4459.00
546.03	4464.30
546.16	4496.70
546.29	4479.80
546.41	4464.40
546.54	4484.20
546.67	4485.70
546.79	4550.50
546.92	4578.90
547.05	4474.20
547.17	4505.20
547.30	4507.60
547.43	4560.10
547.56	4506.60
547.68	4534.60
547.81	4515.10
547.94	4550.80
548.06	4545.10
548.19	4533.00
548.32	4615.40
548.44	4548.20
548.57	4582.80
548.70	4614.90
548.82	4612.00
548.95	4579.00
549.08	4612.60
549.20	4583.90
549.33	4643.10
549.45	4590.80
549.58	4582.30
549.71	4528.90
549.83	4651.50
549.96	4556.30
550.09	4618.80
550.21	4592.50
550.34	4633.10
550.47	4601.30
550.59	4643.10
550.72	4555.60
550.85	4641.90
550.97	4703.90
551.10	4622.30
551.23	4640.60
551.35	4737.80
551.48	4687.40
551.61	4637.30
551.73	4654.60
551.86	4754.40
551.99	4741.90
552.11	4688.00
552.24	4699.40
552.37	4717.00
552.49	4692.60
552.62	4693.30
552.75	4725.40
552.87	4691.70
553.00	4702.30
553.12	4732.30
553.25	4706.60
553.38	4757.70
553.50	4776.70
553.63	4755.60
553.76	4697.80
553.88	4772.70
554.01	4744.40
554.14	4747.70
554.26	4799.90
554.39	4842.40
554.52	4777.30
554.64	4775.80
554.77	4781.90
554.89	4822.60
555.02	4844.40
555.15	4815.90
555.27	4817.30
555.40	4818.90
555.53	4889.70
555.65	4807.70
555.78	4801.10
555.91	4864.20
556.03	4907.00
556.16	4809.60
556.29	4828.20
556.41	4903.80
556.54	4927.30
556.66	4873.90
556.79	4855.10
556.92	4882.50
557.04	4914.20
557.17	4866.60
557.30	4855.70
557.42	4906.40
557.55	4900.40
557.67	4919.50
557.80	4927.20
557.93	4922.80
558.05	4934.30
558.18	4896.70
558.31	4921.10
558.43	4993.20
558.56	4963.70
558.68	4942.50
558.81	4915.90
558.94	4969.40
559.06	5054.40
559.19	4957.30
559.32	4953.90
559.44	4943.70
559.57	4963.10
559.69	4972.00
559.82	4962.10
559.95	4985.30
560.07	4975.80
560.20	4942.80
560.33	4989.00
560.45	5026.70
560.58	4988.80
560.70	5012.90
560.83	4975.50
560.96	5003.90
561.08	5022.70
561.21	5071.40
561.33	5016.80
561.46	4985.10
561.59	5094.90
561.71	5031.70
561.84	5055.10
561.97	5048.00
562.09	5117.40
562.22	5054.10
562.34	5059.70
562.47	5130.00
562.60	5105.50
562.72	5076.50
562.85	5111.80
562.97	5120.70
563.10	5088.00
563.23	5092.10
563.35	5088.80
563.48	5130.40
563.60	5121.70
563.73	5137.40
563.86	5101.30
563.98	5107.90
564.11	5134.90
564.23	5147.30
564.36	5196.20
564.49	5158.70
564.61	5196.70
564.74	5173.20
564.86	5143.00
564.99	5233.90
565.12	5224.00
565.24	5242.70
565.37	5227.10
565.49	5242.40
565.62	5270.80
565.75	5240.60
565.87	5162.50
566.00	5335.20
566.12	5261.70
566.25	5198.60
566.38	5253.50
566.50	5208.30
566.63	5229.30
566.75	5250.10
566.88	5230.10
567.01	5189.70
567.13	5203.40
567.26	5240.80
567.38	5216.10
567.51	5286.50
567.64	5227.90
567.76	5277.90
567.89	5270.80
568.01	5248.50
568.14	5210.50
568.26	5276.10
568.39	5270.40
568.52	5260.40
568.64	5301.40
568.77	5272.70
568.89	5277.90
569.02	5283.20
569.15	5260.20
569.27	5279.20
569.40	5310.20
569.52	5321.10
569.65	5273.80
569.77	5275.70
569.90	5272.00
570.03	5260.00
570.15	5354.50
570.28	5289.50
570.40	5314.70
570.53	5325.10
570.66	5375.00
570.78	5361.30
570.91	5303.00
571.03	5286.70
571.16	5315.40
571.28	5273.30
571.41	5267.10
571.54	5292.70
571.66	5250.30
571.79	5303.40
571.91	5292.10
572.04	5285.30
572.16	5335.60
572.29	5368.60
572.42	5312.70
572.54	5343.50
572.67	5312.70
572.79	5371.70
572.92	5351.10
573.04	5359.20
573.17	5379.10
573.29	5334.80
573.42	5340.10
573.55	5404.50
573.67	5379.40
573.80	5370.10
573.92	5345.10
574.05	5333.20
574.17	5398.10
574.30	5370.10
574.43	5356.20
574.55	5332.50
574.68	5383.70
574.80	5346.70
574.93	5353.70
575.05	5366.50
575.18	5337.90
575.30	5368.20
575.43	5405.50
575.56	5415.20
575.68	5383.50
575.81	5379.10
575.93	5347.70
576.06	5406.40
576.18	5417.00
576.31	5370.20
576.43	5351.60
576.56	5479.00
576.69	5422.10
576.81	5424.20
576.94	5388.00
577.06	5387.70
577.19	5434.40
577.31	5403.70
577.44	5408.90
577.56	5450.10
577.69	5393.10
577.82	5431.20
577.94	5396.90
578.07	5369.20
578.19	5429.80
578.32	5447.00
578.44	5395.80
578.57	5386.50
578.69	5427.40
578.82	5431.80
578.94	5455.60
579.07	5474.30
579.19	5469.60
579.32	5424.00
579.45	5420.60
579.57	5421.50
579.70	5381.50
579.82	5433.70
579.95	5423.10
580.07	5481.80
580.20	5431.90
580.32	5461.00
580.45	5474.50
580.57	5468.10
580.70	5460.90
580.82	5487.30
580.95	5479.20
581.08	5389.70
581.20	5509.20
581.33	5450.00
581.45	5460.80
581.58	5451.30
581.70	5448.70
581.83	5365.10
581.95	5455.00
582.08	5480.30
582.20	5452.60
582.33	5460.60
582.45	5410.40
582.58	5449.20
582.70	5473.40
582.83	5466.40
582.95	5436.10
583.08	5496.10
583.21	5499.30
583.33	5490.10
583.46	5447.80
583.58	5422.90
583.71	5473.60
583.83	5487.10
583.96	5473.20
584.08	5526.30
584.21	5504.40
584.33	5507.30
584.46	5454.20
584.58	5416.70
584.71	5498.40
584.83	5515.20
584.96	5479.20
585.08	5472.20
585.21	5549.20
585.33	5554.40
585.46	5505.80
585.58	5512.70
585.71	5474.70
585.83	5489.60
585.96	5531.10
586.08	5501.60
586.21	5519.00
586.33	5543.00
586.46	5449.60
586.59	5540.80
586.71	5470.30
586.84	5532.20
586.96	5516.20
587.09	5449.10
587.21	5467.40
587.34	5542.60
587.46	5499.60
587.59	5462.80
587.71	5487.20
587.84	5478.50
587.96	5490.20
588.09	5479.50
588.21	5526.70
588.34	5508.60
588.46	5539.60
588.59	5517.40
588.71	5534.80
588.84	5529.90
588.96	5540.40
589.09	5599.40
589.21	5554.20
589.34	5499.50
589.46	5537.00
589.59	5527.00
589.71	5551.90
589.84	5488.80
589.96	5487.90
590.09	5509.70
590.21	5538.80
590.34	5546.20
590.46	5511.40
590.59	5496.90
590.71	5514.50
590.84	5569.90
590.96	5510.10
591.09	5557.60
591.21	5530.20
591.34	5534.80
591.46	5512.60
591.59	5594.60
591.71	5558.30
591.83	5537.40
591.96	5481.70
592.08	5550.10
592.21	5574.50
592.33	5559.90
592.46	5528.50
592.58	5554.10
592.71	5598.80
592.83	5615.60
592.96	5570.30
593.08	5596.50
593.21	5527.10
593.33	5494.60
593.46	5548.00
593.58	5542.50
593.71	5579.20
593.83	5578.00
593.96	5500.60
594.08	5649.90
594.21	5585.60
594.33	5534.50
594.46	5528.10
594.58	5506.80
594.71	5495.10
594.83	5555.60
594.96	5542.60
595.08	5690.30
595.20	5613.30
595.33	5593.30
595.45	5533.70
595.58	5656.60
595.70	5587.40
595.83	5545.00
595.95	5575.90
596.08	5566.00
596.20	5533.70
596.33	5509.80
596.45	5547.60
596.58	5543.50
596.70	5551.70
596.83	5541.90
596.95	5539.60
597.08	5579.50
597.20	5541.00
597.32	5562.00
597.45	5581.60
597.57	5584.30
597.70	5580.70
597.82	5570.60
597.95	5580.10
598.07	5577.60
598.20	5595.30
598.32	5585.40
598.45	5597.60
598.57	5629.90
598.70	5651.10
598.82	5596.30
598.94	5571.60
599.07	5632.70
599.19	5596.00
599.32	5572.60
599.44	5497.90
599.57	5616.00
599.69	5605.20
599.82	5589.10
599.94	5563.70
600.07	5630.50
600.19	5617.40
600.31	5556.60
600.44	5633.00
600.56	5695.80
600.69	5675.00
600.81	5597.60
600.94	5581.40
601.06	5609.90
601.19	5623.00
601.31	5638.20
601.44	5548.70
601.56	5669.00
601.68	5643.20
601.81	5617.60
601.93	5590.30
602.06	5639.40
602.18	5557.50
602.31	5576.90
602.43	5642.90
602.56	5613.00
602.68	5616.20
602.80	5603.00
602.93	5607.20
603.05	5554.20
603.18	5623.70
603.30	5565.60
603.43	5574.50
603.55	5588.70
603.68	5635.30
603.80	5628.90
603.92	5611.70
604.05	5604.50
604.17	5597.50
604.30	5578.90
604.42	5574.60
604.55	5623.50
604.67	5633.50
604.79	5604.50
604.92	5606.00
605.04	5613.30
605.17	5592.10
605.29	5601.60
605.42	5597.50
605.54	5688.80
605.66	5608.80
605.79	5660.70
605.91	5619.20
606.04	5633.20
606.16	5580.40
606.29	5639.30
606.41	5604.00
606.53	5623.50
606.66	5567.50
606.78	5616.90
606.91	5604.90
607.03	5618.20
607.16	5627.20
607.28	5592.80
607.40	5641.50
607.53	5650.20
607.65	5583.60
607.78	5601.00
607.90	5615.40
608.03	5728.80
608.15	5638.10
608.27	5661.00
608.40	5619.60
608.52	5662.70
608.65	5646.90
608.77	5665.00
608.89	5624.50
609.02	5719.30
609.14	5716.60
609.27	5669.10
609.39	5688.00
609.52	5597.10
609.64	5560.60
609.76	5644.00
609.89	5623.50
610.01	5684.20
610.14	5668.30
610.26	5617.10
610.38	5618.50
610.51	5665.20
610.63	5630.80
610.76	5625.90
610.88	5648.80
611.01	5682.40
611.13	5738.30
611.25	5702.20
611.38	5622.40
611.50	5640.80
611.63	5659.30
611.75	5674.60
611.87	5675.10
612.00	5634.20
612.12	5697.80
612.25	5640.60
612.37	5623.40
612.49	5697.30
612.62	5686.90
612.74	5709.20
612.87	5645.90
612.99	5647.40
613.11	5599.90
613.24	5638.90
613.36	5642.10
613.49	5653.00
613.61	5647.90
613.73	5645.10
613.86	5688.30
613.98	5630.00
614.11	5694.70
614.23	5713.30
614.35	5689.80
614.48	5685.90
614.60	5655.70
614.72	5621.60
614.85	5640.40
614.97	5650.40
615.10	5664.40
615.22	5642.00
615.34	5656.60
615.47	5690.70
615.59	5624.00
615.72	5644.30
615.84	5645.90
615.96	5650.10
616.09	5739.30
616.21	5657.50
616.34	5630.70
616.46	5648.40
616.58	5656.10
616.71	5676.80
616.83	5654.20
616.95	5690.20
617.08	5679.40
617.20	5627.00
617.33	5598.10
617.45	5638.00
617.57	5670.30
617.70	5676.60
617.82	5642.40
617.95	5660.70
618.07	5722.70
618.19	5663.80
618.32	5646.80
618.44	5642.30
618.56	5604.00
618.69	5587.50
618.81	5579.80
618.94	5676.70
619.06	5609.60
619.18	5663.50
619.31	5592.30
619.43	5602.80
619.55	5672.90
619.68	5652.40
619.80	5615.00
619.92	5649.40
620.05	5770.40
620.17	5722.90
620.30	5625.30
620.42	5611.50
620.54	5696.70
620.67	5625.90
620.79	5656.40
620.91	5645.70
621.04	5679.60
621.16	5622.20
621.29	5627.60
621.41	5574.70
621.53	5620.60
621.66	5626.50
621.78	5616.00
621.90	5686.50
622.03	5708.30
622.15	5637.70
622.27	5652.90
622.40	5630.70
622.52	5596.70
622.64	5610.90
622.77	5575.30
622.89	5644.30
623.02	5676.40
623.14	5643.20
623.26	5656.90
623.39	5639.50
623.51	5668.40
623.63	5626.70
623.76	5590.70
623.88	5679.20
624.00	5620.90
624.13	5584.40
624.25	5630.90
624.37	5584.30
624.50	5644.50
624.62	5648.90
624.75	5578.30
624.87	5575.10
624.99	5661.00
625.12	5589.80
625.24	5600.40
625.36	5705.40
625.49	5620.40
625.61	5615.10
625.73	5611.90
625.86	5657.60
625.98	5603.90
626.10	5592.40
626.23	5554.10
626.35	5629.20
626.47	5590.90
626.60	5583.30
626.72	5571.50
626.84	5615.50
626.97	5637.00
627.09	5595.00
627.21	5631.70
627.34	5705.60
627.46	5702.00
627.58	5598.50
627.71	5601.70
627.83	5657.00
627.95	5541.00
628.08	5605.40
628.20	5601.50
628.32	5540.30
628.45	5498.60
628.57	5538.30
628.69	5545.00
628.82	5613.70
628.94	5624.90
629.06	5576.50
629.19	5572.50
629.31	5603.90
629.43	5519.80
629.56	5586.00
629.68	5561.40
629.80	5613.90
629.93	5553.90
630.05	5558.70
630.17	5539.30
630.30	5574.20
630.42	5559.80
630.54	5610.90
630.67	5582.50
630.79	5548.20
630.91	5668.10
631.04	5593.20
631.16	5599.10
631.28	5557.30
631.41	5526.00
631.53	5520.30
631.65	5548.20
631.78	5573.80
631.90	5575.50
632.02	5589.70
632.14	5458.90
632.27	5592.00
632.39	5551.00
632.51	5531.70
632.64	5594.80
632.76	5543.00
632.88	5506.10
633.01	5535.30
633.13	5521.30
633.25	5557.40
633.38	5659.00
633.50	5482.50
633.62	5499.60
633.75	5477.50
633.87	5469.50
633.99	5550.80
634.11	5491.70
634.24	5521.50
634.36	5537.00
634.48	5530.70
634.61	5502.80
634.73	5568.50
634.85	5471.70
634.98	5508.70
635.10	5505.00
635.22	5523.40
635.35	5628.70
635.47	5526.90
635.59	5501.50
635.71	5549.10
635.84	5551.50
635.96	5518.70
636.08	5551.70
636.21	5489.10
636.33	5529.00
636.45	5513.30
636.58	5484.40
636.70	5465.80
636.82	5533.10
636.94	5500.40
637.07	5433.30
637.19	5551.50
637.31	5513.90
637.44	5528.50
637.56	5453.90
637.68	5524.60
637.81	5503.70
637.93	5497.40
638.05	5443.90
638.17	5541.60
638.30	5600.10
638.42	5491.00
638.54	5468.50
638.67	5494.90
638.79	5514.40
638.91	5474.30
639.03	5453.00
639.16	5474.60
639.28	5478.10
639.40	5509.60
639.53	5454.60
639.65	5511.60
639.77	5480.50
639.89	5501.70
640.02	5477.90
640.14	5479.50
640.26	5441.40
640.39	5499.70
640.51	5455.40
640.63	5472.20
640.75	5517.10
640.88	5462.60
641.00	5437.40
641.12	5434.90
641.24	5515.20
641.37	5446.50
641.49	5441.10
641.61	5558.10
641.74	5421.40
641.86	5499.00
641.98	5457.30
642.10	5483.80
642.23	5463.20
642.35	5436.20
642.47	5465.90
642.60	5466.00
642.72	5497.50
642.84	5404.20
642.96	5386.70
643.09	5415.70
643.21	5424.20
643.33	5420.40
643.45	5403.00
643.58	5474.50
643.70	5521.50
643.82	5436.10
643.94	5431.90
644.07	5454.70
644.19	5460.50
644.31	5458.00
644.44	5454.50
644.56	5410.40
644.68	5413.60
644.80	5392.80
644.93	5400.00
645.05	5413.40
645.17	5453.60
645.29	5435.70
645.42	5449.70
645.54	5426.30
645.66	5464.20
645.78	5431.50
645.91	5399.90
646.03	5425.80
646.15	5504.80
646.27	5399.80
646.40	5432.70
646.52	5456.40
646.64	5442.60
646.76	5408.90
646.89	5381.70
647.01	5442.60
647.13	5439.80
647.25	5479.20
647.38	5405.80
647.50	5413.40
647.62	5467.10
647.74	5374.50
647.87	5369.40
647.99	5430.30
648.11	5441.10
648.23	5394.70
648.36	5334.60
648.48	5428.80
648.60	5394.70
648.72	5374.80
648.85	5348.80
648.97	5438.50
649.09	5421.70
649.21	5406.30
649.34	5418.40
649.46	5444.10
649.58	5421.40
649.70	5416.70
649.83	5379.20
649.95	5460.50
650.07	5430.00
650.19	5413.20
650.32	5416.30
650.44	5435.50
650.56	5411.90
650.68	5382.90
650.81	5388.50
650.93	5378.50
651.05	5432.50
651.17	5353.10
651.29	5396.00
651.42	5364.40
651.54	5401.00
651.66	5338.40
651.78	5334.00
651.91	5427.60
652.03	5495.20
652.15	5428.60
652.27	5357.50
652.40	5372.50
652.52	5358.10
652.64	5366.80
652.76	5364.20
652.88	5454.60
653.01	5361.40
653.13	5331.90
653.25	5296.10
653.37	5381.40
653.50	5395.30
653.62	5391.90
653.74	5333.10
653.86	5416.60
653.98	5385.50
654.11	5335.30
654.23	5334.40
654.35	5314.60
654.47	5436.40
654.60	5347.30
654.72	5343.00
654.84	5308.10
654.96	5392.50
655.08	5324.60
655.21	5361.00
655.33	5338.50
655.45	5392.40
655.57	5351.00
655.70	5349.20
655.82	5385.00
655.94	5401.60
656.06	5348.00
656.18	5290.40
656.31	5381.00
656.43	5351.00
656.55	5303.40
656.67	5327.80
656.79	5327.30
656.92	5384.00
657.04	5334.70
657.16	5288.80
657.28	5431.60
657.40	5320.50
657.53	5365.20
657.65	5293.00
657.77	5353.60
657.89	5356.30
658.01	5276.90
658.14	5260.70
658.26	5321.90
658.38	5293.10
658.50	5276.70
658.62	5281.30
658.75	5401.30
658.87	5322.80
658.99	5336.30
659.11	5252.60
659.23	5337.00
659.36	5419.90
659.48	5350.30
659.60	5334.10
659.72	5309.70
659.84	5278.80
659.97	5318.80
660.09	5310.90
660.21	5396.80
660.33	5325.20
660.45	5228.40
660.58	5197.50
660.70	5241.60
660.82	5246.30
660.94	5211.10
661.06	5276.20
661.19	5331.70
661.31	5291.30
661.43	5262.20
661.55	5256.40
661.67	5307.30
661.80	5328.50
661.92	5240.20
662.04	5275.40
662.16	5251.50
662.28	5300.00
662.40	5249.10
662.53	5247.30
662.65	5265.30
662.77	5212.70
662.89	5252.00
663.01	5218.90
663.14	5209.10
663.26	5262.50
663.38	5226.20
663.50	5171.30
663.62	5205.70
663.74	5232.00
663.87	5229.70
663.99	5232.40
664.11	5250.60
664.23	5335.60
664.35	5179.00
664.48	5194.00
664.60	5205.70
664.72	5185.10
664.84	5163.00
664.96	5177.80
665.08	5265.50
665.21	5191.50
665.33	5214.70
665.45	5131.30
665.57	5190.70
665.69	5253.00
665.81	5182.20
665.94	5143.30
666.06	5130.80
666.18	5174.10
666.30	5158.40
666.42	5135.70
666.54	5191.80
666.67	5193.30
666.79	5136.60
666.91	5190.20
667.03	5144.10
667.15	5093.80
667.27	5138.10
667.40	5127.70
667.52	5134.90
667.64	5160.20
667.76	5116.30
667.88	5093.10
668.00	5170.30
668.13	5159.60
668.25	5097.20
668.37	5077.40
668.49	5102.40
668.61	5165.30
668.73	5105.60
668.85	5117.30
668.98	5132.60
669.10	5114.50
669.22	5094.90
669.34	5093.90
669.46	5164.90
669.58	5069.80
669.71	5116.80
669.83	5110.00
669.95	5078.70
670.07	5083.00
670.19	5067.00
670.31	5096.50
670.43	5061.90
670.56	5121.30
670.68	5138.00
670.80	5104.40
670.92	5092.00
671.04	5158.30
671.16	5065.30
671.28	5054.90
671.41	5068.00
671.53	5130.80
671.65	5076.30
671.77	5081.80
671.89	5221.80
672.01	5156.80
672.13	5103.80
672.26	5017.00
672.38	5057.90
672.50	5026.70
672.62	5053.40
672.74	5080.20
672.86	5059.70
672.98	5072.80
673.11	5041.80
673.23	5059.50
673.35	5110.90
673.47	5032.80
673.59	5044.60
673.71	5020.20
673.83	5089.10
673.96	5164.30
674.08	5035.50
674.20	5008.70
674.32	5035.70
674.44	5032.90
674.56	5053.10
674.68	5004.00
674.80	5060.10
674.93	5035.30
675.05	5014.10
675.17	5025.10
675.29	5074.80
675.41	5064.60
675.53	5033.20
675.65	4990.10
675.77	5018.50
675.90	5050.90
676.02	5004.20
676.14	4987.50
676.26	5063.20
676.38	5102.70
676.50	5019.70
676.62	5026.30
676.74	4965.90
676.87	4969.20
676.99	5044.90
677.11	5045.80
677.23	5027.00
677.35	5001.40
677.47	4966.40
677.59	4981.60
677.71	5001.60
677.83	5035.70
677.96	4993.60
678.08	5003.50
678.20	4988.70
678.32	4956.40
678.44	4993.80
678.56	4979.80
678.68	5097.00
678.80	5009.40
678.93	4965.90
679.05	4982.90
679.17	4978.30
679.29	5020.90
679.41	4962.60
679.53	4910.70
679.65	4946.00
679.77	4974.90
679.89	4967.00
680.01	5005.30
680.14	5011.00
680.26	4896.20
680.38	4949.00
680.50	5000.10
680.62	5044.20
680.74	4985.40
680.86	4963.20
680.98	4963.10
681.10	4987.20
681.22	5048.30
681.35	4947.40
681.47	4950.00
681.59	4943.30
681.71	5051.50
681.83	4974.90
681.95	4937.30
682.07	5009.80
682.19	4966.20
682.31	4928.00
682.43	4913.80
682.56	4990.50
682.68	4897.90
682.80	4931.70
682.92	4965.50
683.04	4970.00
683.16	4939.70
683.28	4912.60
683.40	4964.60
683.52	4952.80
683.64	4962.60
683.76	4909.20
683.89	4929.20
684.01	4939.80
684.13	5005.70
684.25	4950.20
684.37	4927.90
684.49	4981.70
684.61	4930.50
684.73	4967.20
684.85	4945.50
684.97	4936.60
685.09	5000.50
685.21	4894.00
685.34	4924.80
685.46	5059.70
685.58	4973.90
685.70	4941.40
685.82	4960.20
685.94	4899.00
686.06	4903.30
686.18	4889.20
686.30	4923.00
686.42	4900.30
686.54	4963.30
686.66	4903.00
686.79	5001.60
686.91	4951.70
687.03	5037.90
687.15	4978.00
687.27	4928.70
687.39	4928.30
687.51	4992.70
687.63	4937.70
687.75	4973.90
687.87	4974.60
687.99	5005.40
688.11	4907.20
688.23	4944.80
688.35	4975.60
688.48	4953.20
688.60	4908.80
688.72	4908.70
688.84	4943.80
688.96	4955.20
689.08	4926.90
689.20	4930.60
689.32	5037.00
689.44	4936.90
689.56	4897.60
689.68	4908.10
689.80	4924.70
689.92	4896.70
690.04	4911.00
690.16	4980.20
690.28	4961.00
690.41	4940.20
690.53	4874.20
690.65	4944.60
690.77	4992.90
690.89	4973.80
691.01	4929.50
691.13	4933.10
691.25	4890.80
691.37	4921.00
691.49	4892.40
691.61	4881.10
691.73	4990.00
691.85	4944.00
691.97	4917.90
692.09	4895.00
692.21	4980.70
692.33	5000.70
692.45	4958.00
692.57	4920.00
692.70	4933.00
692.82	4945.80
692.94	4891.20
693.06	4919.70
693.18	4936.90
693.30	4895.80
693.42	4906.10
693.54	4961.60
693.66	4933.60
693.78	4956.70
693.90	4911.20
694.02	4929.60
694.14	4955.50
694.26	4932.20
694.38	4949.40
694.50	4955.30
694.62	4956.40
694.74	4907.10
694.86	4904.70
694.98	4956.00
695.10	4950.70
695.22	4974.40
695.34	4921.00
695.46	4919.60
695.58	4938.50
695.71	4931.10
695.83	4936.30
695.95	4920.50
696.07	4997.00
696.19	4910.70
696.31	4926.50
696.43	4886.00
696.55	5028.10
696.67	4957.60
696.79	4925.50
696.91	4964.90
697.03	4935.60
697.15	5043.10
697.27	4958.50
697.39	4924.80
697.51	4982.60
697.63	4916.00
697.75	4936.50
697.87	4947.00
697.99	4922.30
698.11	4870.80
698.23	4903.20
698.35	4915.90
698.47	4947.30
698.59	4966.50
698.71	4930.70
698.83	5018.70
698.95	4923.00
699.07	4960.70
699.19	4949.20
699.31	4962.80
699.43	4912.50
699.55	4993.20
699.67	4935.90
699.79	4942.30
699.91	4941.60
700.03	4956.50
700.15	4961.20
700.27	4941.90
700.39	4952.30
700.51	4906.10
700.63	4958.10
700.75	4930.60
700.87	4961.40
700.99	4927.30
701.11	4980.90
701.24	4948.10
701.36	5000.10
701.48	5007.30
701.60	4997.60
701.72	4926.00
701.84	5027.10
701.96	4985.00
702.08	4967.00
702.20	5035.40
702.32	5001.70
702.44	4997.20
702.56	4930.60
702.68	4960.50
702.80	4978.50
702.92	5064.50
703.04	5035.90
703.16	4978.70
703.28	4991.80
703.40	4964.80
703.52	5000.40
703.64	5012.60
703.76	4978.10
703.88	4961.20
704.00	4972.60
704.12	4982.50
704.24	5016.20
704.36	4990.20
704.48	4983.20
704.60	4930.90
704.72	4990.40
704.84	4981.50
704.96	4998.20
705.07	5001.10
705.19	4953.80
705.31	4983.80
705.43	4998.50
705.55	4961.10
705.67	5001.40
705.79	4976.60
705.91	4920.50
706.03	4966.90
706.15	4995.60
706.27	4992.60
706.39	4946.10
706.51	4981.40
706.63	4973.30
706.75	5007.30
706.87	5011.20
706.99	5033.80
707.11	4992.70
707.23	4951.90
707.35	5018.10
707.47	4990.80
707.59	5005.20
707.71	5033.80
707.83	4986.70
707.95	5040.70
708.07	4991.80
708.19	5093.50
708.31	5021.10
708.43	4951.80
708.55	4982.80
708.67	5055.30
708.79	5009.90
708.91	5024.30
709.03	5016.30
709.15	5041.00
709.27	4952.50
709.39	5004.80
709.51	4976.30
709.63	5009.70
709.75	5032.10
709.87	4965.40
709.99	5034.30
710.11	4972.10
710.23	4997.30
710.35	4958.20
710.47	5101.50
710.58	5035.30
710.70	5058.10
710.82	5071.10
710.94	5019.80
711.06	5018.30
711.18	4997.00
711.30	4982.20
711.42	5035.80
711.54	4993.00
711.66	5024.30
711.78	4964.00
711.90	5034.00
712.02	5070.20
712.14	4990.40
712.26	4941.70
712.38	5060.30
712.50	5066.80
712.62	5002.10
712.74	4958.70
712.86	4981.80
712.98	5029.70
713.10	4972.70
713.22	4950.80
713.34	5016.80
713.45	4976.40
713.57	5011.30
713.69	4962.30
713.81	4991.30
713.93	5000.80
714.05	4988.80
714.17	4949.60
714.29	5067.60
714.41	5047.90
714.53	5002.70
714.65	5013.70
714.77	4977.10
714.89	4959.10
715.01	5037.10
715.13	4973.80
715.25	4984.10
715.37	4946.20
715.49	4939.40
715.61	5024.80
715.72	5019.30
715.84	5029.10
715.96	4966.10
716.08	4975.90
716.20	5050.50
716.32	5028.50
716.44	4980.70
716.56	4979.80
716.68	4986.40
716.80	5061.10
716.92	5026.20
717.04	5003.10
717.16	4999.60
717.28	4972.00
717.40	4970.30
717.52	4982.30
717.63	4966.40
717.75	4967.20
717.87	4990.90
717.99	4982.10
718.11	4949.40
718.23	5037.70
718.35	4986.40
718.47	4995.20
718.59	4909.80
718.71	4950.60
718.83	4945.60
718.95	4985.50
719.07	4916.00
719.19	4940.90
719.30	4946.10
719.42	4975.30
719.54	4932.70
719.66	4954.90
719.78	4967.10
719.90	4893.50
720.02	4955.20
720.14	4954.00
720.26	4987.40
720.38	4964.00
720.50	4928.50
720.62	4882.40
720.74	4956.10
720.85	4931.20
720.97	5005.70
721.09	5023.10
721.21	4934.90
721.33	4995.20
721.45	4942.10
721.57	4940.20
721.69	4878.70
721.81	4852.40
721.93	5002.60
722.05	4968.80
722.16	4907.90
722.28	4879.50
722.40	4906.50
722.52	4968.20
722.64	4997.50
722.76	4874.90
722.88	4966.00
723.00	4960.80
723.12	4916.10
723.24	4920.70
723.36	4865.60
723.47	4960.00
723.59	4949.70
723.71	4909.80
723.83	4941.00
723.95	4903.80
724.07	4935.80
724.19	4931.20
724.31	5007.60
724.43	4900.70
724.55	4867.80
724.66	4895.00
724.78	5061.00
724.90	4873.00
725.02	4889.90
725.14	4878.70
725.26	4923.20
725.38	4859.40
725.50	4941.50
725.62	4918.60
725.74	4915.90
725.85	4915.60
725.97	4907.80
726.09	4978.10
726.21	5237.10
726.33	4961.30
726.45	4928.00
726.57	4878.30
726.69	4932.60
726.81	4917.20
726.92	4937.10
727.04	4925.60
727.16	4942.10
727.28	4917.30
727.40	4935.90
727.52	4919.20
727.64	5061.30
727.76	4998.70
727.88	4936.50
727.99	4884.20
728.11	4887.40
728.23	4900.80
728.35	4894.30
728.47	4892.20
728.59	4893.80
728.71	4916.90
728.83	4906.20
728.94	4933.80
729.06	5006.10
729.18	4967.30
729.30	4933.40
729.42	4910.40
729.54	4981.80
729.66	4998.70
729.78	4918.10
729.90	4924.40
730.01	4919.20
730.13	4821.70
730.25	4898.10
730.37	4882.40
730.49	4950.30
730.61	4929.20
730.73	4919.90
730.84	4919.70
730.96	4899.40
731.08	4918.00
731.20	4901.30
731.32	4888.90
731.44	5023.40
731.56	4900.60
731.68	4871.60
731.79	4905.70
731.91	4866.00
732.03	4864.80
732.15	4904.30
732.27	4859.30
732.39	4866.50
732.51	4917.00
732.62	4850.50
732.74	4849.30
732.86	4941.50
732.98	4892.30
733.10	4881.80
733.22	4879.80
733.34	4909.00
733.45	4821.10
733.57	4877.00
733.69	4824.10
733.81	4852.70
733.93	4870.10
734.05	4820.80
734.17	4869.70
734.28	4861.20
734.40	4870.90
734.52	4829.00
734.64	4851.20
734.76	4938.00
734.88	4866.10
735.00	4832.90
735.11	4851.40
735.23	4912.30
735.35	4838.50
735.47	4802.20
735.59	4884.90
735.71	4838.60
735.83	4863.80
735.94	4868.50
736.06	4881.20
736.18	4903.60
736.30	4900.30
736.42	4865.70
736.54	4838.10
736.65	4877.30
736.77	4995.40
736.89	4889.70
737.01	4826.50
737.13	4941.00
737.25	4755.10
737.36	4786.00
737.48	4824.00
737.60	4835.90
737.72	4817.40
737.84	4822.30
737.96	4890.20
738.08	4821.80
738.19	4905.90
738.31	4799.20
738.43	4827.50
738.55	4820.40
738.67	4827.90
738.79	4782.60
738.90	4797.00
739.02	4820.70
739.14	4784.00
739.26	4791.20
739.38	4815.00
739.50	4837.50
739.61	4789.70
739.73	4804.00
739.85	4785.70
739.97	4806.30
740.09	4841.90
740.20	4710.20
740.32	4808.80
740.44	4820.30
740.56	4750.00
740.68	4773.50
740.80	4767.80
740.91	4769.40
741.03	4821.00
741.15	4810.70
741.27	4766.70
741.39	4817.00
741.51	4784.00
741.62	4820.90
741.74	4767.70
741.86	4755.50
741.98	4735.60
742.10	4779.00
742.21	4739.10
742.33	4760.00
742.45	4727.20
742.57	4814.70
742.69	4740.30
742.80	4783.30
742.92	4723.50
743.04	4749.20
743.16	4700.70
743.28	4779.90
743.40	4694.10
743.51	4702.10
743.63	4679.20
743.75	4704.00
743.87	4722.80
743.99	4754.10
744.10	4732.20
744.22	4711.40
744.34	4687.10
744.46	4719.70
744.58	4727.40
744.69	4637.30
744.81	4708.10
744.93	4640.90
745.05	4631.20
745.17	4756.80
745.28	4755.50
745.40	4719.30
745.52	4670.20
745.64	4676.20
745.76	4698.70
745.87	4660.50
745.99	4643.00
746.11	4687.50
746.23	4631.90
746.35	4678.40
746.46	4645.60
746.58	4762.90
746.70	4682.70
746.82	4654.00
746.94	4638.70
747.05	4599.70
747.17	4609.70
747.29	4585.70
747.41	4621.50
747.53	4759.50
747.64	4615.50
747.76	4684.30
747.88	4682.40
748.00	4671.30
748.12	4634.20
748.23	4614.30
748.35	4644.70
748.47	4661.90
748.59	4643.30
748.70	4591.00
748.82	4562.00
748.94	4583.20
749.06	4576.40
749.18	4593.00
749.29	4562.40
749.41	4614.60
749.53	4575.10
749.65	4587.90
749.76	4612.80
749.88	4559.30
750.00	4581.10
750.12	4632.30
750.24	4587.30
750.35	4582.40
750.47	4521.00
750.59	4607.40
750.71	4542.60
750.82	4597.60
750.94	4514.70
751.06	4545.30
751.18	4523.40
751.30	4575.40
751.41	4574.40
751.53	4558.40
751.65	4517.40
751.77	4501.50
751.88	4559.60
752.00	4562.80
752.12	4481.10
752.24	4571.00
752.35	4524.00
752.47	4541.30
752.59	4552.70
752.71	4567.00
752.83	4492.70
752.94	4570.10
753.06	4482.10
753.18	4508.30
753.30	4448.80
753.41	4433.50
753.53	4463.10
753.65	4475.40
753.77	4532.60
753.88	4468.80
754.00	4465.30
754.12	4466.00
754.24	4525.40
754.35	4452.00
754.47	4385.20
754.59	4480.30
754.71	4460.90
754.82	4446.00
754.94	4433.00
755.06	4474.40
755.18	4449.60
755.29	4448.90
755.41	4399.00
755.53	4460.40
755.65	4384.90
755.76	4427.40
755.88	4411.90
756.00	4450.40
756.12	4376.10
756.23	4295.00
756.35	4352.60
756.47	4424.90
756.59	4378.50
756.70	4352.20
756.82	4359.50
756.94	4352.10
757.06	4377.50
757.17	4385.10
757.29	4358.20
757.41	4311.30
757.53	4366.00
757.64	4345.70
757.76	4341.70
757.88	4377.10
758.00	4375.50
758.11	4326.80
758.23	4280.70
758.35	4349.00
758.47	4297.20
758.58	4349.30
758.70	4277.50
758.82	4317.90
758.94	4260.00
759.05	4312.10
759.17	4251.30
759.29	4282.40
759.40	4337.30
759.52	4289.40
759.64	4277.90
759.76	4302.50
759.87	4314.80
759.99	4305.00
760.11	4249.40
760.23	4282.50
760.34	4306.50
760.46	4283.70
760.58	4242.90
760.70	4256.70
760.81	4276.50
760.93	4269.10
761.05	4265.90
761.16	4239.60
761.28	4228.50
761.40	4226.30
761.52	4178.90
761.63	4280.00
761.75	4238.40
761.87	4220.00
761.98	4183.40
762.10	4243.70
762.22	4216.10
762.34	4256.70
762.45	4184.70
762.57	4241.00
762.69	4316.20
762.81	4180.30
762.92	4219.10
763.04	4128.90
763.16	4195.90
763.27	4206.80
763.39	4144.40
763.51	4180.20
763.63	4183.60
763.74	4166.90
763.86	4112.10
763.98	4117.20
764.09	4112.30
764.21	4143.00
764.33	4095.30
764.44	4118.90
764.56	4132.00
764.68	4092.20
764.80	4132.30
764.91	4062.50
765.03	4176.20
765.15	4107.60
765.26	4107.90
765.38	4067.30
765.50	4126.80
765.62	4098.90
765.73	4076.20
765.85	4100.20
765.97	4034.70
766.08	4085.30
766.20	4082.20
766.32	4087.30
766.43	4096.20
766.55	4098.00
766.67	4052.20
766.79	4049.60
766.90	4025.20
767.02	4006.40
767.14	4015.10
767.25	4002.80
767.37	4142.10
767.49	4040.20
767.60	4037.80
767.72	4088.20
767.84	4040.80
767.95	3999.30
768.07	3987.70
768.19	4044.30
768.31	4024.30
768.42	3998.70
768.54	3994.00
768.66	3981.70
768.77	4017.40
768.89	3992.10
769.01	3948.00
769.12	4000.90
769.24	3992.40
769.36	3941.20
769.47	3931.80
769.59	3925.20
769.71	3981.90
769.82	3925.70
769.94	3934.00
770.06	3897.70
770.17	3982.10
770.29	3943.30
770.41	3966.10
770.53	3964.60
770.64	3886.80
770.76	3922.70
770.88	3942.60
770.99	3954.60
771.11	3872.50
771.23	3919.00
771.34	3896.50
771.46	3982.30
771.58	3952.60
771.69	3916.10
771.81	3890.50
771.93	3919.10
772.04	3846.10
772.16	3903.10
772.28	3877.40
772.39	3899.10
772.51	3834.90
772.63	3891.50
772.74	3830.90
772.86	3849.80
772.98	3949.10
773.09	3816.60
773.21	3819.10
773.33	3830.00
773.44	3846.90
773.56	3802.30
773.68	3809.60
773.79	3849.20
773.91	3785.10
774.03	3787.10
774.14	3789.00
774.26	3829.10
774.38	3752.80
774.49	3742.70
774.61	3763.80
774.73	3774.60
774.84	3742.20
774.96	3731.00
775.08	3756.70
775.19	3755.80
775.31	3809.50
775.43	3755.40
775.54	3708.30
775.66	3678.90
775.77	3778.20
775.89	3689.50
776.01	3746.30
776.12	3763.10
776.24	3723.40
776.36	3674.70
776.47	3683.40
776.59	3715.00
776.71	3737.00
776.82	3633.30
776.94	3649.20
777.06	3670.30
777.17	3724.30
777.29	3649.10
777.41	3655.10
777.52	3688.70
777.64	3662.90
777.75	3686.20
777.87	3580.10
777.99	3622.30
778.10	3664.60
778.22	3618.90
778.34	3628.60
778.45	3628.40
778.57	3653.30
778.69	3657.10
778.80	3610.90
778.92	3716.90
779.04	3615.70
779.15	3613.90
779.27	3640.10
779.38	3640.00
779.50	3644.40
779.62	3547.60
779.73	3570.70
779.85	3524.00
779.97	3671.50
780.08	3577.10
780.20	3564.70
780.31	3585.10
780.43	3573.40
780.55	3531.90
780.66	3540.60
780.78	3579.10
780.90	3628.90
781.01	3491.20
781.13	3523.30
781.25	3514.50
781.36	3557.60
781.48	3493.30
781.59	3498.20
781.71	3527.70
781.83	3520.50
781.94	3477.40
782.06	3471.50
782.18	3547.90
782.29	3479.70
782.41	3422.80
782.52	3524.80
782.64	3511.30
782.76	3465.90
782.87	3475.50
782.99	3449.90
783.10	3577.40
783.22	3569.20
783.34	3441.10
783.45	3452.20
783.57	3433.90
783.69	3424.80
783.80	3451.40
783.92	3447.70
784.03	3414.50
784.15	3385.80
784.27	3397.80
784.38	3393.30
784.50	3407.50
784.61	3402.90
784.73	3359.30
784.85	3376.00
784.96	3359.40
785.08	3429.10
785.19	3419.50
785.31	3388.10
785.43	3325.00
785.54	3335.40
785.66	3390.30
785.77	3374.30
785.89	3380.20
786.01	3300.60
786.12	3338.30
786.24	3345.90
786.35	3413.30
786.47	3340.00
786.59	3323.40
786.70	3286.80
786.82	3339.30
786.93	3330.00
787.05	3316.20
787.17	3319.10
787.28	3292.70
787.40	3307.90
787.51	3303.20
787.63	3320.10
787.75	3263.30
787.86	3303.70
787.98	3301.70
788.09	3268.00
788.21	3295.90
788.33	3286.90
788.44	3277.20
788.56	3238.80
788.67	3288.40
788.79	3229.90
788.91	3249.50
789.02	3226.70
789.14	3233.60
789.25	3314.10
789.37	3274.90
789.48	3223.60
789.60	3236.80
789.72	3195.50
789.83	3242.70
789.95	3220.40
790.06	3165.10
790.18	3170.40
790.30	3238.60
790.41	3207.80
790.53	3177.80
790.64	3156.80
790.76	3143.50
790.87	3174.10
790.99	3177.80
791.11	3180.70
791.22	3147.60
791.34	3155.80
791.45	3207.90
791.57	3177.30
791.68	3148.00
791.80	3123.70
791.92	3190.40
792.03	3107.50
792.15	3107.00
792.26	3123.70
792.38	3098.60
792.49	3134.40
792.61	3108.60
792.73	3126.30
792.84	3117.10
792.96	3208.50
793.07	3104.50
793.19	3871.40
793.30	3188.60
793.42	3125.60
793.54	3029.40
793.65	3047.00
793.77	3217.10
793.88	3061.60
794.00	3029.60
794.11	3066.70
794.23	3017.90
794.34	3074.50
794.46	3003.60
794.58	3021.20
794.69	3147.00
794.81	3117.50
794.92	3020.10
795.04	3009.00
795.15	3111.90
795.27	3075.10
795.39	3044.80
795.50	2995.10
795.62	3015.30
795.73	3009.90
795.85	3005.10
795.96	3031.00
796.08	3068.80
796.19	2975.50
796.31	2996.30
796.42	2955.00
796.54	2974.80
796.66	3034.40
796.77	2954.20
796.89	2935.80
797.00	3015.90
797.12	2891.40
797.23	2978.50
797.35	2975.80
797.46	3004.70
797.58	3015.70
797.69	2982.40
797.81	2937.10
797.93	2939.60
798.04	2920.80
798.16	2912.20
798.27	2947.90
798.39	2905.40
798.50	2884.30
798.62	2887.00
798.73	2889.50
798.85	2990.50
798.96	2915.80
799.08	2935.20
799.19	2936.80
799.31	2896.00
799.43	2889.50
799.54	2866.30
799.66	2897.30
799.77	2916.10
799.89	2839.90
800.00	2816.50
800.12	2863.50
800.23	2915.90
800.35	2931.80
800.46	2805.10
800.58	2788.50
800.69	2845.60
800.81	2840.30
800.92	2808.40
801.04	2840.30
801.16	2773.10
801.27	2781.20
801.39	2796.30
801.50	2798.80
801.62	2789.10
801.73	2852.90
801.85	2853.50
801.96	2774.20
802.08	2852.00
802.19	2842.10
802.31	2774.00
802.42	2796.80
802.54	2871.50
802.65	2842.50
802.77	2746.00
802.88	2829.60
803.00	2741.10
803.11	2875.70
803.23	2790.40
803.34	2766.20
803.46	2785.00
803.57	2741.10
803.69	2799.00
803.80	2727.80
803.92	2813.30
804.03	2740.80
804.15	2768.20
804.26	2757.60
804.38	2762.50
804.50	2698.30
804.61	2737.10
804.73	2712.40
804.84	2715.00
804.96	2648.20
805.07	2712.90
805.19	2673.40
805.30	2716.60
805.42	2720.30
805.53	2680.80
805.65	2652.20
805.76	2628.30
805.88	2637.50
805.99	2640.20
806.11	2662.90
806.22	2599.60
806.34	2602.00
806.45	2618.70
806.57	2598.20
806.68	2624.20
806.80	2518.70
806.91	2544.10
807.03	2521.20
807.14	2496.50
807.26	2487.20
807.37	2495.00
807.49	2527.30
807.60	2490.40
807.72	2560.50
807.83	2572.70
807.95	2496.20
808.06	2491.30
808.17	2480.00
808.29	2488.00
808.40	2420.70
808.52	2447.60
808.63	2432.10
808.75	2424.30
808.86	2408.70
808.98	2422.90
809.09	2358.70
809.21	2395.80
809.32	2348.90
809.44	2376.50
809.55	2286.90
809.67	2328.10
809.78	2282.70
809.90	2331.60
810.01	2363.20
810.13	2273.60
810.24	2313.40
810.36	2219.50
810.47	2216.30
810.59	2246.80
810.70	2245.50
810.82	2251.40
810.93	2173.40
811.05	2152.20
811.16	2158.70
811.27	2130.50
811.39	2164.20
811.50	2194.10
811.62	2078.20
811.73	2063.80
811.85	2119.20
811.96	2110.10
812.08	2119.40
812.19	2085.90
812.31	2081.40
812.42	2060.20
812.54	2023.60
812.65	2083.30
812.77	2069.60
812.88	2047.80
813.00	2036.50
813.11	2015.50
813.22	1955.00
813.34	1953.00
813.45	1969.80
813.57	2022.70
813.68	2023.60
813.80	1937.00
813.91	1889.70
814.03	1887.10
814.14	1978.60
814.26	1875.20
814.37	1883.60
814.49	1858.70
814.60	1837.20
814.71	1837.00
814.83	1838.60
814.94	1770.90
815.06	1791.70
815.17	1805.70
815.29	1776.60
815.40	1746.00
815.52	1835.60
815.63	1758.10
815.75	1733.20
815.86	1755.40
815.97	1688.50
816.09	1722.50
816.20	1726.80
816.32	1714.70
816.43	1637.90
816.55	1696.80
816.66	1657.80
816.78	1744.70
816.89	1651.30
817.00	1641.60
817.12	1601.40
817.23	1589.00
817.35	1653.60
817.46	1611.40
817.58	1565.30
817.69	1702.30
817.81	1575.70
817.92	1594.80
818.03	1557.50
818.15	1549.60
818.26	1499.90
818.38	1488.50
818.49	1516.00
818.61	1521.40
818.72	1466.20
818.83	2521.20
818.95	1616.70
819.06	1451.30
819.18	1434.70
819.29	1465.10
819.41	1451.60
819.52	1446.70
819.64	1426.40
819.75	1385.00
819.86	1353.90
819.98	1373.30
820.09	1402.80
820.21	1373.90
820.32	1331.90
820.44	1370.60
820.55	1406.50
820.66	1318.10
820.78	1364.50
820.89	1317.10
821.01	1331.50
821.12	1303.70
821.23	1305.00
821.35	1263.80
821.46	1322.50
821.58	1278.40
821.69	1247.50
821.81	1222.70
821.92	1290.50
822.03	1233.00
822.15	1236.30
822.26	1175.70
822.38	1171.00
822.49	1214.80
822.61	1193.40
822.72	1193.90
822.83	1220.40
822.95	1171.20
823.06	1165.50
823.18	1185.20
823.29	1205.80
823.40	1155.90
823.52	1117.50
823.63	1071.90
823.75	1189.60
823.86	1103.70
823.97	1048.80
824.09	1120.50
824.20	1040.50
824.32	1078.70
824.43	1058.90
824.55	1095.90
824.66	1131.30
824.77	1040.20
824.89	1050.90
825.00	1089.70
825.12	1034.00
825.23	1044.70
825.34	972.30
825.46	969.40
825.57	1026.70
825.69	966.20
825.80	916.00
825.91	946.90
826.03	916.90
826.14	980.60
826.26	920.10
826.37	945.00
826.48	926.50
826.60	938.40
826.71	898.40
826.83	930.50
826.94	926.90
827.05	954.70
827.17	938.20
827.28	895.50
827.39	867.40
827.51	849.80
827.62	875.70
827.74	876.10
827.85	865.80
827.96	846.20
828.08	863.00
828.19	951.50
828.31	853.00
828.42	797.10
828.53	871.80
828.65	891.50
828.76	904.10
828.87	866.30
828.99	803.90
