Wavelength (nm)	Intensity
377.35	815.40
377.48	586.60
377.62	626.00
377.75	613.40
377.88	809.80
378.02	797.40
378.15	796.40
378.28	779.60
378.41	836.40
378.55	813.80
378.68	794.80
378.81	772.20
378.95	806.20
379.08	797.20
379.21	772.80
379.35	818.80
379.48	823.00
379.61	879.40
379.74	821.00
379.88	804.20
380.01	883.40
380.14	932.40
380.28	868.20
380.41	799.00
380.54	840.00
380.68	856.00
380.81	777.20
380.94	859.00
381.07	889.60
381.21	891.80
381.34	819.40
381.47	769.20
381.61	961.00
381.74	835.60
381.87	797.60
382.00	845.60
382.14	912.20
382.27	869.40
382.40	798.80
382.54	891.00
382.67	890.80
382.80	802.80
382.93	805.80
383.07	839.60
383.20	826.00
383.33	862.20
383.47	807.40
383.60	790.40
383.73	968.80
383.86	862.80
384.00	820.00
384.13	814.60
384.26	870.00
384.40	883.60
384.53	831.80
384.66	867.40
384.79	853.40
384.93	820.60
385.06	829.60
385.19	846.20
385.33	952.40
385.46	867.00
385.59	814.80
385.72	853.60
385.86	797.40
385.99	819.60
386.12	832.60
386.25	808.40
386.39	875.20
386.52	893.80
386.65	838.00
386.79	831.20
386.92	816.00
387.05	914.80
387.18	794.40
387.32	805.80
387.45	873.80
387.58	854.60
387.71	826.80
387.85	819.00
387.98	850.60
388.11	865.00
388.25	854.80
388.38	840.40
388.51	872.00
388.64	882.60
388.78	822.00
388.91	803.40
389.04	843.60
389.17	949.20
389.31	845.00
389.44	881.20
389.57	902.60
389.70	875.60
389.84	827.20
389.97	831.00
390.10	830.40
390.24	870.80
390.37	835.40
390.50	837.00
390.63	908.20
390.77	840.80
390.90	856.60
391.03	852.00
391.16	809.20
391.30	829.60
391.43	837.60
391.56	830.80
391.69	817.20
391.83	894.20
391.96	846.80
392.09	840.40
392.22	934.80
392.36	868.00
392.49	827.80
392.62	844.00
392.75	870.20
392.89	901.80
393.02	817.00
393.15	827.40
393.28	807.80
393.42	939.60
393.55	806.60
393.68	840.20
393.81	787.60
393.95	836.00
394.08	838.40
394.21	839.60
394.34	889.80
394.48	885.80
394.61	886.00
394.74	872.00
394.87	900.40
395.01	871.60
395.14	884.20
395.27	834.00
395.40	951.00
395.54	949.80
395.67	862.40
395.80	845.80
395.93	882.60
396.07	839.00
396.20	839.40
396.33	788.60
396.46	832.20
396.59	852.20
396.73	852.00
396.86	831.40
396.99	902.40
397.12	870.00
397.26	870.80
397.39	859.20
397.52	1133.20
397.65	964.40
397.79	863.60
397.92	847.00
398.05	913.20
398.18	848.60
398.32	854.00
398.45	885.40
398.58	872.60
398.71	882.60
398.84	829.80
398.98	862.60
399.11	893.00
399.24	884.00
399.37	851.60
399.51	836.00
399.64	866.80
399.77	868.80
399.90	868.40
400.03	858.60
400.17	822.20
400.30	922.20
400.43	900.00
400.56	869.80
400.70	866.80
400.83	848.20
400.96	835.20
401.09	883.80
401.23	875.00
401.36	926.80
401.49	851.40
401.62	874.80
401.75	862.20
401.89	845.60
402.02	858.00
402.15	868.00
402.28	890.40
402.41	881.60
402.55	854.00
402.68	870.00
402.81	943.20
402.94	917.40
403.08	858.80
403.21	836.60
403.34	908.20
403.47	906.80
403.60	862.80
403.74	899.00
403.87	903.80
404.00	850.20
404.13	855.40
404.26	830.80
404.40	841.80
404.53	883.40
404.66	866.40
404.79	844.00
404.93	911.20
405.06	863.40
405.19	827.00
405.32	891.60
405.45	895.00
405.59	912.60
405.72	882.00
405.85	850.20
405.98	1043.40
406.11	851.00
406.25	860.80
406.38	875.80
406.51	904.20
406.64	884.20
406.77	841.60
406.91	841.80
407.04	905.00
407.17	871.60
407.30	904.80
407.43	880.20
407.57	954.20
407.70	928.00
407.83	858.60
407.96	887.60
408.09	853.60
408.23	974.40
408.36	887.60
408.49	881.20
408.62	996.60
408.75	904.40
408.89	867.80
409.02	909.60
409.15	897.00
409.28	967.80
409.41	916.00
409.55	873.20
409.68	1011.20
409.81	913.80
409.94	865.80
410.07	902.00
410.20	899.80
410.34	886.60
410.47	898.40
410.60	908.80
410.73	933.00
410.86	869.40
411.00	897.80
411.13	868.80
411.26	901.20
411.39	899.60
411.52	914.60
411.66	892.00
411.79	883.20
411.92	870.40
412.05	889.80
412.18	884.00
412.31	922.00
412.45	932.40
412.58	940.40
412.71	867.80
412.84	925.80
412.97	975.40
413.11	901.20
413.24	912.20
413.37	944.20
413.50	999.60
413.63	915.60
413.76	889.40
413.90	945.80
414.03	898.80
414.16	897.60
414.29	927.40
414.42	915.80
414.56	1015.00
414.69	891.60
414.82	911.20
414.95	914.40
415.08	932.80
415.21	916.40
415.35	930.60
415.48	840.40
415.61	952.00
415.74	962.40
415.87	876.60
416.00	924.40
416.14	1020.20
416.27	920.40
416.40	892.40
416.53	910.20
416.66	941.40
416.79	924.40
416.93	889.40
417.06	979.40
417.19	926.60
417.32	905.00
417.45	900.80
417.58	874.80
417.72	963.20
417.85	900.20
417.98	916.60
418.11	947.40
418.24	910.00
418.37	909.40
418.51	921.60
418.64	925.60
418.77	997.00
418.90	936.40
419.03	889.00
419.16	942.20
419.29	965.20
419.43	905.40
419.56	889.80
419.69	1029.20
419.82	971.20
419.95	918.80
420.08	966.60
420.22	1000.80
420.35	1051.00
420.48	968.60
420.61	925.80
420.74	881.40
420.87	963.20
421.00	892.80
421.14	922.00
421.27	969.80
421.40	1008.20
421.53	954.40
421.66	934.00
421.79	920.40
421.93	933.20
422.06	934.00
422.19	905.80
422.32	975.00
422.45	975.40
422.58	946.00
422.71	924.20
422.85	982.00
422.98	972.80
423.11	890.00
423.24	890.00
423.37	898.60
423.50	913.20
423.63	936.60
423.77	917.80
423.90	913.00
424.03	963.00
424.16	973.00
424.29	933.20
424.42	889.80
424.55	913.40
424.69	909.80
424.82	946.40
424.95	959.20
425.08	916.20
425.21	972.40
425.34	937.00
425.47	948.00
425.60	956.20
425.74	899.00
425.87	930.00
426.00	943.80
426.13	961.80
426.26	917.60
426.39	927.60
426.52	941.40
426.66	1014.60
426.79	980.60
426.92	926.80
427.05	1049.60
427.18	1031.80
427.31	939.80
427.44	946.20
427.57	925.60
427.71	963.00
427.84	923.00
427.97	954.80
428.10	1020.60
428.23	970.00
428.36	937.60
428.49	879.60
428.62	1101.80
428.76	1065.80
428.89	979.00
429.02	921.60
429.15	951.00
429.28	1049.80
429.41	953.40
429.54	967.00
429.67	944.60
429.81	995.20
429.94	966.80
430.07	951.80
430.20	1015.40
430.33	1031.80
430.46	933.20
430.59	932.00
430.72	977.60
430.85	929.60
430.99	968.40
431.12	936.80
431.25	1029.20
431.38	1045.40
431.51	977.40
431.64	977.60
431.77	1049.00
431.90	1045.60
432.03	986.40
432.17	952.00
432.30	992.80
432.43	1004.60
432.56	977.20
432.69	995.60
432.82	999.40
432.95	1031.40
433.08	981.60
433.21	990.20
433.35	973.20
433.48	988.00
433.61	945.80
433.74	974.20
433.87	946.40
434.00	1008.60
434.13	963.00
434.26	1012.20
434.39	1008.80
434.53	1019.80
434.66	983.20
434.79	978.60
434.92	976.80
435.05	1057.40
435.18	975.80
435.31	1008.40
435.44	1050.80
435.57	1005.00
435.70	988.80
435.84	962.40
435.97	1058.80
436.10	1092.00
436.23	985.00
436.36	972.00
436.49	978.40
436.62	1018.00
436.75	993.00
436.88	1023.40
437.01	970.40
437.14	975.40
437.28	946.80
437.41	979.40
437.54	1049.80
437.67	1040.20
437.80	983.20
437.93	957.60
438.06	1123.00
438.19	1053.00
438.32	981.80
438.45	992.00
438.58	1032.20
438.72	1084.00
438.85	1048.80
438.98	1001.20
439.11	1038.40
439.24	1083.80
439.37	1082.80
439.50	1045.20
439.63	1079.60
439.76	1000.00
439.89	997.00
440.02	1007.60
440.15	1044.20
440.29	1081.80
440.42	1022.20
440.55	1023.80
440.68	1099.20
440.81	1144.40
440.94	1038.40
441.07	1025.40
441.20	1129.20
441.33	1042.40
441.46	1011.80
441.59	1006.60
441.72	1027.40
441.85	1039.40
441.99	1070.00
442.12	1064.80
442.25	1116.40
442.38	1067.60
442.51	1054.20
442.64	997.80
442.77	1044.40
442.90	1022.20
443.03	993.80
443.16	1019.20
443.29	1052.20
443.42	1120.20
443.55	1028.00
443.68	1050.40
443.82	1005.60
443.95	1032.00
444.08	1036.80
444.21	1052.00
444.34	1028.40
444.47	1049.40
444.60	1050.20
444.73	1064.40
444.86	1056.40
444.99	1110.00
445.12	1078.20
445.25	1068.20
445.38	1076.80
445.51	1101.20
445.64	1068.60
445.78	1042.00
445.91	1004.80
446.04	1172.60
446.17	1117.00
446.30	1018.20
446.43	1082.80
446.56	1070.80
446.69	1038.00
446.82	1044.80
446.95	1114.00
447.08	1121.80
447.21	1083.40
447.34	1063.80
447.47	1116.40
447.60	1116.00
447.73	1082.60
447.86	1108.00
447.99	1082.00
448.13	1095.20
448.26	1118.20
448.39	1076.00
448.52	1119.80
448.65	1126.20
448.78	1084.40
448.91	1085.60
449.04	1105.00
449.17	1075.20
449.30	1113.20
449.43	1110.20
449.56	1108.60
449.69	1154.80
449.82	1099.80
449.95	1049.60
450.08	1159.00
450.21	1136.00
450.34	1113.60
450.47	1089.20
450.60	1140.20
450.73	1110.60
450.87	1086.00
451.00	1121.00
451.13	1139.40
451.26	1263.60
451.39	1098.80
451.52	1131.00
451.65	1105.00
451.78	1096.60
451.91	1099.80
452.04	1087.20
452.17	1196.00
452.30	1194.20
452.43	1107.20
452.56	1109.20
452.69	1177.00
452.82	1099.20
452.95	1164.60
453.08	1096.80
453.21	1061.80
453.34	1167.60
453.47	1117.60
453.60	1181.00
453.73	1235.20
453.86	1173.00
453.99	1156.40
454.12	1158.60
454.25	1142.40
454.38	1155.60
454.52	1117.20
454.65	1141.20
454.78	1120.40
454.91	1104.40
455.04	1134.00
455.17	1116.60
455.30	1138.20
455.43	1208.60
455.56	1145.60
455.69	1119.60
455.82	1183.00
455.95	1164.00
456.08	1117.00
456.21	1126.20
456.34	1127.40
456.47	1108.60
456.60	1152.60
456.73	1138.40
456.86	1154.80
456.99	1198.60
457.12	1147.60
457.25	1165.00
457.38	1239.40
457.51	1216.80
457.64	1189.80
457.77	1161.40
457.90	1177.60
458.03	1171.20
458.16	1187.40
458.29	1184.20
458.42	1183.80
458.55	1141.40
458.68	1162.00
458.81	1183.60
458.94	1257.40
459.07	1310.20
459.20	1165.20
459.33	1181.60
459.46	1257.80
459.59	1310.00
459.72	1270.40
459.85	1204.00
459.98	1283.40
460.11	1258.20
460.24	1227.00
460.37	1174.80
460.50	1266.00
460.63	1227.40
460.76	1220.00
460.89	1230.80
461.02	1258.40
461.15	1268.40
461.28	1227.20
461.41	1240.20
461.54	1313.40
461.67	1210.60
461.80	1248.00
461.93	1278.20
462.06	1275.00
462.19	1303.40
462.32	1224.00
462.45	1234.80
462.58	1283.00
462.71	1243.40
462.84	1257.80
462.97	1205.80
463.10	1267.40
463.23	1286.00
463.36	1291.60
463.49	1284.40
463.62	1227.20
463.75	1289.60
463.88	1266.60
464.01	1295.40
464.14	1240.80
464.27	1380.40
464.40	1287.60
464.53	1291.80
464.66	1329.40
464.79	1327.20
464.92	1312.20
465.05	1278.20
465.18	1310.20
465.31	1315.80
465.44	1303.80
465.57	1292.60
465.70	1295.00
465.83	1425.40
465.96	1353.60
466.09	1315.40
466.22	1381.00
466.35	1362.60
466.48	1307.20
466.61	1324.20
466.74	1340.60
466.87	1392.60
467.00	1382.80
467.13	1369.20
467.26	1391.20
467.39	1320.20
467.52	1325.20
467.65	1360.40
467.78	1419.20
467.91	1370.80
468.04	1387.00
468.17	1349.40
468.30	1357.40
468.43	1344.40
468.56	1369.00
468.69	1412.60
468.82	1422.00
468.95	1363.20
469.08	1385.20
469.21	1398.60
469.34	1439.20
469.47	1513.40
469.60	1504.00
469.73	1432.00
469.86	1445.20
469.99	1469.80
470.11	1405.80
470.24	1442.80
470.37	1479.60
470.50	1453.20
470.63	1427.80
470.76	1454.60
470.89	1506.20
471.02	1568.40
471.15	1461.60
471.28	1463.20
471.41	1565.80
471.54	1515.40
471.67	1474.40
471.80	1436.60
471.93	1535.00
472.06	1512.60
472.19	1483.00
472.32	1462.60
472.45	1619.60
472.58	1586.00
472.71	1532.60
472.84	1507.40
472.97	1508.40
473.10	1495.80
473.23	1580.00
473.36	1495.00
473.49	1613.80
473.62	1593.00
473.74	1583.60
473.87	1600.40
474.00	1548.40
474.13	1555.20
474.26	1602.40
474.39	1619.60
474.52	1599.40
474.65	1588.80
474.78	1613.20
474.91	1573.40
475.04	1628.20
475.17	1729.20
475.30	1654.40
475.43	1650.80
475.56	1680.60
475.69	1641.00
475.82	1683.20
475.95	1627.00
476.08	1732.80
476.21	1675.20
476.34	1706.00
476.46	1698.20
476.59	1748.20
476.72	1686.60
476.85	1681.00
476.98	1672.40
477.11	1763.60
477.24	1713.60
477.37	1668.20
477.50	1704.80
477.63	1728.00
477.76	1704.60
477.89	1677.40
478.02	1691.20
478.15	1747.80
478.28	1756.60
478.41	1785.00
478.54	1739.60
478.66	1810.60
478.79	1775.80
478.92	1782.80
479.05	1790.40
479.18	1796.20
479.31	1771.60
479.44	1795.20
479.57	1782.40
479.70	1807.60
479.83	1835.60
479.96	1803.80
480.09	1858.80
480.22	1992.60
480.35	1962.60
480.48	1897.40
480.60	1885.00
480.73	1853.20
480.86	1898.60
480.99	1880.20
481.12	1880.80
481.25	1910.60
481.38	1958.80
481.51	1896.20
481.64	1920.80
481.77	1948.40
481.90	1927.60
482.03	1922.20
482.16	1920.00
482.29	2008.20
482.41	1948.60
482.54	1987.80
482.67	1948.00
482.80	1961.60
482.93	2032.00
483.06	1962.00
483.19	2030.20
483.32	2019.60
483.45	2003.40
483.58	2013.60
483.71	2031.60
483.84	2067.60
483.97	2049.80
484.09	2033.20
484.22	2024.20
484.35	2020.40
484.48	2011.60
484.61	2038.20
484.74	2035.40
484.87	2070.40
485.00	2041.00
485.13	2077.60
485.26	2052.40
485.39	2117.20
485.52	2098.40
485.64	2184.40
485.77	2138.00
485.90	2177.80
486.03	2091.60
486.16	2146.60
486.29	2106.80
486.42	2145.00
486.55	2163.40
486.68	2147.40
486.81	2188.40
486.94	2171.80
487.06	2160.00
487.19	2213.60
487.32	2208.20
487.45	2182.20
487.58	2161.80
487.71	2199.40
487.84	2167.20
487.97	2234.60
488.10	2257.40
488.23	2208.40
488.35	2165.60
488.48	2228.00
488.61	2204.20
488.74	2242.40
488.87	2241.40
489.00	2271.00
489.13	2347.80
489.26	2298.60
489.39	2303.60
489.52	2313.60
489.64	2305.20
489.77	2316.40
489.90	2301.40
490.03	2298.60
490.16	2277.80
490.29	2311.20
490.42	2307.80
490.55	2340.80
490.68	2303.20
490.81	2335.00
490.93	2309.60
491.06	2420.00
491.19	2385.60
491.32	2356.20
491.45	2406.80
491.58	2325.00
491.71	2395.40
491.84	2363.00
491.97	2362.40
492.09	2456.80
492.22	2422.60
492.35	2408.40
492.48	2432.60
492.61	2427.00
492.74	2417.80
492.87	2445.40
493.00	2431.20
493.12	2402.20
493.25	2461.80
493.38	2453.80
493.51	2429.60
493.64	2423.20
493.77	2475.20
493.90	2491.40
494.03	2508.20
494.16	2551.60
494.28	2538.40
494.41	2496.20
494.54	2509.60
494.67	2623.80
494.80	2581.60
494.93	2521.40
495.06	2553.00
495.19	2566.00
495.31	2542.20
495.44	2523.80
495.57	2513.80
495.70	2575.00
495.83	2548.80
495.96	2524.00
496.09	2578.20
496.22	2626.80
496.34	2675.20
496.47	2572.00
496.60	2605.20
496.73	2637.00
496.86	2630.20
496.99	2582.00
497.12	2622.60
497.24	2573.60
497.37	2624.20
497.50	2620.20
497.63	2603.20
497.76	2641.40
497.89	2697.80
498.02	2677.00
498.15	2594.20
498.27	2678.80
498.40	2706.80
498.53	2737.60
498.66	2706.20
498.79	2720.00
498.92	2669.20
499.05	2730.80
499.17	2703.80
499.30	2744.40
499.43	2799.20
499.56	2743.80
499.69	2687.40
499.82	2757.60
499.95	2717.20
500.07	2716.80
500.20	2757.80
500.33	2788.20
500.46	2887.60
500.59	2785.20
500.72	2783.00
500.85	2838.60
500.97	2828.80
501.10	2826.20
501.23	2771.80
501.36	2797.00
501.49	2853.00
501.62	2837.60
501.75	2807.00
501.87	2863.80
502.00	2784.00
502.13	2845.80
502.26	2827.40
502.39	2805.20
502.52	2827.40
502.64	2788.40
502.77	2836.20
502.90	2903.60
503.03	2878.40
503.16	2847.60
503.29	2854.80
503.42	2957.80
503.54	2894.00
503.67	2906.00
503.80	2905.80
503.93	2962.00
504.06	2849.60
504.19	2904.20
504.31	2975.20
504.44	2947.60
504.57	2967.20
504.70	2944.20
504.83	2905.40
504.96	2991.00
505.08	2951.80
505.21	2954.80
505.34	3070.40
505.47	3033.20
505.60	3021.80
505.73	3051.20
505.85	3030.60
505.98	3124.00
506.11	2997.40
506.24	2971.40
506.37	3002.00
506.50	3030.80
506.62	3062.40
506.75	3016.80
506.88	3014.40
507.01	3057.40
507.14	3013.80
507.27	3035.80
507.39	3013.20
507.52	3049.40
507.65	3022.80
507.78	3084.20
507.91	3067.20
508.04	3148.00
508.16	3155.80
508.29	3108.80
508.42	3088.60
508.55	3070.60
508.68	3079.20
508.81	3168.20
508.93	3114.80
509.06	3112.20
509.19	3166.00
509.32	3181.60
509.45	3143.80
509.57	3179.40
509.70	3138.00
509.83	3139.00
509.96	3134.60
510.09	3163.80
510.22	3144.60
510.34	3191.80
510.47	3170.60
510.60	3277.40
510.73	3210.60
510.86	3224.20
510.98	3183.20
511.11	3187.80
511.24	3281.80
511.37	3269.80
511.50	3231.60
511.63	3255.80
511.75	3251.40
511.88	3247.00
512.01	3271.20
512.14	3252.40
512.27	3284.40
512.39	3274.00
512.52	3271.40
512.65	3287.80
512.78	3243.60
512.91	3290.80
513.03	3302.60
513.16	3353.00
513.29	3325.40
513.42	3309.60
513.55	3278.20
513.67	3349.80
513.80	3296.80
513.93	3339.20
514.06	3333.80
514.19	3358.80
514.31	3360.60
514.44	3400.80
514.57	3366.80
514.70	3385.00
514.83	3407.20
514.95	3358.20
515.08	3360.20
515.21	3424.80
515.34	3408.40
515.47	3402.20
515.59	3376.20
515.72	3430.40
515.85	3442.80
515.98	3477.40
516.11	3433.00
516.23	3486.60
516.36	3492.40
516.49	3465.40
516.62	3457.00
516.75	3508.00
516.87	3526.80
517.00	3434.20
517.13	3497.20
517.26	3544.40
517.39	3509.00
517.51	3416.60
517.64	3489.40
517.77	3564.20
517.90	3491.00
518.02	3508.60
518.15	3489.80
518.28	3420.20
518.41	3522.60
518.54	3525.80
518.66	3537.00
518.79	3502.20
518.92	3501.20
519.05	3536.00
519.18	3525.80
519.30	3582.60
519.43	3528.00
519.56	3550.40
519.69	3570.80
519.81	3591.00
519.94	3577.60
520.07	3525.00
520.20	3563.00
520.33	3601.40
520.45	3665.80
520.58	3631.20
520.71	3646.40
520.84	3653.00
520.96	3637.40
521.09	3626.40
521.22	3617.80
521.35	3673.00
521.48	3673.00
521.60	3619.60
521.73	3647.20
521.86	3688.00
521.99	3737.60
522.11	3678.80
522.24	3688.00
522.37	3691.60
522.50	3694.80
522.62	3733.60
522.75	3626.20
522.88	3710.80
523.01	3692.40
523.14	3712.60
523.26	3702.80
523.39	3780.40
523.52	3697.40
523.65	3822.20
523.77	3734.40
523.90	3735.60
524.03	3709.00
524.16	3716.60
524.28	3712.80
524.41	3738.00
524.54	3762.20
524.67	3706.20
524.79	3760.20
524.92	3812.20
525.05	3828.00
525.18	3750.00
525.31	3796.60
525.43	3735.20
525.56	3879.80
525.69	3776.60
525.82	3742.40
525.94	3844.60
526.07	3850.00
526.20	3850.20
526.33	3843.40
526.45	3939.60
526.58	3916.60
526.71	3834.80
526.84	3814.80
526.96	3851.00
527.09	3824.40
527.22	3826.80
527.35	3833.60
527.47	3824.20
527.60	3936.40
527.73	3838.20
527.86	3901.00
527.98	3885.00
528.11	3901.20
528.24	3850.80
528.37	3877.60
528.49	3853.20
528.62	3898.80
528.75	3934.20
528.88	3869.40
529.00	3920.00
529.13	3946.00
529.26	3920.40
529.39	3940.00
529.51	4039.40
529.64	3998.60
529.77	3921.40
529.90	3922.00
530.02	3942.20
530.15	3920.60
530.28	3873.80
530.40	3940.40
530.53	3967.80
530.66	3985.00
530.79	3948.00
530.91	3967.00
531.04	3947.40
531.17	3995.80
531.30	3992.60
531.42	3984.00
531.55	3998.40
531.68	4068.80
531.81	3972.60
531.93	3990.80
532.06	4031.80
532.19	3980.60
532.31	4023.00
532.44	3996.60
532.57	4054.40
532.70	4012.40
532.82	4037.60
532.95	4049.40
533.08	4103.40
533.21	4109.00
533.33	4024.40
533.46	4025.80
533.59	4056.60
533.71	4169.00
533.84	4086.00
533.97	4044.20
534.10	4045.20
534.22	4062.20
534.35	4078.40
534.48	4099.80
534.61	4152.60
534.73	4058.80
534.86	4062.80
534.99	4136.00
535.11	4173.40
535.24	4133.40
535.37	4087.00
535.50	4084.40
535.62	4110.80
535.75	4194.60
535.88	4139.40
536.00	4131.60
536.13	4134.40
536.26	4156.80
536.39	4153.40
536.51	4128.20
536.64	4215.00
536.77	4152.00
536.89	4168.40
537.02	4162.80
537.15	4196.40
537.28	4172.60
537.40	4204.60
537.53	4183.60
537.66	4261.20
537.78	4213.80
537.91	4178.60
538.04	4186.20
538.17	4258.60
538.29	4243.00
538.42	4295.60
538.55	4293.80
538.67	4274.00
538.80	4216.20
538.93	4282.40
539.05	4283.00
539.18	4303.40
539.31	4294.60
539.44	4285.40
539.56	4206.20
539.69	4254.60
539.82	4249.20
539.94	4239.60
540.07	4279.00
540.20	4372.80
540.32	4253.20
540.45	4309.40
540.58	4288.80
540.71	4335.40
540.83	4258.20
540.96	4300.20
541.09	4324.40
541.21	4396.00
541.34	4387.60
541.47	4291.60
541.59	4339.20
541.72	4443.20
541.85	4493.00
541.98	4389.40
542.10	4365.00
542.23	4373.00
542.36	4470.00
542.48	4375.40
542.61	4359.40
542.74	4341.00
542.86	4368.40
542.99	4365.80
543.12	4386.80
543.24	4406.00
543.37	4351.40
543.50	4389.60
543.62	4388.00
543.75	4394.40
543.88	4404.80
544.01	4432.80
544.13	4462.20
544.26	4456.80
544.39	4426.60
544.51	4444.40
544.64	4439.20
544.77	4457.60
544.89	4421.20
545.02	4470.20
545.15	4438.00
545.27	4545.40
545.40	4553.60
545.53	4516.60
545.65	4517.60
545.78	4416.00
545.91	4433.00
546.03	4483.20
546.16	4527.20
546.29	4495.80
546.41	4486.20
546.54	4480.60
546.67	4449.40
546.79	4562.60
546.92	4612.60
547.05	4473.80
547.17	4517.80
547.30	4514.80
547.43	4562.40
547.56	4506.60
547.68	4539.20
547.81	4505.40
547.94	4544.40
548.06	4534.60
548.19	4521.60
548.32	4622.40
548.44	4561.40
548.57	4576.80
548.70	4608.00
548.82	4605.80
548.95	4559.80
549.08	4580.20
549.20	4574.20
549.33	4678.20
549.45	4587.60
549.58	4587.80
549.71	4541.40
549.83	4657.20
549.96	4550.80
550.09	4610.40
550.21	4594.60
550.34	4639.40
550.47	4591.40
550.59	4637.80
550.72	4577.00
550.85	4648.80
550.97	4714.40
551.10	4617.20
551.23	4633.80
551.35	4714.00
551.48	4666.80
551.61	4648.80
551.73	4661.40
551.86	4749.00
551.99	4716.40
552.11	4696.20
552.24	4728.40
552.37	4717.00
552.49	4681.80
552.62	4717.40
552.75	4727.00
552.87	4699.00
553.00	4704.40
553.12	4721.80
553.25	4714.00
553.38	4767.20
553.50	4799.60
553.63	4751.20
553.76	4698.00
553.88	4754.20
554.01	4738.60
554.14	4749.00
554.26	4803.80
554.39	4839.00
554.52	4753.80
554.64	4789.40
554.77	4789.60
554.89	4823.00
555.02	4861.80
555.15	4802.60
555.27	4804.20
555.40	4795.20
555.53	4877.40
555.65	4790.80
555.78	4795.20
555.91	4858.20
556.03	4883.80
556.16	4816.20
556.29	4825.20
556.41	4911.40
556.54	4929.80
556.66	4859.80
556.79	4837.60
556.92	4850.60
557.04	4898.60
557.17	4882.40
557.30	4874.20
557.42	4884.20
557.55	4887.80
557.67	4921.60
557.80	4902.20
557.93	4946.40
558.05	4945.60
558.18	4896.60
558.31	4929.20
558.43	4985.80
558.56	4966.80
558.68	4930.00
558.81	4915.60
558.94	4958.00
559.06	5049.40
559.19	4930.60
559.32	4957.40
559.44	4908.20
559.57	4946.60
559.69	4967.40
559.82	4948.00
559.95	4957.60
560.07	4990.00
560.20	4956.20
560.33	5019.20
560.45	5023.40
560.58	4969.80
560.70	5026.80
560.83	5001.80
560.96	5014.80
561.08	5021.60
561.21	5026.80
561.33	5027.00
561.46	4978.80
561.59	5086.60
561.71	5040.60
561.84	5049.00
561.97	5043.40
562.09	5103.00
562.22	5033.60
562.34	5059.20
562.47	5109.00
562.60	5128.60
562.72	5066.40
562.85	5113.60
562.97	5110.00
563.10	5072.40
563.23	5071.60
563.35	5081.00
563.48	5124.60
563.60	5140.60
563.73	5129.40
563.86	5083.20
563.98	5089.20
564.11	5132.40
564.23	5154.20
564.36	5213.00
564.49	5165.60
564.61	5208.20
564.74	5182.20
564.86	5167.00
564.99	5206.20
565.12	5200.20
565.24	5241.20
565.37	5209.60
565.49	5232.60
565.62	5248.40
565.75	5256.20
565.87	5152.20
566.00	5339.80
566.12	5249.20
566.25	5203.20
566.38	5251.00
566.50	5205.40
566.63	5248.20
566.75	5249.40
566.88	5190.60
567.01	5179.40
567.13	5199.40
567.26	5238.20
567.38	5206.80
567.51	5285.40
567.64	5241.60
567.76	5284.20
567.89	5256.80
568.01	5240.20
568.14	5213.80
568.26	5270.00
568.39	5254.80
568.52	5254.60
568.64	5314.60
568.77	5287.40
568.89	5255.80
569.02	5271.40
569.15	5268.00
569.27	5279.20
569.40	5297.60
569.52	5327.80
569.65	5248.00
569.77	5290.80
569.90	5279.60
570.03	5251.60
570.15	5356.20
570.28	5302.40
570.40	5314.00
570.53	5316.60
570.66	5382.20
570.78	5380.20
570.91	5319.00
571.03	5282.60
571.16	5335.80
571.28	5280.20
571.41	5282.60
571.54	5303.00
571.66	5236.40
571.79	5301.60
571.91	5275.00
572.04	5285.20
572.16	5335.00
572.29	5374.60
572.42	5312.20
572.54	5350.60
572.67	5297.20
572.79	5381.60
572.92	5334.60
573.04	5369.60
573.17	5392.60
573.29	5339.60
573.42	5337.80
573.55	5413.20
573.67	5375.60
573.80	5352.20
573.92	5331.80
574.05	5344.00
574.17	5406.20
574.30	5368.60
574.43	5352.40
574.55	5347.80
574.68	5371.00
574.80	5335.60
574.93	5359.80
575.05	5342.20
575.18	5361.60
575.30	5354.40
575.43	5376.60
575.56	5448.20
575.68	5385.40
575.81	5380.20
575.93	5330.60
576.06	5395.00
576.18	5440.00
576.31	5395.80
576.43	5386.80
576.56	5483.40
576.69	5447.00
576.81	5418.80
576.94	5377.00
577.06	5380.00
577.19	5432.40
577.31	5421.00
577.44	5415.20
577.56	5453.80
577.69	5393.00
577.82	5446.80
577.94	5383.80
578.07	5342.60
578.19	5433.40
578.32	5406.20
578.44	5386.40
578.57	5392.40
578.69	5431.80
578.82	5421.80
578.94	5451.40
579.07	5478.40
579.19	5465.20
579.32	5435.20
579.45	5428.00
579.57	5429.00
579.70	5402.20
579.82	5449.00
579.95	5431.00
580.07	5490.60
580.20	5415.60
580.32	5471.80
580.45	5463.40
580.57	5464.40
580.70	5465.80
580.82	5474.60
580.95	5490.20
581.08	5399.00
581.20	5489.60
581.33	5443.40
581.45	5478.20
581.58	5450.80
581.70	5480.40
581.83	5382.80
581.95	5454.00
582.08	5490.40
582.20	5450.80
582.33	5452.00
582.45	5426.80
582.58	5446.60
582.70	5453.80
582.83	5446.40
582.95	5460.00
583.08	5509.40
583.21	5512.40
583.33	5479.20
583.46	5462.60
583.58	5431.00
583.71	5481.60
583.83	5478.80
583.96	5496.00
584.08	5543.60
584.21	5511.40
584.33	5490.40
584.46	5444.40
584.58	5436.40
584.71	5523.00
584.83	5537.80
584.96	5512.60
585.08	5476.80
585.21	5539.80
585.33	5542.00
585.46	5520.40
585.58	5478.20
585.71	5469.60
585.83	5464.80
585.96	5541.00
586.08	5523.00
586.21	5520.20
586.33	5539.00
586.46	5459.80
586.59	5557.60
586.71	5457.40
586.84	5548.60
586.96	5518.60
587.09	5445.60
587.21	5466.80
587.34	5547.80
587.46	5527.00
587.59	5443.00
587.71	5507.00
587.84	5475.20
587.96	5472.40
588.09	5485.40
588.21	5545.20
588.34	5509.40
588.46	5524.40
588.59	5521.60
588.71	5533.40
588.84	5488.20
588.96	5507.20
589.09	5582.80
589.21	5557.00
589.34	5497.20
589.46	5522.40
589.59	5530.60
589.71	5544.00
589.84	5485.20
589.96	5480.80
590.09	5520.40
590.21	5540.60
590.34	5541.00
590.46	5505.60
590.59	5487.40
590.71	5544.20
590.84	5560.80
590.96	5513.80
591.09	5543.40
591.21	5513.60
591.34	5545.00
591.46	5515.80
591.59	5588.60
591.71	5568.20
591.83	5552.60
591.96	5503.80
592.08	5562.40
592.21	5580.40
592.33	5538.60
592.46	5530.40
592.58	5548.40
592.71	5596.80
592.83	5612.40
592.96	5549.20
593.08	5559.60
593.21	5508.20
593.33	5512.80
593.46	5544.60
593.58	5504.60
593.71	5586.40
593.83	5587.20
593.96	5525.80
594.08	5655.40
594.21	5587.80
594.33	5558.60
594.46	5512.60
594.58	5494.40
594.71	5500.80
594.83	5538.00
594.96	5530.20
595.08	5684.40
595.20	5587.40
595.33	5597.80
595.45	5576.00
595.58	5663.00
595.70	5602.80
595.83	5541.40
595.95	5591.80
596.08	5590.80
596.20	5515.40
596.33	5524.20
596.45	5539.60
596.58	5514.60
596.70	5552.00
596.83	5556.80
596.95	5537.40
597.08	5571.20
597.20	5538.40
597.32	5588.80
597.45	5595.20
597.57	5590.80
597.70	5592.00
597.82	5564.40
597.95	5612.80
598.07	5594.00
598.20	5613.20
598.32	5577.80
598.45	5568.20
598.57	5618.00
598.70	5638.60
598.82	5606.60
598.94	5584.60
599.07	5638.00
599.19	5566.60
599.32	5559.20
599.44	5495.40
599.57	5636.60
599.69	5584.80
599.82	5586.80
599.94	5551.00
600.07	5632.00
600.19	5619.80
600.31	5561.80
600.44	5624.60
600.56	5705.60
600.69	5673.00
600.81	5596.00
600.94	5571.40
601.06	5605.00
601.19	5601.80
601.31	5623.00
601.44	5519.80
601.56	5643.80
601.68	5615.00
601.81	5617.40
601.93	5586.40
602.06	5651.20
602.18	5575.80
602.31	5560.80
602.43	5652.00
602.56	5657.60
602.68	5614.00
602.80	5583.40
602.93	5597.20
603.05	5568.80
603.18	5605.40
603.30	5558.20
603.43	5592.80
603.55	5591.80
603.68	5654.00
603.80	5620.60
603.92	5618.80
604.05	5623.20
604.17	5602.40
604.30	5579.00
604.42	5594.60
604.55	5621.80
604.67	5634.80
604.79	5597.80
604.92	5603.00
605.04	5581.20
605.17	5606.60
605.29	5646.00
605.42	5616.40
605.54	5706.80
605.66	5602.60
605.79	5630.80
605.91	5613.20
606.04	5636.60
606.16	5595.40
606.29	5613.80
606.41	5607.00
606.53	5629.60
606.66	5591.00
606.78	5634.60
606.91	5579.80
607.03	5601.00
607.16	5623.20
607.28	5608.40
607.40	5638.20
607.53	5607.00
607.65	5586.40
607.78	5613.00
607.90	5604.60
608.03	5709.80
608.15	5649.40
608.27	5653.20
608.40	5581.00
608.52	5652.20
608.65	5634.00
608.77	5689.20
608.89	5634.00
609.02	5726.20
609.14	5735.80
609.27	5668.60
609.39	5681.80
609.52	5604.60
609.64	5560.40
609.76	5624.60
609.89	5615.20
610.01	5676.80
610.14	5668.00
610.26	5610.40
610.38	5614.20
610.51	5682.20
610.63	5643.00
610.76	5617.60
610.88	5633.60
611.01	5678.80
611.13	5765.40
611.25	5688.00
611.38	5614.20
611.50	5633.80
611.63	5649.20
611.75	5674.80
611.87	5677.00
612.00	5640.60
612.12	5690.20
612.25	5659.20
612.37	5618.40
612.49	5721.40
612.62	5691.20
612.74	5720.20
612.87	5648.80
612.99	5639.20
613.11	5584.80
613.24	5625.40
613.36	5623.00
613.49	5638.80
613.61	5653.80
613.73	5644.80
613.86	5664.20
613.98	5615.60
614.11	5691.00
614.23	5724.40
614.35	5707.00
614.48	5704.60
614.60	5674.20
614.72	5607.80
614.85	5655.80
614.97	5632.20
615.10	5659.00
615.22	5639.20
615.34	5654.60
615.47	5688.00
615.59	5606.00
615.72	5653.60
615.84	5657.40
615.96	5644.20
616.09	5737.00
616.21	5659.20
616.34	5631.20
616.46	5645.80
616.58	5670.00
616.71	5674.20
616.83	5674.40
616.95	5685.20
617.08	5673.80
617.20	5612.00
617.33	5608.60
617.45	5629.20
617.57	5657.20
617.70	5620.80
617.82	5621.80
617.95	5644.40
618.07	5683.20
618.19	5661.80
618.32	5652.60
618.44	5631.40
618.56	5586.40
618.69	5594.80
618.81	5579.20
618.94	5673.40
619.06	5610.60
619.18	5630.00
619.31	5593.60
619.43	5597.00
619.55	5643.40
619.68	5664.00
619.80	5610.80
619.92	5677.20
620.05	5762.40
620.17	5717.80
620.30	5628.20
620.42	5622.40
620.54	5652.00
620.67	5646.20
620.79	5651.40
620.91	5656.80
621.04	5685.00
621.16	5630.40
621.29	5641.00
621.41	5576.40
621.53	5609.40
621.66	5622.20
621.78	5621.80
621.90	5699.60
622.03	5712.80
622.15	5638.60
622.27	5661.20
622.40	5649.80
622.52	5580.60
622.64	5599.80
622.77	5548.00
622.89	5640.20
623.02	5652.00
623.14	5643.20
623.26	5663.80
623.39	5659.40
623.51	5687.00
623.63	5603.60
623.76	5591.80
623.88	5677.60
624.00	5636.60
624.13	5585.80
624.25	5602.40
624.37	5585.40
624.50	5631.80
624.62	5658.20
624.75	5567.40
624.87	5586.00
624.99	5625.60
625.12	5620.20
625.24	5621.60
625.36	5715.00
625.49	5652.60
625.61	5614.20
625.73	5610.20
625.86	5639.60
625.98	5591.00
626.10	5598.40
626.23	5541.60
626.35	5643.00
626.47	5568.00
626.60	5567.20
626.72	5557.00
626.84	5613.80
626.97	5598.00
627.09	5573.60
627.21	5597.00
627.34	5708.60
627.46	5712.60
627.58	5600.40
627.71	5600.80
627.83	5645.80
627.95	5552.20
628.08	5612.20
628.20	5625.40
628.32	5553.40
628.45	5519.60
628.57	5503.20
628.69	5555.80
628.82	5608.40
628.94	5616.80
629.06	5574.80
629.19	5574.00
629.31	5600.60
629.43	5531.40
629.56	5608.40
629.68	5575.20
629.80	5614.40
629.93	5534.80
630.05	5546.80
630.17	5545.60
630.30	5565.20
630.42	5551.20
630.54	5595.40
630.67	5565.80
630.79	5566.80
630.91	5665.00
631.04	5599.60
631.16	5611.40
631.28	5566.40
631.41	5525.80
631.53	5524.60
631.65	5540.60
631.78	5580.40
631.90	5570.40
632.02	5540.40
632.14	5462.40
632.27	5583.80
632.39	5547.40
632.51	5552.20
632.64	5604.80
632.76	5536.40
632.88	5509.20
633.01	5534.60
633.13	5559.60
633.25	5578.40
633.38	5654.80
633.50	5485.00
633.62	5484.00
633.75	5472.60
633.87	5447.40
633.99	5545.60
634.11	5487.20
634.24	5501.60
634.36	5529.20
634.48	5521.80
634.61	5502.00
634.73	5550.40
634.85	5464.20
634.98	5477.80
635.10	5518.80
635.22	5508.60
635.35	5606.80
635.47	5529.80
635.59	5501.40
635.71	5536.60
635.84	5558.40
635.96	5526.20
636.08	5541.20
636.21	5478.80
636.33	5503.80
636.45	5485.00
636.58	5472.40
636.70	5468.80
636.82	5526.20
636.94	5494.40
637.07	5459.60
637.19	5520.60
637.31	5525.00
637.44	5505.80
637.56	5437.60
637.68	5514.00
637.81	5499.00
637.93	5518.40
638.05	5464.80
638.17	5569.20
638.30	5588.80
638.42	5494.80
638.54	5497.60
638.67	5502.80
638.79	5516.80
638.91	5494.60
639.03	5454.80
639.16	5488.20
639.28	5466.20
639.40	5493.20
639.53	5473.40
639.65	5515.20
639.77	5481.60
639.89	5492.00
640.02	5479.60
640.14	5466.20
640.26	5428.80
640.39	5500.40
640.51	5448.20
640.63	5476.20
640.75	5532.60
640.88	5463.60
641.00	5427.60
641.12	5432.60
641.24	5543.80
641.37	5453.60
641.49	5421.00
641.61	5556.60
641.74	5426.00
641.86	5473.20
641.98	5436.40
642.10	5477.20
642.23	5463.40
642.35	5463.20
642.47	5468.40
642.60	5444.40
642.72	5482.60
642.84	5388.40
642.96	5383.00
643.09	5425.60
643.21	5417.20
643.33	5408.00
643.45	5442.00
643.58	5487.00
643.70	5500.40
643.82	5439.60
643.94	5427.80
644.07	5451.40
644.19	5435.40
644.31	5476.60
644.44	5463.80
644.56	5419.00
644.68	5436.80
644.80	5402.80
644.93	5402.60
645.05	5428.80
645.17	5468.00
645.29	5422.80
645.42	5445.20
645.54	5443.40
645.66	5473.40
645.78	5425.40
645.91	5390.20
646.03	5434.40
646.15	5485.60
646.27	5411.20
646.40	5408.80
646.52	5460.40
646.64	5448.40
646.76	5425.00
646.89	5372.40
647.01	5431.60
647.13	5458.20
647.25	5473.00
647.38	5397.40
647.50	5382.80
647.62	5468.00
647.74	5357.80
647.87	5364.60
647.99	5439.80
648.11	5437.40
648.23	5393.60
648.36	5331.00
648.48	5414.00
648.60	5410.60
648.72	5385.00
648.85	5360.60
648.97	5428.60
649.09	5396.40
649.21	5399.40
649.34	5392.40
649.46	5424.80
649.58	5436.00
649.70	5415.00
649.83	5394.60
649.95	5455.60
650.07	5434.00
650.19	5418.40
650.32	5399.60
650.44	5441.40
650.56	5402.20
650.68	5370.60
650.81	5369.20
650.93	5362.40
651.05	5419.00
651.17	5368.40
651.29	5373.00
651.42	5368.00
651.54	5426.00
651.66	5359.00
651.78	5331.60
651.91	5391.40
652.03	5472.40
652.15	5420.40
652.27	5358.80
652.40	5383.80
652.52	5354.20
652.64	5389.80
652.76	5355.00
652.88	5465.40
653.01	5359.20
653.13	5362.00
653.25	5302.60
653.37	5376.20
653.50	5393.40
653.62	5381.60
653.74	5324.80
653.86	5420.20
653.98	5380.20
654.11	5340.40
654.23	5358.60
654.35	5341.80
654.47	5450.20
654.60	5343.80
654.72	5346.60
654.84	5320.80
654.96	5399.00
655.08	5308.00
655.21	5354.00
655.33	5344.00
655.45	5392.00
655.57	5361.80
655.70	5344.00
655.82	5380.20
655.94	5398.20
656.06	5363.80
656.18	5286.20
656.31	5401.40
656.43	5350.20
656.55	5297.60
656.67	5320.60
656.79	5328.00
656.92	5380.40
657.04	5335.80
657.16	5291.00
657.28	5435.20
657.40	5339.80
657.53	5378.40
657.65	5304.00
657.77	5341.60
657.89	5364.00
658.01	5279.20
658.14	5255.40
658.26	5344.60
658.38	5276.00
658.50	5256.80
658.62	5270.40
658.75	5430.60
658.87	5343.80
658.99	5342.80
659.11	5268.80
659.23	5321.40
659.36	5392.40
659.48	5353.20
659.60	5308.80
659.72	5302.40
659.84	5274.20
659.97	5317.20
660.09	5297.40
660.21	5368.40
660.33	5321.40
660.45	5232.40
660.58	5190.40
660.70	5239.00
660.82	5257.80
660.94	5207.80
661.06	5268.40
661.19	5324.40
661.31	5310.20
661.43	5259.60
661.55	5266.60
661.67	5302.80
661.80	5324.60
661.92	5232.20
662.04	5268.20
662.16	5243.00
662.28	5295.00
662.40	5245.80
662.53	5226.80
662.65	5289.40
662.77	5212.20
662.89	5253.40
663.01	5222.60
663.14	5213.80
663.26	5260.60
663.38	5211.00
663.50	5165.40
663.62	5211.40
663.74	5231.40
663.87	5234.40
663.99	5238.20
664.11	5212.00
664.23	5301.60
664.35	5197.80
664.48	5183.00
664.60	5220.60
664.72	5198.60
664.84	5149.80
664.96	5168.80
665.08	5262.00
665.21	5201.40
665.33	5213.40
665.45	5142.40
665.57	5198.80
665.69	5227.20
665.81	5183.40
665.94	5159.60
666.06	5132.00
666.18	5203.20
666.30	5180.20
666.42	5129.20
666.54	5177.20
666.67	5185.40
666.79	5168.80
666.91	5187.40
667.03	5159.40
667.15	5107.60
667.27	5122.20
667.40	5102.20
667.52	5121.40
667.64	5163.80
667.76	5136.80
667.88	5102.40
668.00	5179.40
668.13	5150.40
668.25	5105.00
668.37	5088.20
668.49	5101.60
668.61	5149.60
668.73	5115.80
668.85	5116.80
668.98	5127.80
669.10	5123.80
669.22	5079.40
669.34	5096.60
669.46	5146.00
669.58	5067.00
669.71	5129.20
669.83	5116.60
669.95	5088.00
670.07	5078.60
670.19	5053.40
670.31	5101.40
670.43	5050.00
670.56	5120.40
670.68	5132.40
670.80	5099.60
670.92	5092.00
671.04	5166.60
671.16	5100.00
671.28	5056.00
671.41	5055.80
671.53	5104.40
671.65	5073.80
671.77	5045.40
671.89	5202.80
672.01	5159.40
672.13	5122.60
672.26	5021.20
672.38	5062.40
672.50	5043.20
672.62	5052.60
672.74	5077.80
672.86	5054.60
672.98	5078.20
673.11	5053.00
673.23	5051.40
673.35	5078.80
673.47	5030.80
673.59	5053.60
673.71	5043.00
673.83	5066.40
673.96	5158.20
674.08	5032.40
674.20	5018.00
674.32	5030.00
674.44	5035.20
674.56	5043.20
674.68	5007.80
674.80	5056.60
674.93	5023.80
675.05	5017.00
675.17	5008.80
675.29	5037.20
675.41	5054.80
675.53	5031.20
675.65	5005.20
675.77	5020.40
675.90	5059.00
676.02	4993.20
676.14	4979.00
676.26	5082.00
676.38	5106.40
676.50	5017.40
676.62	5035.20
676.74	4964.60
676.87	4967.40
676.99	5031.60
677.11	5044.60
677.23	5005.00
677.35	4988.80
677.47	4949.00
677.59	4996.60
677.71	5002.00
677.83	5023.40
677.96	4988.60
678.08	5008.60
678.20	4971.00
678.32	4939.80
678.44	4984.60
678.56	5004.40
678.68	5105.40
678.80	5007.40
678.93	4978.20
679.05	4992.60
679.17	4984.20
679.29	5014.00
679.41	4973.40
679.53	4922.20
679.65	4952.20
679.77	4956.80
679.89	4973.40
680.01	5006.60
680.14	5008.80
680.26	4914.00
680.38	4939.40
680.50	4994.00
680.62	5047.60
680.74	4985.00
680.86	4959.80
680.98	4946.00
681.10	4973.80
681.22	5046.60
681.35	4951.60
681.47	4968.80
681.59	4920.80
681.71	5052.00
681.83	4979.60
681.95	4923.60
682.07	5006.80
682.19	4957.80
682.31	4917.20
682.43	4911.20
682.56	4962.40
682.68	4889.20
682.80	4939.60
682.92	4982.80
683.04	4960.80
683.16	4933.40
683.28	4920.40
683.40	4973.80
683.52	4956.00
683.64	4970.20
683.76	4897.40
683.89	4928.60
684.01	4930.40
684.13	4999.80
684.25	4964.60
684.37	4942.80
684.49	4955.00
684.61	4935.80
684.73	4961.40
684.85	4934.60
684.97	4886.40
685.09	4992.60
685.21	4899.60
685.34	4931.40
685.46	5039.00
685.58	4966.20
685.70	4949.20
685.82	4950.60
685.94	4909.60
686.06	4903.80
686.18	4906.80
686.30	4924.60
686.42	4915.20
686.54	4955.20
686.66	4893.20
686.79	5013.80
686.91	4955.80
687.03	5038.60
687.15	4968.40
687.27	4943.20
687.39	4940.40
687.51	4985.60
687.63	4922.80
687.75	4968.40
687.87	4977.60
687.99	5019.80
688.11	4909.40
688.23	4977.00
688.35	4985.60
688.48	4946.40
688.60	4919.60
688.72	4882.80
688.84	4935.80
688.96	4931.20
689.08	4929.40
689.20	4943.80
689.32	5066.00
689.44	4946.20
689.56	4893.80
689.68	4896.80
689.80	4943.20
689.92	4883.00
690.04	4900.80
690.16	4957.80
690.28	4956.80
690.41	4947.80
690.53	4884.60
690.65	4949.80
690.77	4982.00
690.89	4937.80
691.01	4927.40
691.13	4907.60
691.25	4904.40
691.37	4907.00
691.49	4912.60
691.61	4876.80
691.73	4983.00
691.85	4942.60
691.97	4917.80
692.09	4906.00
692.21	4952.60
692.33	4983.00
692.45	4945.00
692.57	4902.20
692.70	4937.20
692.82	4965.40
692.94	4890.60
693.06	4895.40
693.18	4935.40
693.30	4910.40
693.42	4892.80
693.54	4941.60
693.66	4929.80
693.78	4963.00
693.90	4940.60
694.02	4946.20
694.14	4924.20
694.26	4927.40
694.38	4974.20
694.50	4959.40
694.62	4958.80
694.74	4908.00
694.86	4904.20
694.98	4961.00
695.10	4967.00
695.22	4986.20
695.34	4904.40
695.46	4916.00
695.58	4922.40
695.71	4934.00
695.83	4919.40
695.95	4930.80
696.07	5015.60
696.19	4928.20
696.31	4949.00
696.43	4907.40
696.55	5028.20
696.67	4981.20
696.79	4925.00
696.91	4936.80
697.03	4942.80
697.15	5045.00
697.27	4955.60
697.39	4916.40
697.51	4987.80
697.63	4917.60
697.75	4923.40
697.87	4947.20
697.99	4911.60
698.11	4890.20
698.23	4892.00
698.35	4934.20
698.47	4953.60
698.59	4964.40
698.71	4934.40
698.83	5023.00
698.95	4897.60
699.07	4958.20
699.19	4940.80
699.31	4939.20
699.43	4932.40
699.55	4976.00
699.67	4938.00
699.79	4946.00
699.91	4941.80
700.03	4966.20
700.15	4947.00
700.27	4952.20
700.39	4954.60
700.51	4898.60
700.63	4964.60
700.75	4917.40
700.87	4973.60
700.99	4923.40
701.11	4980.20
701.24	4942.80
701.36	4989.80
701.48	5000.40
701.60	4976.20
701.72	4907.00
701.84	5010.80
701.96	4971.40
702.08	4948.80
702.20	5033.80
702.32	4990.00
702.44	4986.40
702.56	4948.40
702.68	4986.20
702.80	5000.80
702.92	5081.00
703.04	5044.60
703.16	4986.40
703.28	5016.40
703.40	4958.60
703.52	4987.00
703.64	4993.80
703.76	4981.00
703.88	4941.80
704.00	4951.80
704.12	4968.40
704.24	5006.00
704.36	5007.80
704.48	5002.60
704.60	4934.80
704.72	4976.80
704.84	4958.60
704.96	4983.60
705.07	4994.80
705.19	4954.20
705.31	4973.20
705.43	4987.80
705.55	4957.60
705.67	4978.80
705.79	4976.40
705.91	4928.00
706.03	4966.00
706.15	4977.20
706.27	4967.00
706.39	4961.20
706.51	4976.20
706.63	4986.20
706.75	5019.00
706.87	5009.40
706.99	5040.00
707.11	4992.20
707.23	4969.60
707.35	4989.00
707.47	4994.40
707.59	5006.60
707.71	5033.20
707.83	4958.00
707.95	5047.60
708.07	4983.80
708.19	5118.60
708.31	5027.80
708.43	4946.20
708.55	4994.60
708.67	5059.60
708.79	5036.40
708.91	4997.60
709.03	5021.40
709.15	5045.20
709.27	4977.20
709.39	4996.20
709.51	4984.40
709.63	5017.00
709.75	5044.00
709.87	4940.40
709.99	5017.20
710.11	4969.00
710.23	4978.00
710.35	4947.00
710.47	5087.20
710.58	5021.00
710.70	5024.80
710.82	5009.20
710.94	5016.80
711.06	4995.40
711.18	4998.00
711.30	4986.80
711.42	5016.40
711.54	4993.00
711.66	5036.60
711.78	4948.60
711.90	5039.60
712.02	5043.40
712.14	4989.40
712.26	4968.60
712.38	5056.80
712.50	5075.00
712.62	4993.60
712.74	4942.40
712.86	4987.20
712.98	5038.00
713.10	4950.40
713.22	4950.80
713.34	5014.40
713.45	4956.80
713.57	4999.40
713.69	4987.00
713.81	4998.60
713.93	5000.00
714.05	4992.20
714.17	4939.60
714.29	5047.40
714.41	5035.60
714.53	4986.80
714.65	4999.40
714.77	4974.40
714.89	4951.60
715.01	5054.40
715.13	4954.60
715.25	4982.60
715.37	4938.40
715.49	4969.80
715.61	5045.20
715.72	5012.20
715.84	5034.20
715.96	4966.80
716.08	4961.20
716.20	5056.20
716.32	5024.00
716.44	4971.20
716.56	4979.60
716.68	4981.00
716.80	5075.00
716.92	5011.00
717.04	4969.60
717.16	4992.00
717.28	4955.00
717.40	4979.00
717.52	4990.00
717.63	4952.40
717.75	4961.00
717.87	4988.20
717.99	4970.60
718.11	4962.00
718.23	5036.40
718.35	4982.60
718.47	4960.20
718.59	4912.80
718.71	4963.40
718.83	4943.00
718.95	4975.60
719.07	4911.20
719.19	4925.40
719.30	4907.00
719.42	4955.20
719.54	4945.20
719.66	4966.80
719.78	4968.80
719.90	4895.20
720.02	4928.40
720.14	4936.80
720.26	4988.00
720.38	4985.80
720.50	4920.40
720.62	4856.80
720.74	4934.20
720.85	4929.60
720.97	5001.40
721.09	5033.20
721.21	4945.20
721.33	5004.80
721.45	4930.40
721.57	4940.60
721.69	4913.00
721.81	4856.80
721.93	4986.20
722.05	4938.60
722.16	4877.60
722.28	4863.80
722.40	4907.00
722.52	4971.80
722.64	5011.80
722.76	4861.00
722.88	4952.20
723.00	4958.80
723.12	4906.80
723.24	4946.20
723.36	4867.40
723.47	4955.60
723.59	4934.40
723.71	4898.60
723.83	4934.40
723.95	4885.60
724.07	4928.80
724.19	4955.00
724.31	4992.60
724.43	4890.40
724.55	4877.60
724.66	4900.60
724.78	5048.40
724.90	4881.60
725.02	4920.00
725.14	4872.60
725.26	4926.40
725.38	4835.00
725.50	4913.20
725.62	4919.40
725.74	4911.80
725.85	4920.20
725.97	4920.00
726.09	4979.60
726.21	5264.00
726.33	4964.80
726.45	4933.20
726.57	4898.40
726.69	4954.00
726.81	4937.60
726.92	4925.80
727.04	4923.60
727.16	4923.40
727.28	4893.60
727.40	4919.00
727.52	4883.20
727.64	5063.00
727.76	4997.80
727.88	4932.40
727.99	4897.40
728.11	4886.60
728.23	4908.00
728.35	4921.20
728.47	4911.40
728.59	4891.40
728.71	4910.60
728.83	4934.80
728.94	4928.00
729.06	4991.20
729.18	4977.60
729.30	4948.00
729.42	4917.00
729.54	4971.60
729.66	4992.20
729.78	4915.00
729.90	4906.40
730.01	4910.20
730.13	4823.60
730.25	4896.00
730.37	4881.60
730.49	4926.00
730.61	4897.60
730.73	4891.80
730.84	4937.60
730.96	4909.80
731.08	4952.20
731.20	4890.00
731.32	4903.60
731.44	5019.60
731.56	4886.60
731.68	4880.20
731.79	4918.40
731.91	4889.20
732.03	4849.20
732.15	4901.20
732.27	4857.40
732.39	4850.20
732.51	4922.00
732.62	4848.20
732.74	4848.60
732.86	4937.00
732.98	4904.20
733.10	4869.20
733.22	4879.20
733.34	4911.00
733.45	4800.60
733.57	4884.40
733.69	4793.80
733.81	4858.60
733.93	4876.40
734.05	4807.00
734.17	4863.20
734.28	4858.20
734.40	4872.40
734.52	4833.40
734.64	4859.00
734.76	4920.60
734.88	4841.20
735.00	4828.00
735.11	4847.60
735.23	4913.00
735.35	4830.60
735.47	4802.20
735.59	4887.20
735.71	4864.80
735.83	4850.60
735.94	4885.40
736.06	4866.20
736.18	4891.20
736.30	4900.20
736.42	4870.60
736.54	4850.40
736.65	4872.20
736.77	4997.40
736.89	4889.80
737.01	4832.20
737.13	4929.20
737.25	4765.80
737.36	4795.20
737.48	4820.00
737.60	4833.40
737.72	4822.00
737.84	4832.80
737.96	4887.00
738.08	4816.20
738.19	4914.00
738.31	4815.80
738.43	4816.20
738.55	4821.00
738.67	4811.40
738.79	4788.60
738.90	4793.20
739.02	4830.40
739.14	4784.00
739.26	4790.40
739.38	4796.40
739.50	4810.00
739.61	4780.80
739.73	4813.00
739.85	4783.80
739.97	4820.20
740.09	4845.60
740.20	4715.60
740.32	4805.20
740.44	4805.20
740.56	4745.20
740.68	4768.00
740.80	4755.80
740.91	4758.40
741.03	4846.20
741.15	4799.60
741.27	4744.80
741.39	4820.80
741.51	4792.60
741.62	4826.80
741.74	4774.60
741.86	4732.40
741.98	4754.60
742.10	4784.00
742.21	4743.80
742.33	4745.80
742.45	4732.20
742.57	4806.20
742.69	4739.80
742.80	4781.20
742.92	4748.40
743.04	4719.00
743.16	4667.40
743.28	4798.00
743.40	4686.40
743.51	4686.40
743.63	4698.20
743.75	4711.80
743.87	4725.80
743.99	4738.40
744.10	4706.40
744.22	4720.00
744.34	4691.80
744.46	4722.00
744.58	4735.00
744.69	4635.40
744.81	4719.20
744.93	4657.40
745.05	4632.80
745.17	4766.40
745.28	4734.20
745.40	4713.80
745.52	4680.40
745.64	4689.60
745.76	4699.40
745.87	4652.60
745.99	4640.00
746.11	4675.40
746.23	4641.80
746.35	4667.40
746.46	4659.80
746.58	4769.40
746.70	4675.00
746.82	4649.40
746.94	4657.00
747.05	4611.20
747.17	4610.20
747.29	4580.40
747.41	4605.60
747.53	4761.80
747.64	4601.00
747.76	4681.40
747.88	4688.00
748.00	4670.00
748.12	4639.60
748.23	4615.00
748.35	4649.40
748.47	4667.40
748.59	4644.80
748.70	4605.00
748.82	4573.40
748.94	4579.20
749.06	4562.40
749.18	4593.40
749.29	4580.80
749.41	4614.40
749.53	4582.60
749.65	4568.60
749.76	4622.80
749.88	4575.60
750.00	4573.00
750.12	4611.60
750.24	4579.60
750.35	4579.40
750.47	4528.00
750.59	4592.40
750.71	4556.00
750.82	4579.60
750.94	4522.00
751.06	4529.20
751.18	4529.60
751.30	4566.40
751.41	4550.40
751.53	4552.20
751.65	4505.20
751.77	4520.60
751.88	4549.00
752.00	4567.00
752.12	4488.60
752.24	4575.00
752.35	4511.80
752.47	4539.20
752.59	4551.60
752.71	4587.60
752.83	4487.40
752.94	4576.60
753.06	4483.00
753.18	4504.80
753.30	4479.80
753.41	4447.80
753.53	4453.60
753.65	4478.00
753.77	4500.80
753.88	4450.40
754.00	4458.40
754.12	4473.80
754.24	4517.20
754.35	4425.20
754.47	4392.00
754.59	4483.20
754.71	4465.40
754.82	4442.60
754.94	4416.20
755.06	4483.40
755.18	4443.20
755.29	4431.60
755.41	4404.40
755.53	4475.60
755.65	4362.60
755.76	4432.60
755.88	4409.60
756.00	4446.00
756.12	4370.80
756.23	4311.80
756.35	4339.80
756.47	4429.60
756.59	4390.40
756.70	4343.20
756.82	4357.80
756.94	4356.80
757.06	4392.20
757.17	4378.40
757.29	4341.20
757.41	4314.40
757.53	4354.80
757.64	4341.60
757.76	4362.60
757.88	4395.20
758.00	4381.40
758.11	4339.00
758.23	4285.00
758.35	4358.80
758.47	4284.60
758.58	4341.80
758.70	4272.60
758.82	4278.60
758.94	4251.20
759.05	4326.20
759.17	4243.00
759.29	4277.60
759.40	4333.60
759.52	4288.80
759.64	4282.20
759.76	4302.40
759.87	4320.00
759.99	4289.20
760.11	4250.60
760.23	4278.20
760.34	4291.20
760.46	4288.60
760.58	4248.40
760.70	4259.80
760.81	4300.80
760.93	4267.60
761.05	4285.00
761.16	4254.40
761.28	4231.00
761.40	4222.80
761.52	4177.40
761.63	4281.20
761.75	4245.60
761.87	4226.20
761.98	4187.60
762.10	4237.60
762.22	4213.60
762.34	4240.00
762.45	4185.40
762.57	4239.40
762.69	4304.40
762.81	4178.40
762.92	4231.60
763.04	4118.80
763.16	4199.40
763.27	4218.40
763.39	4143.40
763.51	4178.80
763.63	4164.80
763.74	4143.60
763.86	4112.00
763.98	4126.00
764.09	4104.20
764.21	4154.20
764.33	4113.80
764.44	4139.20
764.56	4142.20
764.68	4110.20
764.80	4146.20
764.91	4071.20
765.03	4166.40
765.15	4112.40
765.26	4117.60
765.38	4073.00
765.50	4123.40
765.62	4101.40
765.73	4087.60
765.85	4101.40
765.97	4018.40
766.08	4074.40
766.20	4064.80
766.32	4063.80
766.43	4082.80
766.55	4097.60
766.67	4033.40
766.79	4042.60
766.90	4006.00
767.02	3983.60
767.14	4020.00
767.25	3983.60
767.37	4135.20
767.49	4023.20
767.60	4044.40
767.72	4072.20
767.84	4058.00
767.95	4023.00
768.07	4016.80
768.19	4045.40
768.31	4022.40
768.42	4019.40
768.54	4005.60
768.66	3991.20
768.77	4004.00
768.89	3990.60
769.01	3954.80
769.12	4016.60
769.24	3991.00
769.36	3948.20
769.47	3926.80
769.59	3905.80
769.71	3977.00
769.82	3931.40
769.94	3920.40
770.06	3902.40
770.17	3983.40
770.29	3954.20
770.41	3974.20
770.53	3933.80
770.64	3873.00
770.76	3917.40
770.88	3937.80
770.99	3949.60
771.11	3880.60
771.23	3925.80
771.34	3887.60
771.46	3983.20
771.58	3962.80
771.69	3894.40
771.81	3890.00
771.93	3925.20
772.04	3850.20
772.16	3909.00
772.28	3861.40
772.39	3892.20
772.51	3842.00
772.63	3878.80
772.74	3835.40
772.86	3844.20
772.98	3955.00
773.09	3815.80
773.21	3813.40
773.33	3838.40
773.44	3863.20
773.56	3794.80
773.68	3828.20
773.79	3840.00
773.91	3779.40
774.03	3799.80
774.14	3782.00
774.26	3842.20
774.38	3762.00
774.49	3752.20
774.61	3752.80
774.73	3746.40
774.84	3744.60
774.96	3716.20
775.08	3751.80
775.19	3757.40
775.31	3796.00
775.43	3754.40
775.54	3725.40
775.66	3688.40
775.77	3769.60
775.89	3688.80
776.01	3754.80
776.12	3752.80
776.24	3726.20
776.36	3674.00
776.47	3668.00
776.59	3734.60
776.71	3737.40
776.82	3637.20
776.94	3631.20
777.06	3657.60
777.17	3719.40
777.29	3633.00
777.41	3623.60
777.52	3706.20
777.64	3654.40
777.75	3693.80
777.87	3568.60
777.99	3610.00
778.10	3667.60
778.22	3601.20
778.34	3623.60
778.45	3612.80
778.57	3659.20
778.69	3644.60
778.80	3613.80
778.92	3727.20
779.04	3631.60
779.15	3620.20
779.27	3631.60
779.38	3619.40
779.50	3623.20
779.62	3536.00
779.73	3580.40
779.85	3509.20
779.97	3667.20
780.08	3570.80
780.20	3550.20
780.31	3563.00
780.43	3584.60
780.55	3526.60
780.66	3551.80
780.78	3585.20
780.90	3620.20
781.01	3523.40
781.13	3524.60
781.25	3509.80
781.36	3557.60
781.48	3486.40
781.59	3486.00
781.71	3525.00
781.83	3531.00
781.94	3497.60
782.06	3488.40
782.18	3551.00
782.29	3480.80
782.41	3417.60
782.52	3509.20
782.64	3520.80
782.76	3457.80
782.87	3476.40
782.99	3431.40
783.10	3571.60
783.22	3579.40
783.34	3446.80
783.45	3457.80
783.57	3453.80
783.69	3412.80
783.80	3427.20
783.92	3439.00
784.03	3434.20
784.15	3368.00
784.27	3398.80
784.38	3384.20
784.50	3396.40
784.61	3402.60
784.73	3356.80
784.85	3375.00
784.96	3362.00
785.08	3419.00
785.19	3419.20
785.31	3390.00
785.43	3336.60
785.54	3327.60
785.66	3400.20
785.77	3357.40
785.89	3373.80
786.01	3293.80
786.12	3323.80
786.24	3346.20
786.35	3420.60
786.47	3351.60
786.59	3323.60
786.70	3298.60
786.82	3341.20
786.93	3335.80
787.05	3319.60
787.17	3326.40
787.28	3300.00
787.40	3312.60
787.51	3295.60
787.63	3308.80
787.75	3256.60
787.86	3299.80
787.98	3299.80
788.09	3278.40
788.21	3314.80
788.33	3290.40
788.44	3287.80
788.56	3221.60
788.67	3284.80
788.79	3234.60
788.91	3258.60
789.02	3237.80
789.14	3223.20
789.25	3315.00
789.37	3273.00
789.48	3225.20
789.60	3229.00
789.72	3179.20
789.83	3243.20
789.95	3228.20
790.06	3155.20
790.18	3169.80
790.30	3237.20
790.41	3210.00
790.53	3190.00
790.64	3144.00
790.76	3146.80
790.87	3152.60
790.99	3187.00
791.11	3194.00
791.22	3150.60
791.34	3162.80
791.45	3205.40
791.57	3174.40
791.68	3146.40
791.80	3124.80
791.92	3192.00
792.03	3123.60
792.15	3093.00
792.26	3105.60
792.38	3102.20
792.49	3147.80
792.61	3110.20
792.73	3135.40
792.84	3104.80
792.96	3208.80
793.07	3087.00
793.19	3857.80
793.30	3179.80
793.42	3116.60
793.54	3029.00
793.65	3049.20
793.77	3217.00
793.88	3068.60
794.00	3041.80
794.11	3080.60
794.23	3035.00
794.34	3084.40
794.46	2993.40
794.58	3015.60
794.69	3129.40
794.81	3112.40
794.92	3008.00
795.04	3004.20
795.15	3116.60
795.27	3057.60
795.39	3040.40
795.50	3015.80
795.62	3001.00
795.73	2988.60
795.85	3007.60
795.96	3033.80
796.08	3073.80
796.19	2978.60
796.31	2987.60
796.42	2965.40
796.54	2963.60
796.66	3011.40
796.77	2949.80
796.89	2935.80
797.00	3016.60
797.12	2892.60
797.23	2966.00
797.35	2952.20
797.46	2995.80
797.58	3010.20
797.69	2980.40
797.81	2941.80
797.93	2940.20
798.04	2905.20
798.16	2904.40
798.27	2959.60
798.39	2893.60
798.50	2892.00
798.62	2892.40
798.73	2886.40
798.85	2986.80
798.96	2918.80
799.08	2933.20
799.19	2948.40
799.31	2898.60
799.43	2877.00
799.54	2870.20
799.66	2908.20
799.77	2931.40
799.89	2843.80
800.00	2809.80
800.12	2841.60
800.23	2914.60
800.35	2944.80
800.46	2813.20
800.58	2794.00
800.69	2838.40
800.81	2834.80
800.92	2810.40
801.04	2840.20
801.16	2800.60
801.27	2765.60
801.39	2793.20
801.50	2809.60
801.62	2792.00
801.73	2848.00
801.85	2853.80
801.96	2791.20
802.08	2841.00
802.19	2841.80
802.31	2765.40
802.42	2783.80
802.54	2856.80
802.65	2836.00
802.77	2751.20
802.88	2812.60
803.00	2739.40
803.11	2883.60
803.23	2776.80
803.34	2773.40
803.46	2792.40
803.57	2732.60
803.69	2795.80
803.80	2711.20
803.92	2803.60
804.03	2739.40
804.15	2767.40
804.26	2765.80
804.38	2760.20
804.50	2709.20
804.61	2752.20
804.73	2721.20
804.84	2721.40
804.96	2641.20
805.07	2708.40
805.19	2675.20
805.30	2691.20
805.42	2739.20
805.53	2676.00
805.65	2646.40
805.76	2609.20
805.88	2635.20
805.99	2647.40
806.11	2660.40
806.22	2615.40
806.34	2615.60
806.45	2616.80
806.57	2596.00
806.68	2633.40
806.80	2513.20
806.91	2554.40
807.03	2525.40
807.14	2494.40
807.26	2493.60
807.37	2491.20
807.49	2520.20
807.60	2497.00
807.72	2571.60
807.83	2574.60
807.95	2489.60
808.06	2496.00
808.17	2479.20
808.29	2491.00
808.40	2422.20
808.52	2446.20
808.63	2428.60
808.75	2430.40
808.86	2397.60
808.98	2411.20
809.09	2350.80
809.21	2379.80
809.32	2351.60
809.44	2375.20
809.55	2289.40
809.67	2325.80
809.78	2290.80
809.90	2337.80
810.01	2353.20
810.13	2268.00
810.24	2306.60
810.36	2222.40
810.47	2219.00
810.59	2235.00
810.70	2234.80
810.82	2255.00
810.93	2162.60
811.05	2165.80
811.16	2162.80
811.27	2127.00
811.39	2148.20
811.50	2187.60
811.62	2075.40
811.73	2063.40
811.85	2114.00
811.96	2106.40
812.08	2113.40
812.19	2074.40
812.31	2082.00
812.42	2057.20
812.54	2013.40
812.65	2070.20
812.77	2056.00
812.88	2041.80
813.00	2027.20
813.11	2007.80
813.22	1958.80
813.34	1963.60
813.45	1965.20
813.57	2033.00
813.68	2031.20
813.80	1933.00
813.91	1893.80
814.03	1917.60
814.14	1996.20
814.26	1875.20
814.37	1892.80
814.49	1872.60
814.60	1839.40
814.71	1836.00
814.83	1819.20
814.94	1791.20
815.06	1802.60
815.17	1807.20
815.29	1773.60
815.40	1743.40
815.52	1857.60
815.63	1757.80
815.75	1722.80
815.86	1743.20
815.97	1685.00
816.09	1712.20
816.20	1725.80
816.32	1717.00
816.43	1641.20
816.55	1692.20
816.66	1666.80
816.78	1740.40
816.89	1653.20
817.00	1650.00
817.12	1605.00
817.23	1589.80
817.35	1648.20
817.46	1607.40
817.58	1558.80
817.69	1700.80
817.81	1573.40
817.92	1598.40
818.03	1565.40
818.15	1549.00
818.26	1510.00
818.38	1484.60
818.49	1509.00
818.61	1522.20
818.72	1459.20
818.83	2496.20
818.95	1605.60
819.06	1443.00
819.18	1446.80
819.29	1459.60
819.41	1442.80
819.52	1442.20
819.64	1427.40
819.75	1385.60
819.86	1358.80
819.98	1371.00
820.09	1403.00
820.21	1382.60
820.32	1330.80
820.44	1372.40
820.55	1415.20
820.66	1327.60
820.78	1364.60
820.89	1325.00
821.01	1328.20
821.12	1308.00
821.23	1305.00
821.35	1271.80
821.46	1324.20
821.58	1270.40
821.69	1243.40
821.81	1227.60
821.92	1288.60
822.03	1228.00
822.15	1237.60
822.26	1166.20
822.38	1177.80
822.49	1215.00
822.61	1197.00
822.72	1190.60
822.83	1225.60
822.95	1169.20
823.06	1165.20
823.18	1192.00
823.29	1214.20
823.40	1152.00
823.52	1122.20
823.63	1075.20
823.75	1198.20
823.86	1102.20
823.97	1045.80
824.09	1114.00
824.20	1051.40
824.32	1079.80
824.43	1050.60
824.55	1094.80
824.66	1128.80
824.77	1038.60
824.89	1053.60
825.00	1091.00
825.12	1032.20
825.23	1038.40
825.34	967.00
825.46	965.40
825.57	1023.00
825.69	966.20
825.80	917.20
825.91	947.80
826.03	915.60
826.14	983.40
826.26	925.80
826.37	949.60
826.48	919.00
826.60	944.40
826.71	903.00
826.83	925.80
826.94	931.20
827.05	957.60
827.17	936.40
827.28	899.00
827.39	876.40
827.51	854.40
827.62	875.00
827.74	873.60
827.85	861.40
827.96	841.20
828.08	858.80
828.19	953.20
828.31	851.00
828.42	795.80
828.53	869.40
828.65	902.20
828.76	909.20
828.87	861.20
828.99	819.40
