Wavelength (nm)	Intensity
377.35	818.80
377.48	601.40
377.62	632.20
377.75	630.40
377.88	851.60
378.02	829.60
378.15	826.40
378.28	798.80
378.41	870.40
378.55	845.40
378.68	826.00
378.81	798.20
378.95	828.80
379.08	823.00
379.21	786.60
379.35	848.60
379.48	856.60
379.61	911.00
379.74	821.20
379.88	809.40
380.01	890.60
380.14	947.80
380.28	868.80
380.41	796.80
380.54	856.40
380.68	864.80
380.81	776.60
380.94	859.60
381.07	911.60
381.21	910.80
381.34	828.40
381.47	773.20
381.61	976.80
381.74	844.00
381.87	789.40
382.00	857.00
382.14	935.40
382.27	884.20
382.40	813.00
382.54	896.00
382.67	894.60
382.80	799.80
382.93	804.00
383.07	827.60
383.20	844.20
383.33	877.80
383.47	804.00
383.60	784.00
383.73	988.80
383.86	873.60
384.00	823.60
384.13	818.40
384.26	872.60
384.40	892.20
384.53	829.80
384.66	877.80
384.79	848.40
384.93	818.80
385.06	819.00
385.19	841.40
385.33	954.00
385.46	876.20
385.59	810.60
385.72	852.40
385.86	777.80
385.99	832.60
386.12	821.00
386.25	799.20
386.39	881.00
386.52	904.00
386.65	826.00
386.79	813.60
386.92	813.00
387.05	918.60
387.18	787.20
387.32	796.60
387.45	874.80
387.58	857.60
387.71	822.20
387.85	811.80
387.98	859.80
388.11	875.40
388.25	838.80
388.38	832.80
388.51	873.20
388.64	883.60
388.78	816.00
388.91	795.40
389.04	836.20
389.17	947.00
389.31	838.40
389.44	855.80
389.57	895.40
389.70	870.20
389.84	820.60
389.97	806.40
390.10	823.80
390.24	856.20
390.37	820.60
390.50	806.00
390.63	916.80
390.77	839.00
390.90	838.80
391.03	833.00
391.16	792.60
391.30	823.20
391.43	822.40
391.56	816.60
391.69	808.80
391.83	885.80
391.96	840.40
392.09	815.80
392.22	932.00
392.36	856.80
392.49	801.80
392.62	822.00
392.75	861.00
392.89	905.00
393.02	801.00
393.15	795.60
393.28	789.60
393.42	928.60
393.55	783.60
393.68	812.40
393.81	769.80
393.95	824.80
394.08	809.80
394.21	812.80
394.34	875.60
394.48	870.60
394.61	872.40
394.74	840.80
394.87	882.60
395.01	867.00
395.14	864.20
395.27	803.60
395.40	933.20
395.54	936.00
395.67	837.20
395.80	816.40
395.93	868.60
396.07	823.00
396.20	811.80
396.33	765.80
396.46	810.80
396.59	831.60
396.73	821.40
396.86	795.80
396.99	900.20
397.12	858.80
397.26	850.60
397.39	829.40
397.52	1142.20
397.65	949.80
397.79	833.20
397.92	819.20
398.05	885.80
398.18	819.00
398.32	828.60
398.45	859.80
398.58	860.40
398.71	861.00
398.84	786.00
398.98	817.60
399.11	866.20
399.24	861.80
399.37	827.20
399.51	791.00
399.64	846.00
399.77	842.60
399.90	826.20
400.03	824.80
400.17	783.60
400.30	901.40
400.43	863.80
400.56	825.40
400.70	838.40
400.83	814.20
400.96	804.20
401.09	840.80
401.23	846.40
401.36	905.20
401.49	813.20
401.62	853.00
401.75	833.60
401.89	804.00
402.02	812.20
402.15	832.60
402.28	858.40
402.41	862.40
402.55	816.20
402.68	814.20
402.81	917.60
402.94	887.40
403.08	809.00
403.21	788.60
403.34	877.40
403.47	876.20
403.60	816.20
403.74	849.40
403.87	879.20
404.00	811.80
404.13	804.00
404.26	787.40
404.40	799.00
404.53	844.40
404.66	820.80
404.79	788.60
404.93	876.00
405.06	852.40
405.19	787.00
405.32	839.00
405.45	866.20
405.59	886.00
405.72	832.80
405.85	799.60
405.98	1010.60
406.11	813.40
406.25	802.80
406.38	815.20
406.51	864.00
406.64	835.80
406.77	781.20
406.91	788.80
407.04	857.80
407.17	825.60
407.30	844.80
407.43	820.40
407.57	920.80
407.70	899.20
407.83	803.00
407.96	837.20
408.09	801.40
408.23	927.80
408.36	824.80
408.49	813.00
408.62	954.80
408.75	852.40
408.89	809.20
409.02	852.80
409.15	846.60
409.28	929.20
409.41	860.40
409.55	808.20
409.68	961.60
409.81	854.00
409.94	806.00
410.07	831.80
410.20	852.40
410.34	834.00
410.47	830.20
410.60	836.60
410.73	878.00
410.86	811.60
411.00	828.60
411.13	805.40
411.26	848.40
411.39	847.20
411.52	853.60
411.66	821.00
411.79	819.20
411.92	810.20
412.05	823.80
412.18	808.20
412.31	861.40
412.45	870.60
412.58	865.60
412.71	794.60
412.84	853.40
412.97	924.00
413.11	831.80
413.24	845.80
413.37	887.80
413.50	955.80
413.63	843.60
413.76	819.80
413.90	869.80
414.03	822.00
414.16	819.00
414.29	846.40
414.42	841.20
414.56	957.20
414.69	823.00
414.82	826.20
414.95	841.60
415.08	860.80
415.21	827.20
415.35	831.60
415.48	759.00
415.61	889.00
415.74	890.00
415.87	787.40
416.00	852.40
416.14	962.00
416.27	846.80
416.40	809.40
416.53	827.60
416.66	867.60
416.79	840.40
416.93	793.00
417.06	895.20
417.19	850.80
417.32	817.20
417.45	807.80
417.58	793.00
417.72	890.20
417.85	813.00
417.98	821.40
418.11	866.20
418.24	812.40
418.37	814.80
418.51	832.00
418.64	849.20
418.77	928.60
418.90	847.40
419.03	799.00
419.16	859.80
419.29	895.00
419.43	814.00
419.56	791.40
419.69	949.00
419.82	894.40
419.95	834.20
420.08	877.40
420.22	924.60
420.35	970.20
420.48	878.00
420.61	814.20
420.74	787.60
420.87	882.00
421.00	798.60
421.14	816.40
421.27	883.20
421.40	926.80
421.53	856.00
421.66	832.00
421.79	837.40
421.93	834.80
422.06	830.80
422.19	804.00
422.32	884.00
422.45	889.40
422.58	844.20
422.71	818.00
422.85	890.80
422.98	884.20
423.11	792.20
423.24	782.40
423.37	801.00
423.50	817.20
423.63	834.40
423.77	808.00
423.90	813.20
424.03	858.00
424.16	859.80
424.29	832.40
424.42	781.20
424.55	804.60
424.69	799.40
424.82	825.20
424.95	860.00
425.08	810.40
425.21	849.60
425.34	811.80
425.47	844.00
425.60	864.00
425.74	786.60
425.87	820.80
426.00	840.00
426.13	852.80
426.26	796.00
426.39	799.60
426.52	834.80
426.66	912.60
426.79	859.40
426.92	797.40
427.05	921.60
427.18	893.00
427.31	818.20
427.44	822.60
427.57	811.20
427.71	847.60
427.84	804.20
427.97	830.40
428.10	894.00
428.23	848.20
428.36	817.00
428.49	747.40
428.62	979.20
428.76	947.80
428.89	845.00
429.02	787.40
429.15	840.40
429.28	929.40
429.41	813.80
429.54	819.00
429.67	823.20
429.81	876.20
429.94	836.60
430.07	806.60
430.20	883.00
430.33	908.60
430.46	799.20
430.59	792.40
430.72	832.20
430.85	787.40
430.99	824.80
431.12	803.00
431.25	892.80
431.38	909.60
431.51	841.20
431.64	838.20
431.77	921.80
431.90	924.40
432.03	833.40
432.17	802.80
432.30	845.20
432.43	869.80
432.56	827.40
432.69	843.80
432.82	847.40
432.95	899.80
433.08	832.40
433.21	835.00
433.35	826.60
433.48	846.00
433.61	791.20
433.74	821.60
433.87	810.60
434.00	880.40
434.13	808.40
434.26	857.20
434.39	855.80
434.53	882.60
434.66	830.60
434.79	827.00
434.92	827.00
435.05	921.60
435.18	808.60
435.31	855.40
435.44	909.80
435.57	854.60
435.70	832.20
435.84	798.20
435.97	908.00
436.10	942.40
436.23	816.00
436.36	800.80
436.49	826.80
436.62	859.20
436.75	830.80
436.88	861.60
437.01	812.00
437.14	800.00
437.28	778.40
437.41	813.00
437.54	906.60
437.67	884.40
437.80	812.80
437.93	786.40
438.06	967.20
438.19	892.20
438.32	793.40
438.45	806.80
438.58	870.00
438.72	925.40
438.85	871.40
438.98	820.40
439.11	860.80
439.24	921.20
439.37	893.00
439.50	856.40
439.63	896.00
439.76	829.60
439.89	802.40
440.02	815.20
440.15	866.80
440.29	914.80
440.42	837.20
440.55	828.40
440.68	927.20
440.81	978.40
440.94	847.80
441.07	840.80
441.20	946.60
441.33	849.80
441.46	825.40
441.59	811.40
441.72	838.40
441.85	859.20
441.99	870.00
442.12	862.60
442.25	936.80
442.38	871.40
442.51	856.00
442.64	791.60
442.77	850.40
442.90	828.60
443.03	786.00
443.16	815.60
443.29	852.40
443.42	926.00
443.55	815.60
443.68	835.40
443.82	792.20
443.95	820.80
444.08	817.40
444.21	827.60
444.34	815.80
444.47	844.20
444.60	831.20
444.73	849.20
444.86	849.60
444.99	914.20
445.12	855.60
445.25	844.60
445.38	856.60
445.51	890.80
445.64	838.00
445.78	807.60
445.91	789.20
446.04	957.80
446.17	872.80
446.30	784.60
446.43	861.80
446.56	850.80
446.69	804.00
446.82	810.00
446.95	888.80
447.08	890.00
447.21	840.80
447.34	818.60
447.47	900.60
447.60	890.20
447.73	835.60
447.86	866.80
447.99	854.80
448.13	868.20
448.26	879.80
448.39	835.40
448.52	892.00
448.65	891.20
448.78	837.40
448.91	828.00
449.04	882.60
449.17	835.40
449.30	865.60
449.43	851.00
449.56	844.00
449.69	907.40
449.82	833.60
449.95	791.20
450.08	901.00
450.21	877.20
450.34	834.80
450.47	838.40
450.60	877.40
450.73	850.80
450.87	824.40
451.00	858.60
451.13	884.80
451.26	1005.80
451.39	824.20
451.52	854.00
451.65	834.00
451.78	831.60
451.91	824.00
452.04	807.40
452.17	928.80
452.30	926.20
452.43	827.00
452.56	824.60
452.69	896.80
452.82	806.80
452.95	870.60
453.08	806.60
453.21	767.00
453.34	893.80
453.47	814.40
453.60	881.80
453.73	946.20
453.86	882.20
453.99	856.80
454.12	856.20
454.25	835.00
454.38	866.40
454.52	808.00
454.65	818.60
454.78	818.40
454.91	797.60
455.04	818.20
455.17	797.80
455.30	820.80
455.43	904.40
455.56	820.40
455.69	791.40
455.82	872.80
455.95	865.20
456.08	799.00
456.21	795.60
456.34	787.40
456.47	782.40
456.60	825.80
456.73	812.40
456.86	831.00
456.99	873.60
457.12	812.20
457.25	814.60
457.38	905.40
457.51	888.80
457.64	857.80
457.77	825.40
457.90	836.80
458.03	828.20
458.16	828.20
458.29	831.00
458.42	841.20
458.55	787.20
458.68	802.20
458.81	828.20
458.94	917.00
459.07	954.00
459.20	795.60
459.33	804.80
459.46	906.40
459.59	952.60
459.72	897.80
459.85	830.80
459.98	920.80
460.11	881.80
460.24	839.00
460.37	797.60
460.50	895.40
460.63	863.40
460.76	820.00
460.89	843.20
461.02	868.80
461.15	883.20
461.28	844.20
461.41	823.60
461.54	929.20
461.67	813.80
461.80	836.40
461.93	881.60
462.06	890.40
462.19	914.80
462.32	833.60
462.45	817.00
462.58	883.20
462.71	830.40
462.84	833.00
462.97	775.80
463.10	840.00
463.23	856.60
463.36	872.80
463.49	832.20
463.62	797.00
463.75	875.00
463.88	832.00
464.01	829.20
464.14	805.20
464.27	949.80
464.40	833.20
464.53	822.60
464.66	882.40
464.79	872.60
464.92	846.60
465.05	804.20
465.18	844.80
465.31	843.60
465.44	833.20
465.57	813.40
465.70	838.40
465.83	966.60
465.96	843.40
466.09	812.20
466.22	896.40
466.35	877.80
466.48	821.20
466.61	821.20
466.74	844.60
466.87	898.00
467.00	879.40
467.13	868.20
467.26	885.00
467.39	799.20
467.52	796.00
467.65	834.60
467.78	917.80
467.91	856.80
468.04	859.80
468.17	824.20
468.30	841.40
468.43	802.80
468.56	805.40
468.69	860.80
468.82	877.60
468.95	805.40
469.08	828.40
469.21	837.40
469.34	878.40
469.47	956.80
469.60	929.40
469.73	847.40
469.86	865.40
469.99	897.00
470.11	811.20
470.24	817.40
470.37	893.80
470.50	865.80
470.63	819.60
470.76	842.00
470.89	892.60
471.02	971.00
471.15	830.80
471.28	832.00
471.41	952.80
471.54	876.20
471.67	832.00
471.80	775.20
471.93	902.20
472.06	872.60
472.19	833.80
472.32	809.20
472.45	965.40
472.58	900.40
472.71	860.60
472.84	824.80
472.97	823.20
473.10	810.00
473.23	883.00
473.36	793.00
473.49	916.40
473.62	899.80
473.74	868.40
473.87	884.60
474.00	824.20
474.13	826.60
474.26	857.60
474.39	875.40
474.52	853.20
474.65	841.60
474.78	850.80
474.91	795.00
475.04	877.60
475.17	983.40
475.30	869.60
475.43	865.40
475.56	915.80
475.69	851.20
475.82	873.60
475.95	822.00
476.08	931.00
476.21	865.60
476.34	885.40
476.46	881.20
476.59	928.80
476.72	851.00
476.85	838.40
476.98	819.60
477.11	910.60
477.24	865.00
477.37	792.40
477.50	831.20
477.63	877.80
477.76	823.00
477.89	784.60
478.02	811.00
478.15	856.20
478.28	845.80
478.41	865.80
478.54	833.80
478.66	893.80
478.79	852.40
478.92	831.80
479.05	848.60
479.18	864.80
479.31	828.00
479.44	830.40
479.57	819.40
479.70	841.80
479.83	866.00
479.96	836.00
480.09	870.80
480.22	993.40
480.35	977.80
480.48	889.40
480.60	846.80
480.73	837.20
480.86	880.00
480.99	846.60
481.12	849.80
481.25	857.80
481.38	921.00
481.51	841.60
481.64	853.40
481.77	890.80
481.90	864.60
482.03	853.60
482.16	841.80
482.29	936.20
482.41	871.80
482.54	881.80
482.67	831.40
482.80	878.80
482.93	909.20
483.06	824.60
483.19	914.80
483.32	891.20
483.45	862.00
483.58	863.60
483.71	884.60
483.84	902.60
483.97	888.00
484.09	856.40
484.22	842.60
484.35	829.60
484.48	804.60
484.61	834.00
484.74	842.20
484.87	876.60
485.00	820.80
485.13	870.80
485.26	810.60
485.39	889.60
485.52	865.00
485.64	923.60
485.77	881.00
485.90	915.20
486.03	818.40
486.16	873.40
486.29	825.40
486.42	853.80
486.55	881.80
486.68	842.40
486.81	887.40
486.94	874.40
487.06	852.20
487.19	886.80
487.32	882.60
487.45	875.80
487.58	850.20
487.71	854.60
487.84	818.00
487.97	897.00
488.10	926.00
488.23	842.20
488.35	806.00
488.48	847.80
488.61	816.60
488.74	840.20
488.87	837.00
489.00	874.00
489.13	965.40
489.26	898.00
489.39	898.60
489.52	901.00
489.64	899.60
489.77	877.80
489.90	869.80
490.03	864.20
490.16	838.80
490.29	837.20
490.42	840.20
490.55	879.40
490.68	835.00
490.81	846.80
490.93	816.60
491.06	925.40
491.19	891.20
491.32	872.00
491.45	895.20
491.58	821.20
491.71	866.60
491.84	847.20
491.97	848.60
492.09	933.60
492.22	893.80
492.35	868.00
492.48	891.00
492.61	877.80
492.74	866.40
492.87	884.60
493.00	865.00
493.12	838.60
493.25	868.60
493.38	850.40
493.51	837.00
493.64	830.60
493.77	866.80
493.90	884.00
494.03	889.20
494.16	938.60
494.28	945.20
494.41	856.20
494.54	865.40
494.67	986.00
494.80	950.80
494.93	873.60
495.06	882.40
495.19	900.00
495.31	875.60
495.44	860.80
495.57	836.20
495.70	898.00
495.83	867.00
495.96	827.40
496.09	871.00
496.22	948.20
496.34	973.60
496.47	864.00
496.60	891.40
496.73	928.20
496.86	919.80
496.99	838.40
497.12	864.80
497.24	813.00
497.37	883.20
497.50	857.60
497.63	838.00
497.76	865.00
497.89	942.60
498.02	894.60
498.15	790.60
498.27	869.00
498.40	934.40
498.53	939.40
498.66	879.80
498.79	923.60
498.92	824.80
499.05	873.00
499.17	876.40
499.30	919.20
499.43	969.80
499.56	894.40
499.69	819.40
499.82	892.00
499.95	858.20
500.07	840.80
500.20	865.80
500.33	922.60
500.46	1030.60
500.59	880.00
500.72	891.60
500.85	935.60
500.97	927.00
501.10	915.60
501.23	838.00
501.36	885.40
501.49	954.40
501.62	903.20
501.75	874.60
501.87	937.40
502.00	825.80
502.13	884.80
502.26	888.20
502.39	846.40
502.52	868.20
502.64	819.60
502.77	851.40
502.90	909.00
503.03	883.00
503.16	853.40
503.29	853.40
503.42	932.60
503.54	889.80
503.67	876.60
503.80	885.20
503.93	931.20
504.06	844.20
504.19	870.40
504.31	929.20
504.44	899.40
504.57	902.80
504.70	886.00
504.83	831.60
504.96	908.00
505.08	885.40
505.21	882.20
505.34	982.40
505.47	943.60
505.60	916.20
505.73	922.00
505.85	918.60
505.98	1024.00
506.11	886.80
506.24	848.40
506.37	844.20
506.50	889.20
506.62	928.20
506.75	868.20
506.88	851.00
507.01	901.60
507.14	836.40
507.27	876.60
507.39	849.20
507.52	861.20
507.65	858.80
507.78	894.00
507.91	851.20
508.04	947.20
508.16	947.60
508.29	891.80
508.42	862.40
508.55	847.60
508.68	858.40
508.81	919.80
508.93	859.80
509.06	871.60
509.19	933.00
509.32	911.20
509.45	888.40
509.57	897.80
509.70	858.40
509.83	887.00
509.96	843.20
510.09	892.80
510.22	882.80
510.34	887.60
510.47	887.00
510.60	1000.40
510.73	908.00
510.86	902.00
510.98	870.60
511.11	867.80
511.24	936.80
511.37	912.60
511.50	873.00
511.63	903.20
511.75	906.20
511.88	881.80
512.01	907.80
512.14	901.60
512.27	902.40
512.39	882.20
512.52	876.00
512.65	890.20
512.78	858.60
512.91	884.20
513.03	884.40
513.16	932.40
513.29	903.20
513.42	873.80
513.55	844.00
513.67	903.80
513.80	830.60
513.93	862.40
514.06	858.80
514.19	909.00
514.31	914.20
514.44	937.40
514.57	877.80
514.70	899.60
514.83	948.00
514.95	867.00
515.08	893.80
515.21	920.00
515.34	896.60
515.47	886.20
515.59	867.80
515.72	919.60
515.85	919.20
515.98	937.80
516.11	894.20
516.23	935.00
516.36	969.20
516.49	915.20
516.62	898.00
516.75	963.00
516.87	961.60
517.00	876.40
517.13	917.20
517.26	959.60
517.39	921.80
517.51	829.60
517.64	885.80
517.77	974.20
517.90	861.20
518.02	882.00
518.15	851.20
518.28	810.40
518.41	895.00
518.54	896.20
518.66	905.40
518.79	863.40
518.92	876.40
519.05	866.60
519.18	881.20
519.30	925.00
519.43	847.20
519.56	854.60
519.69	872.00
519.81	946.40
519.94	886.60
520.07	829.60
520.20	866.60
520.33	911.40
520.45	968.20
520.58	905.00
520.71	906.00
520.84	947.60
520.96	921.40
521.09	898.40
521.22	864.40
521.35	930.40
521.48	938.00
521.60	874.80
521.73	894.40
521.86	962.40
521.99	986.20
522.11	913.20
522.24	884.40
522.37	932.40
522.50	918.20
522.62	946.20
522.75	833.40
522.88	915.60
523.01	876.40
523.14	922.60
523.26	909.00
523.39	969.60
523.52	883.60
523.65	994.20
523.77	924.00
523.90	910.00
524.03	889.80
524.16	877.40
524.28	882.20
524.41	891.20
524.54	892.40
524.67	862.20
524.79	877.40
524.92	925.20
525.05	979.60
525.18	860.00
525.31	932.20
525.43	867.00
525.56	1022.00
525.69	879.00
525.82	830.80
525.94	943.40
526.07	958.40
526.20	932.60
526.33	946.80
526.45	1029.60
526.58	998.20
526.71	908.60
526.84	890.40
526.96	912.40
527.09	864.20
527.22	888.00
527.35	886.00
527.47	854.80
527.60	968.40
527.73	865.80
527.86	921.20
527.98	921.40
528.11	928.00
528.24	866.80
528.37	884.80
528.49	859.00
528.62	898.80
528.75	930.20
528.88	871.00
529.00	930.80
529.13	955.80
529.26	903.00
529.39	936.00
529.51	1046.00
529.64	1015.60
529.77	887.00
529.90	883.00
530.02	890.00
530.15	879.00
530.28	829.40
530.40	873.60
530.53	907.20
530.66	932.00
530.79	884.40
530.91	898.20
531.04	877.60
531.17	904.40
531.30	893.80
531.42	895.00
531.55	910.80
531.68	969.60
531.81	871.80
531.93	894.60
532.06	911.80
532.19	865.20
532.31	899.60
532.44	895.40
532.57	936.80
532.70	873.60
532.82	904.00
532.95	930.40
533.08	972.20
533.21	937.60
533.33	874.60
533.46	880.60
533.59	899.40
533.71	1018.60
533.84	909.00
533.97	880.60
534.10	888.20
534.22	880.60
534.35	892.40
534.48	902.80
534.61	935.60
534.73	840.40
534.86	873.00
534.99	913.00
535.11	956.80
535.24	914.60
535.37	869.40
535.50	853.20
535.62	870.80
535.75	973.80
535.88	901.40
536.00	879.80
536.13	891.60
536.26	889.60
536.39	876.00
536.51	857.60
536.64	931.60
536.77	904.00
536.89	899.80
537.02	909.20
537.15	923.60
537.28	908.80
537.40	914.60
537.53	886.00
537.66	945.20
537.78	915.60
537.91	870.00
538.04	884.60
538.17	948.80
538.29	927.00
538.42	984.80
538.55	959.40
538.67	940.40
538.80	886.20
538.93	922.60
539.05	907.40
539.18	979.80
539.31	956.60
539.44	922.60
539.56	835.60
539.69	901.60
539.82	890.80
539.94	893.00
540.07	877.00
540.20	973.80
540.32	877.00
540.45	896.20
540.58	899.20
540.71	965.00
540.83	858.00
540.96	888.20
541.09	897.00
541.21	988.80
541.34	977.20
541.47	879.60
541.59	912.80
541.72	995.80
541.85	1059.20
541.98	960.80
542.10	908.40
542.23	928.20
542.36	1038.60
542.48	926.40
542.61	911.20
542.74	874.00
542.86	890.00
542.99	896.80
543.12	882.80
543.24	916.60
543.37	855.20
543.50	893.80
543.62	876.80
543.75	900.40
543.88	898.40
544.01	925.60
544.13	931.20
544.26	941.20
544.39	877.20
544.51	883.20
544.64	870.20
544.77	942.00
544.89	894.40
545.02	915.20
545.15	887.60
545.27	1008.00
545.40	967.60
545.53	936.20
545.65	934.40
545.78	847.80
545.91	874.40
546.03	893.20
546.16	908.80
546.29	898.60
546.41	868.40
546.54	896.20
546.67	881.00
546.79	949.60
546.92	983.80
547.05	864.60
547.17	914.60
547.30	881.40
547.43	949.60
547.56	874.20
547.68	887.00
547.81	869.00
547.94	938.40
548.06	900.60
548.19	876.40
548.32	974.60
548.44	920.80
548.57	920.80
548.70	953.20
548.82	959.60
548.95	947.60
549.08	903.80
549.20	906.60
549.33	1011.20
549.45	917.80
549.58	905.60
549.71	859.80
549.83	966.00
549.96	870.80
550.09	914.20
550.21	891.80
550.34	921.00
550.47	898.20
550.59	893.80
550.72	835.40
550.85	911.00
550.97	977.60
551.10	892.40
551.23	897.00
551.35	988.80
551.48	936.60
551.61	904.80
551.73	899.40
551.86	989.40
551.99	982.00
552.11	912.00
552.24	934.60
552.37	927.60
552.49	888.60
552.62	894.00
552.75	944.20
552.87	894.20
553.00	887.60
553.12	921.40
553.25	908.40
553.38	941.40
553.50	978.20
553.63	913.20
553.76	854.40
553.88	923.00
554.01	918.80
554.14	911.60
554.26	932.20
554.39	1003.80
554.52	917.40
554.64	915.80
554.77	886.80
554.89	954.80
555.02	968.40
555.15	934.60
555.27	915.00
555.40	923.20
555.53	984.00
555.65	905.80
555.78	876.80
555.91	954.80
556.03	1003.00
556.16	886.40
556.29	926.20
556.41	986.40
556.54	989.20
556.66	914.20
556.79	894.80
556.92	921.80
557.04	942.40
557.17	909.80
557.30	899.80
557.42	907.40
557.55	917.00
557.67	930.00
557.80	904.60
557.93	922.80
558.05	928.40
558.18	885.80
558.31	923.60
558.43	967.80
558.56	943.80
558.68	912.80
558.81	885.80
558.94	911.60
559.06	1040.60
559.19	913.80
559.32	909.80
559.44	887.40
559.57	933.60
559.69	892.00
559.82	893.60
559.95	900.40
560.07	902.00
560.20	847.60
560.33	914.40
560.45	933.00
560.58	872.80
560.70	924.20
560.83	875.80
560.96	908.60
561.08	914.80
561.21	940.60
561.33	888.00
561.46	873.60
561.59	965.80
561.71	901.00
561.84	921.40
561.97	891.60
562.09	954.20
562.22	897.00
562.34	891.80
562.47	963.00
562.60	949.60
562.72	925.20
562.85	922.20
562.97	924.60
563.10	916.20
563.23	881.80
563.35	890.40
563.48	934.80
563.60	922.80
563.73	939.20
563.86	876.40
563.98	892.80
564.11	918.00
564.23	911.40
564.36	976.20
564.49	919.00
564.61	993.00
564.74	937.80
564.86	894.00
564.99	966.00
565.12	953.40
565.24	976.20
565.37	963.20
565.49	980.00
565.62	1001.20
565.75	953.60
565.87	884.60
566.00	1077.20
566.12	985.80
566.25	932.40
566.38	956.60
566.50	934.60
566.63	971.80
566.75	917.20
566.88	898.00
567.01	898.60
567.13	922.20
567.26	911.00
567.38	899.40
567.51	969.40
567.64	904.60
567.76	944.00
567.89	930.40
568.01	895.80
568.14	881.40
568.26	918.40
568.39	922.00
568.52	917.20
568.64	959.00
568.77	914.40
568.89	902.20
569.02	900.60
569.15	924.20
569.27	912.80
569.40	942.00
569.52	965.00
569.65	920.40
569.77	917.20
569.90	885.60
570.03	876.80
570.15	1005.20
570.28	924.80
570.40	918.80
570.53	912.80
570.66	982.80
570.78	967.60
570.91	928.40
571.03	886.40
571.16	928.00
571.28	886.60
571.41	875.00
571.54	875.00
571.66	870.20
571.79	905.60
571.91	901.40
572.04	880.60
572.16	939.20
572.29	957.80
572.42	906.60
572.54	944.00
572.67	905.20
572.79	934.80
572.92	911.00
573.04	959.00
573.17	978.00
573.29	930.00
573.42	907.20
573.55	959.00
573.67	956.60
573.80	919.20
573.92	888.40
574.05	937.00
574.17	980.80
574.30	924.00
574.43	919.40
574.55	914.80
574.68	934.00
574.80	909.40
574.93	914.60
575.05	885.60
575.18	905.80
575.30	923.80
575.43	955.00
575.56	980.60
575.68	942.80
575.81	916.20
575.93	892.80
576.06	954.60
576.18	976.20
576.31	918.80
576.43	904.00
576.56	1017.00
576.69	982.00
576.81	946.40
576.94	912.60
577.06	933.80
577.19	973.00
577.31	941.40
577.44	942.60
577.56	979.20
577.69	941.80
577.82	961.40
577.94	903.40
578.07	867.40
578.19	958.80
578.32	955.00
578.44	906.20
578.57	914.20
578.69	985.00
578.82	936.20
578.94	962.00
579.07	980.60
579.19	974.80
579.32	942.00
579.45	949.00
579.57	931.40
579.70	895.60
579.82	944.80
579.95	926.20
580.07	1004.20
580.20	931.60
580.32	928.20
580.45	965.00
580.57	976.20
580.70	940.20
580.82	950.20
580.95	958.00
581.08	896.40
581.20	988.40
581.33	922.80
581.45	943.80
581.58	943.60
581.70	950.60
581.83	859.60
581.95	937.80
582.08	969.80
582.20	924.40
582.33	924.20
582.45	910.60
582.58	929.20
582.70	953.80
582.83	897.40
582.95	915.40
583.08	971.40
583.21	997.60
583.33	947.20
583.46	909.00
583.58	891.20
583.71	973.40
583.83	943.60
583.96	954.60
584.08	973.20
584.21	971.20
584.33	956.40
584.46	925.00
584.58	902.00
584.71	984.20
584.83	971.60
584.96	934.20
585.08	918.60
585.21	1042.00
585.33	999.60
585.46	958.40
585.58	973.40
585.71	917.80
585.83	947.80
585.96	975.60
586.08	976.80
586.21	952.60
586.33	965.20
586.46	889.00
586.59	971.80
586.71	914.40
586.84	953.00
586.96	943.80
587.09	876.20
587.21	915.60
587.34	966.40
587.46	907.60
587.59	894.80
587.71	938.40
587.84	915.60
587.96	882.60
588.09	897.20
588.21	961.00
588.34	917.80
588.46	942.60
588.59	913.60
588.71	960.80
588.84	952.00
588.96	937.00
589.09	1041.40
589.21	941.60
589.34	900.40
589.46	940.20
589.59	948.40
589.71	995.80
589.84	898.40
589.96	913.20
590.09	930.40
590.21	978.80
590.34	946.40
590.46	952.20
590.59	922.20
590.71	931.80
590.84	975.40
590.96	903.20
591.09	963.60
591.21	955.60
591.34	917.60
591.46	929.00
591.59	1001.00
591.71	971.20
591.83	930.00
591.96	875.20
592.08	922.20
592.21	971.40
592.33	942.20
592.46	926.80
592.58	955.40
592.71	990.60
592.83	1030.60
592.96	965.60
593.08	1002.20
593.21	909.60
593.33	896.60
593.46	933.80
593.58	940.80
593.71	984.60
593.83	988.00
593.96	908.40
594.08	1056.20
594.21	958.80
594.33	928.60
594.46	917.40
594.58	894.40
594.71	868.80
594.83	941.60
594.96	928.20
595.08	1111.80
595.20	982.00
595.33	952.00
595.45	915.80
595.58	1033.40
595.70	965.40
595.83	927.40
595.95	938.60
596.08	956.60
596.20	905.40
596.33	891.20
596.45	927.40
596.58	913.20
596.70	905.80
596.83	928.80
596.95	919.00
597.08	953.20
597.20	903.40
597.32	916.20
597.45	957.00
597.57	936.80
597.70	972.20
597.82	922.00
597.95	938.80
598.07	943.20
598.20	959.80
598.32	942.60
598.45	933.60
598.57	989.80
598.70	1013.60
598.82	931.60
598.94	934.40
599.07	997.40
599.19	954.40
599.32	928.80
599.44	846.60
599.57	976.80
599.69	967.00
599.82	936.60
599.94	903.00
600.07	991.40
600.19	967.00
600.31	919.20
600.44	971.00
600.56	1063.80
600.69	1049.60
600.81	934.60
600.94	934.80
601.06	947.60
601.19	982.00
601.31	988.40
601.44	894.60
601.56	1011.60
601.68	984.00
601.81	960.20
601.93	951.80
602.06	978.60
602.18	908.80
602.31	938.00
602.43	1000.60
602.56	978.60
602.68	941.20
602.80	950.00
602.93	954.40
603.05	921.60
603.18	955.40
603.30	909.80
603.43	922.80
603.55	938.20
603.68	966.40
603.80	957.60
603.92	944.20
604.05	925.00
604.17	929.60
604.30	906.00
604.42	928.40
604.55	951.20
604.67	987.60
604.79	938.40
604.92	930.40
605.04	928.80
605.17	936.00
605.29	924.60
605.42	923.00
605.54	1016.40
605.66	968.40
605.79	968.40
605.91	942.20
606.04	945.20
606.16	913.60
606.29	946.80
606.41	907.00
606.53	937.20
606.66	897.00
606.78	938.40
606.91	933.60
607.03	933.40
607.16	924.20
607.28	910.80
607.40	942.80
607.53	969.80
607.65	910.20
607.78	919.40
607.90	952.40
608.03	1064.80
608.15	971.00
608.27	968.00
608.40	903.80
608.52	970.20
608.65	946.60
608.77	981.40
608.89	940.20
609.02	1035.00
609.14	1042.20
609.27	981.80
609.39	980.40
609.52	924.20
609.64	891.60
609.76	923.60
609.89	935.40
610.01	1011.40
610.14	984.60
610.26	949.20
610.38	911.20
610.51	993.00
610.63	942.60
610.76	919.60
610.88	969.80
611.01	1006.00
611.13	1053.80
611.25	991.80
611.38	912.40
611.50	953.20
611.63	983.20
611.75	963.40
611.87	959.40
612.00	934.60
612.12	1006.60
612.25	941.60
612.37	921.00
612.49	1010.40
612.62	998.20
612.74	1018.80
612.87	949.60
612.99	949.00
613.11	909.00
613.24	941.80
613.36	944.00
613.49	968.00
613.61	959.60
613.73	935.60
613.86	984.20
613.98	927.00
614.11	998.00
614.23	989.40
614.35	998.00
614.48	1001.00
614.60	969.40
614.72	942.80
614.85	969.60
614.97	967.60
615.10	966.60
615.22	936.00
615.34	957.80
615.47	1016.40
615.59	928.60
615.72	950.80
615.84	971.60
615.96	927.80
616.09	1050.80
616.21	949.40
616.34	933.40
616.46	946.60
616.58	984.00
616.71	976.20
616.83	990.20
616.95	991.60
617.08	991.80
617.20	956.20
617.33	917.80
617.45	945.40
617.57	981.40
617.70	966.60
617.82	934.80
617.95	968.80
618.07	1029.00
618.19	971.60
618.32	975.20
618.44	942.40
618.56	921.00
618.69	892.40
618.81	907.60
618.94	996.60
619.06	954.60
619.18	946.20
619.31	907.60
619.43	916.00
619.55	977.80
619.68	969.00
619.80	913.60
619.92	985.80
620.05	1092.20
620.17	1014.60
620.30	959.60
620.42	978.80
620.54	1007.60
620.67	937.20
620.79	968.00
620.91	976.40
621.04	1021.80
621.16	948.00
621.29	932.80
621.41	903.40
621.53	941.20
621.66	944.40
621.78	937.00
621.90	998.40
622.03	1048.80
622.15	957.00
622.27	948.20
622.40	968.80
622.52	944.40
622.64	947.40
622.77	907.40
622.89	986.20
623.02	1003.80
623.14	978.00
623.26	979.00
623.39	977.60
623.51	1009.80
623.63	938.80
623.76	916.00
623.88	1024.20
624.00	975.20
624.13	926.20
624.25	923.40
624.37	909.80
624.50	1003.00
624.62	983.00
624.75	915.20
624.87	920.20
624.99	986.40
625.12	926.40
625.24	941.80
625.36	1036.80
625.49	998.60
625.61	979.00
625.73	958.00
625.86	1002.60
625.98	957.60
626.10	926.40
626.23	911.20
626.35	977.40
626.47	943.60
626.60	909.80
626.72	921.80
626.84	944.20
626.97	985.60
627.09	948.80
627.21	954.00
627.34	1076.20
627.46	1058.80
627.58	954.40
627.71	965.80
627.83	1000.80
627.95	931.00
628.08	958.20
628.20	996.00
628.32	913.20
628.45	882.00
628.57	887.60
628.69	925.00
628.82	977.80
628.94	1016.80
629.06	956.00
629.19	935.20
629.31	994.80
629.43	927.00
629.56	973.00
629.68	965.80
629.80	1006.40
629.93	922.20
630.05	930.40
630.17	914.00
630.30	945.00
630.42	927.60
630.54	974.00
630.67	953.60
630.79	938.00
630.91	1092.80
631.04	982.60
631.16	969.40
631.28	968.40
631.41	934.20
631.53	911.00
631.65	953.00
631.78	981.80
631.90	962.00
632.02	952.60
632.14	875.60
632.27	1030.80
632.39	964.60
632.51	930.20
632.64	994.40
632.76	964.20
632.88	937.80
633.01	969.20
633.13	943.20
633.25	972.00
633.38	1073.00
633.50	904.60
633.62	907.00
633.75	900.20
633.87	885.20
633.99	975.20
634.11	911.20
634.24	937.20
634.36	953.00
634.48	947.80
634.61	929.80
634.73	988.80
634.85	938.40
634.98	930.60
635.10	935.00
635.22	956.00
635.35	1083.20
635.47	977.20
635.59	948.20
635.71	997.80
635.84	1015.20
635.96	942.60
636.08	989.20
636.21	937.00
636.33	973.40
636.45	956.40
636.58	933.00
636.70	902.20
636.82	985.80
636.94	938.80
637.07	904.00
637.19	1004.20
637.31	989.20
637.44	983.40
637.56	901.80
637.68	979.40
637.81	970.40
637.93	959.80
638.05	917.80
638.17	1014.60
638.30	1076.40
638.42	961.60
638.54	924.80
638.67	951.00
638.79	967.60
638.91	924.80
639.03	951.00
639.16	942.40
639.28	961.20
639.40	952.60
639.53	936.60
639.65	994.00
639.77	955.20
639.89	960.80
640.02	951.00
640.14	964.20
640.26	927.60
640.39	984.40
640.51	931.80
640.63	984.00
640.75	1011.40
640.88	954.00
641.00	934.60
641.12	933.60
641.24	1040.40
641.37	944.00
641.49	929.80
641.61	1066.00
641.74	939.40
641.86	966.20
641.98	916.20
642.10	976.60
642.23	988.00
642.35	946.80
642.47	974.40
642.60	971.60
642.72	995.20
642.84	903.20
642.96	913.00
643.09	922.40
643.21	920.20
643.33	924.40
643.45	922.80
643.58	1011.20
643.70	1041.00
643.82	938.20
643.94	943.80
644.07	967.60
644.19	973.20
644.31	961.00
644.44	961.60
644.56	952.20
644.68	922.60
644.80	928.60
644.93	918.20
645.05	926.40
645.17	971.80
645.29	966.80
645.42	950.40
645.54	961.20
645.66	992.60
645.78	950.00
645.91	939.40
646.03	998.20
646.15	1049.80
646.27	944.80
646.40	971.20
646.52	998.40
646.64	1012.40
646.76	949.80
646.89	897.80
647.01	999.80
647.13	990.00
647.25	1002.40
647.38	964.60
647.50	934.40
647.62	1007.40
647.74	909.00
647.87	921.40
647.99	982.60
648.11	988.80
648.23	957.20
648.36	909.60
648.48	1031.00
648.60	970.60
648.72	930.00
648.85	923.80
648.97	1018.40
649.09	994.60
649.21	937.00
649.34	972.80
649.46	982.00
649.58	978.00
649.70	1000.80
649.83	941.40
649.95	980.60
650.07	991.00
650.19	1005.20
650.32	968.40
650.44	1029.60
650.56	990.60
650.68	946.20
650.81	945.80
650.93	947.00
651.05	1036.00
651.17	933.80
651.29	978.00
651.42	962.80
651.54	985.00
651.66	933.40
651.78	936.20
651.91	999.00
652.03	1092.20
652.15	990.80
652.27	932.40
652.40	979.20
652.52	969.00
652.64	974.20
652.76	940.40
652.88	1074.40
653.01	980.60
653.13	934.20
653.25	899.80
653.37	1004.40
653.50	1018.20
653.62	986.60
653.74	911.00
653.86	1023.60
653.98	1008.60
654.11	936.20
654.23	951.00
654.35	958.60
654.47	1097.00
654.60	949.60
654.72	954.00
654.84	939.60
654.96	1010.80
655.08	947.20
655.21	987.00
655.33	975.60
655.45	1015.20
655.57	978.20
655.70	958.20
655.82	1012.80
655.94	1059.20
656.06	996.60
656.18	927.00
656.31	1025.80
656.43	1001.60
656.55	932.60
656.67	963.20
656.79	970.60
656.92	1031.00
657.04	985.80
657.16	956.60
657.28	1107.00
657.40	997.60
657.53	996.80
657.65	958.00
657.77	1037.00
657.89	1024.20
658.01	961.40
658.14	927.80
658.26	990.00
658.38	960.20
658.50	930.00
658.62	930.20
658.75	1106.60
658.87	1019.40
658.99	998.80
659.11	934.80
659.23	1027.40
659.36	1082.60
659.48	1029.80
659.60	993.60
659.72	989.40
659.84	984.80
659.97	1001.40
660.09	1003.40
660.21	1096.40
660.33	1039.20
660.45	922.00
660.58	899.60
660.70	949.60
660.82	974.40
660.94	930.20
661.06	957.80
661.19	1050.60
661.31	1029.20
661.43	968.20
661.55	963.40
661.67	1023.80
661.80	1059.20
661.92	974.40
662.04	978.60
662.16	985.80
662.28	1045.80
662.40	977.00
662.53	977.40
662.65	995.60
662.77	958.40
662.89	971.80
663.01	958.20
663.14	982.80
663.26	1020.20
663.38	980.80
663.50	943.80
663.62	962.20
663.74	986.00
663.87	954.80
663.99	982.60
664.11	1031.20
664.23	1108.00
664.35	968.40
664.48	954.60
664.60	971.80
664.72	965.80
664.84	943.80
664.96	968.60
665.08	1031.60
665.21	1004.20
665.33	1001.20
665.45	920.00
665.57	980.60
665.69	1069.20
665.81	980.60
665.94	948.40
666.06	957.00
666.18	1000.60
666.30	963.00
666.42	948.20
666.54	999.80
666.67	1018.00
666.79	949.80
666.91	1009.20
667.03	974.00
667.15	941.40
667.27	963.20
667.40	943.00
667.52	960.80
667.64	1020.60
667.76	963.60
667.88	938.80
668.00	1018.80
668.13	1028.20
668.25	946.80
668.37	947.20
668.49	969.60
668.61	1026.80
668.73	972.80
668.85	988.00
668.98	1006.00
669.10	996.60
669.22	964.40
669.34	971.60
669.46	1022.00
669.58	966.40
669.71	988.20
669.83	984.60
669.95	974.60
670.07	996.20
670.19	961.60
670.31	974.80
670.43	971.60
670.56	1007.00
670.68	1027.60
670.80	993.80
670.92	989.00
671.04	1044.60
671.16	970.60
671.28	966.00
671.41	978.20
671.53	1028.40
671.65	975.00
671.77	970.80
671.89	1150.60
672.01	1091.80
672.13	1023.20
672.26	950.00
672.38	993.00
672.50	958.00
672.62	983.20
672.74	992.80
672.86	986.80
672.98	990.60
673.11	985.60
673.23	995.80
673.35	1061.80
673.47	990.60
673.59	975.80
673.71	938.20
673.83	1011.00
673.96	1109.20
674.08	987.00
674.20	951.20
674.32	987.20
674.44	989.20
674.56	1011.20
674.68	997.40
674.80	1031.80
674.93	994.60
675.05	979.80
675.17	986.20
675.29	1027.40
675.41	1033.80
675.53	985.60
675.65	972.40
675.77	984.20
675.90	1052.40
676.02	958.80
676.14	954.40
676.26	1067.20
676.38	1099.00
676.50	995.60
676.62	1016.40
676.74	950.80
676.87	973.40
676.99	994.00
677.11	1033.60
677.23	1016.20
677.35	1029.00
677.47	945.00
677.59	962.20
677.71	1020.40
677.83	1029.80
677.96	992.40
678.08	983.00
678.20	999.00
678.32	969.20
678.44	996.00
678.56	989.40
678.68	1132.80
678.80	1043.40
678.93	975.20
679.05	995.00
679.17	993.40
679.29	1055.20
679.41	989.80
679.53	965.40
679.65	972.80
679.77	1005.60
679.89	984.00
680.01	1026.00
680.14	1035.00
680.26	942.20
680.38	981.20
680.50	1025.00
680.62	1081.60
680.74	1019.40
680.86	985.80
680.98	997.60
681.10	1019.20
681.22	1096.40
681.35	977.00
681.47	983.40
681.59	970.60
681.71	1088.60
681.83	993.80
681.95	959.40
682.07	1065.40
682.19	1021.00
682.31	975.60
682.43	959.00
682.56	1041.60
682.68	957.20
682.80	956.20
682.92	1013.00
683.04	1000.60
683.16	991.60
683.28	961.00
683.40	1012.60
683.52	1004.40
683.64	1024.80
683.76	958.60
683.89	976.00
684.01	996.00
684.13	1065.20
684.25	998.80
684.37	1002.80
684.49	1038.40
684.61	995.40
684.73	1000.20
684.85	981.00
684.97	966.80
685.09	1071.20
685.21	963.60
685.34	994.20
685.46	1141.20
685.58	1032.60
685.70	1012.20
685.82	1027.20
685.94	973.80
686.06	977.20
686.18	955.20
686.30	978.40
686.42	957.40
686.54	1026.80
686.66	959.40
686.79	1071.00
686.91	1030.80
687.03	1114.80
687.15	1024.40
687.27	988.40
687.39	997.40
687.51	1084.20
687.63	1012.00
687.75	1036.00
687.87	1030.40
687.99	1084.60
688.11	965.60
688.23	1019.20
688.35	1055.20
688.48	1053.40
688.60	972.40
688.72	992.60
688.84	1015.00
688.96	1045.40
689.08	1003.20
689.20	999.80
689.32	1135.80
689.44	1026.00
689.56	955.40
689.68	978.60
689.80	995.20
689.92	981.60
690.04	984.60
690.16	1037.40
690.28	1028.20
690.41	1031.00
690.53	967.60
690.65	1037.40
690.77	1063.00
690.89	1060.20
691.01	1014.20
691.13	987.60
691.25	965.20
691.37	1001.20
691.49	947.80
691.61	953.20
691.73	1090.80
691.85	1003.80
691.97	979.40
692.09	969.40
692.21	1051.60
692.33	1090.20
692.45	1008.80
692.57	987.00
692.70	1014.60
692.82	1039.40
692.94	947.20
693.06	975.20
693.18	1020.80
693.30	994.80
693.42	978.20
693.54	1010.00
693.66	1032.60
693.78	1030.20
693.90	992.20
694.02	1009.40
694.14	1036.80
694.26	993.20
694.38	1013.00
694.50	1009.20
694.62	1026.40
694.74	969.60
694.86	976.80
694.98	1010.20
695.10	1030.40
695.22	1063.40
695.34	978.40
695.46	973.40
695.58	1002.60
695.71	1026.80
695.83	987.60
695.95	986.80
696.07	1078.80
696.19	977.00
696.31	984.60
696.43	969.80
696.55	1101.00
696.67	1030.00
696.79	997.20
696.91	998.20
697.03	986.40
697.15	1095.60
697.27	1019.80
697.39	980.60
697.51	1045.20
697.63	986.20
697.75	980.80
697.87	1005.20
697.99	964.60
698.11	937.60
698.23	970.20
698.35	983.60
698.47	1000.20
698.59	1026.20
698.71	998.60
698.83	1049.00
698.95	972.00
699.07	1023.00
699.19	977.60
699.31	1004.60
699.43	980.40
699.55	1043.60
699.67	992.20
699.79	992.20
699.91	988.60
700.03	1023.20
700.15	1013.40
700.27	966.20
700.39	1007.20
700.51	959.60
700.63	988.60
700.75	997.20
700.87	1028.60
700.99	1003.40
701.11	1033.40
701.24	1006.00
701.36	1062.80
701.48	1056.20
701.60	1040.60
701.72	969.20
701.84	1082.20
701.96	1029.40
702.08	1003.40
702.20	1095.80
702.32	1052.80
702.44	1047.20
702.56	1012.20
702.68	1005.20
702.80	1035.40
702.92	1115.60
703.04	1084.80
703.16	1018.20
703.28	1034.40
703.40	1008.80
703.52	1036.20
703.64	1037.60
703.76	1032.60
703.88	1004.20
704.00	989.40
704.12	1002.40
704.24	1060.60
704.36	1028.40
704.48	1024.40
704.60	974.80
704.72	999.40
704.84	1001.20
704.96	1025.80
705.07	1020.20
705.19	976.80
705.31	993.20
705.43	1040.20
705.55	986.80
705.67	1037.40
705.79	1022.40
705.91	947.00
706.03	1010.20
706.15	1030.20
706.27	1010.00
706.39	997.80
706.51	1000.00
706.63	1002.20
706.75	1046.60
706.87	1019.40
706.99	1084.20
707.11	1024.00
707.23	1010.80
707.35	1037.80
707.47	1012.40
707.59	1050.00
707.71	1068.40
707.83	1012.40
707.95	1055.40
708.07	1025.60
708.19	1156.00
708.31	1034.60
708.43	985.60
708.55	1032.80
708.67	1083.80
708.79	1041.00
708.91	1060.00
709.03	1031.80
709.15	1068.60
709.27	993.60
709.39	1032.60
709.51	1014.00
709.63	1053.60
709.75	1047.40
709.87	976.00
709.99	1063.60
710.11	1005.00
710.23	1001.00
710.35	972.00
710.47	1129.00
710.58	1083.20
710.70	1068.40
710.82	1075.80
710.94	1028.40
711.06	1024.00
711.18	1034.40
711.30	1004.60
711.42	1069.00
711.54	1024.40
711.66	1045.40
711.78	990.40
711.90	1063.40
712.02	1098.20
712.14	988.40
712.26	972.40
712.38	1074.00
712.50	1096.60
712.62	1006.40
712.74	1001.20
712.86	1001.00
712.98	1082.20
713.10	1022.80
713.22	986.80
713.34	1042.80
713.45	1006.60
713.57	1031.80
713.69	988.00
713.81	1009.60
713.93	1034.60
714.05	1019.40
714.17	994.00
714.29	1104.60
714.41	1083.00
714.53	1012.60
714.65	1041.80
714.77	1027.00
714.89	979.40
715.01	1075.80
715.13	995.40
715.25	1034.80
715.37	995.40
715.49	967.80
715.61	1040.00
715.72	1050.40
715.84	1081.40
715.96	1012.40
716.08	1007.20
716.20	1109.00
716.32	1076.60
716.44	1019.20
716.56	1017.20
716.68	1035.60
716.80	1118.20
716.92	1082.80
717.04	1040.20
717.16	1057.20
717.28	1031.40
717.40	1018.20
717.52	1029.60
717.63	1008.00
717.75	1035.60
717.87	1036.40
717.99	1039.20
718.11	1009.60
718.23	1091.20
718.35	1052.80
718.47	1031.20
718.59	968.80
718.71	1027.00
718.83	1004.60
718.95	1056.80
719.07	1003.20
719.19	1027.80
719.30	1020.80
719.42	1032.20
719.54	1022.80
719.66	1050.40
719.78	1040.60
719.90	969.20
720.02	1034.60
720.14	1053.00
720.26	1061.40
720.38	1038.80
720.50	1000.80
720.62	946.00
720.74	1018.80
720.85	1025.80
720.97	1091.40
721.09	1137.20
721.21	1024.60
721.33	1096.40
721.45	1045.40
721.57	1053.60
721.69	992.80
721.81	972.40
721.93	1094.80
722.05	1052.80
722.16	1005.20
722.28	963.00
722.40	1006.00
722.52	1087.40
722.64	1095.00
722.76	998.20
722.88	1057.40
723.00	1061.60
723.12	1017.00
723.24	1035.00
723.36	974.80
723.47	1084.40
723.59	1039.40
723.71	1015.80
723.83	1054.20
723.95	1017.80
724.07	1038.20
724.19	1051.00
724.31	1114.00
724.43	1005.00
724.55	956.80
724.66	999.80
724.78	1188.20
724.90	1009.80
725.02	993.20
725.14	998.40
725.26	1032.40
725.38	968.60
725.50	1020.40
725.62	1041.40
725.74	1041.20
725.85	1036.00
725.97	1033.60
726.09	1093.00
726.21	1367.00
726.33	1089.80
726.45	1034.20
726.57	1002.00
726.69	1043.00
726.81	1049.60
726.92	1024.20
727.04	1043.20
727.16	1058.60
727.28	1030.80
727.40	1031.40
727.52	1039.80
727.64	1173.20
727.76	1129.60
727.88	1051.80
727.99	1000.80
728.11	1010.00
728.23	1033.60
728.35	1011.80
728.47	1013.40
728.59	1019.80
728.71	1059.60
728.83	1044.80
728.94	1074.60
729.06	1137.80
729.18	1113.80
729.30	1064.40
729.42	1033.80
729.54	1124.20
729.66	1133.80
729.78	1045.60
729.90	1044.60
730.01	1020.00
730.13	954.20
730.25	1023.00
730.37	1023.20
730.49	1056.00
730.61	1059.60
730.73	1054.20
730.84	1075.00
730.96	1072.60
731.08	1060.60
731.20	1047.60
731.32	1045.60
731.44	1204.20
731.56	1041.40
731.68	997.20
731.79	1058.40
731.91	1026.60
732.03	1020.20
732.15	1025.20
732.27	1005.80
732.39	1021.80
732.51	1073.60
732.62	1012.60
732.74	1041.60
732.86	1092.20
732.98	1064.60
733.10	1036.80
733.22	1043.80
733.34	1069.40
733.45	982.40
733.57	1026.20
733.69	996.80
733.81	1032.00
733.93	1048.00
734.05	967.00
734.17	1028.60
734.28	1039.00
734.40	1040.00
734.52	1032.00
734.64	1028.40
734.76	1125.60
734.88	1054.00
735.00	1017.40
735.11	1037.20
735.23	1095.60
735.35	1031.40
735.47	985.40
735.59	1071.40
735.71	1030.40
735.83	1056.60
735.94	1055.60
736.06	1049.20
736.18	1100.40
736.30	1091.40
736.42	1059.40
736.54	1065.60
736.65	1073.20
736.77	1217.20
736.89	1090.60
737.01	1043.80
737.13	1159.60
737.25	981.40
737.36	1005.60
737.48	1040.60
737.60	1049.80
737.72	1022.60
737.84	1032.80
737.96	1083.20
738.08	1043.00
738.19	1133.60
738.31	1036.40
738.43	1051.40
738.55	1057.80
738.67	1058.80
738.79	1020.20
738.90	1043.00
739.02	1062.80
739.14	1030.40
739.26	1035.80
739.38	1036.40
739.50	1072.00
739.61	1046.80
739.73	1036.00
739.85	1044.60
739.97	1068.20
740.09	1111.00
740.20	991.20
740.32	1055.20
740.44	1078.20
740.56	1014.60
740.68	1032.40
740.80	1047.00
740.91	1049.40
741.03	1094.80
741.15	1070.40
741.27	1030.40
741.39	1099.20
741.51	1068.00
741.62	1093.20
741.74	1042.00
741.86	1047.20
741.98	1013.80
742.10	1056.00
742.21	1060.80
742.33	1048.60
742.45	1015.20
742.57	1094.40
742.69	1030.60
742.80	1086.40
742.92	1040.80
743.04	1038.60
743.16	1024.20
743.28	1108.40
743.40	1007.00
743.51	1011.60
743.63	1009.20
743.75	1046.60
743.87	1047.80
743.99	1063.80
744.10	1033.20
744.22	1053.80
744.34	1030.80
744.46	1071.80
744.58	1048.20
744.69	977.20
744.81	1062.20
744.93	1004.20
745.05	998.20
745.17	1122.80
745.28	1134.60
745.40	1071.00
745.52	1036.80
745.64	1057.60
745.76	1091.60
745.87	1031.40
745.99	1026.00
746.11	1065.40
746.23	1020.00
746.35	1044.60
746.46	1017.80
746.58	1166.40
746.70	1063.60
746.82	1056.40
746.94	1043.20
747.05	1014.80
747.17	999.60
747.29	988.20
747.41	1036.20
747.53	1181.60
747.64	1033.40
747.76	1097.80
747.88	1093.80
748.00	1100.40
748.12	1058.60
748.23	1043.40
748.35	1064.80
748.47	1086.40
748.59	1094.20
748.70	1029.80
748.82	1000.00
748.94	1007.80
749.06	1038.60
749.18	1036.20
749.29	1004.20
749.41	1073.40
749.53	1058.20
749.65	1031.00
749.76	1070.80
749.88	1037.80
750.00	1055.60
750.12	1085.80
750.24	1062.80
750.35	1057.80
750.47	1006.40
750.59	1061.20
750.71	1038.20
750.82	1085.00
750.94	1021.00
751.06	1034.00
751.18	1021.80
751.30	1087.40
751.41	1087.80
751.53	1070.00
751.65	1022.80
751.77	1031.20
751.88	1058.80
752.00	1079.80
752.12	999.40
752.24	1103.40
752.35	1059.80
752.47	1077.40
752.59	1082.80
752.71	1131.00
752.83	1031.80
752.94	1097.60
753.06	1026.80
753.18	1046.80
753.30	1026.20
753.41	981.60
753.53	1022.20
753.65	1034.60
753.77	1101.20
753.88	1022.80
754.00	1052.00
754.12	1061.80
754.24	1128.20
754.35	1012.20
754.47	984.80
754.59	1086.60
754.71	1080.40
754.82	1044.60
754.94	1034.60
755.06	1101.60
755.18	1078.80
755.29	1060.40
755.41	1025.00
755.53	1077.40
755.65	1021.00
755.76	1051.60
755.88	1047.80
756.00	1117.60
756.12	1029.40
756.23	940.20
756.35	1017.60
756.47	1095.20
756.59	1022.40
756.70	1022.80
756.82	1010.60
756.94	1034.80
757.06	1056.20
757.17	1056.00
757.29	1035.80
757.41	994.40
757.53	1066.40
757.64	1039.80
757.76	1035.00
757.88	1071.40
758.00	1079.20
758.11	1028.40
758.23	997.00
758.35	1061.20
758.47	1002.80
758.58	1062.80
758.70	993.00
758.82	1022.80
758.94	1007.80
759.05	1040.80
759.17	987.40
759.29	1038.00
759.40	1109.00
759.52	1027.00
759.64	1031.40
759.76	1049.60
759.87	1066.20
759.99	1058.20
760.11	1019.00
760.23	1058.40
760.34	1081.80
760.46	1059.20
760.58	1026.80
760.70	1041.80
760.81	1092.60
760.93	1046.20
761.05	1065.00
761.16	1047.80
761.28	1034.80
761.40	1014.80
761.52	1005.60
761.63	1100.40
761.75	1047.60
761.87	1027.20
761.98	997.60
762.10	1078.00
762.22	1050.20
762.34	1067.60
762.45	1021.80
762.57	1074.20
762.69	1173.60
762.81	1030.40
762.92	1060.40
763.04	984.80
763.16	1054.20
763.27	1078.60
763.39	1021.00
763.51	1075.60
763.63	1059.80
763.74	1009.20
763.86	981.20
763.98	1015.80
764.09	1034.00
764.21	1047.40
764.33	986.80
764.44	1006.40
764.56	1038.80
764.68	1000.80
764.80	1030.80
764.91	974.00
765.03	1105.60
765.15	1020.40
765.26	1024.80
765.38	1002.60
765.50	1073.00
765.62	1055.40
765.73	1034.00
765.85	1045.80
765.97	988.00
766.08	1034.00
766.20	1045.00
766.32	1048.80
766.43	1080.20
766.55	1069.60
766.67	1028.20
766.79	1044.00
766.90	998.80
767.02	959.00
767.14	984.00
767.25	995.40
767.37	1128.40
767.49	1052.40
767.60	1016.60
767.72	1093.20
767.84	1062.60
767.95	1014.20
768.07	1001.20
768.19	1060.00
768.31	1061.60
768.42	1045.80
768.54	1019.60
768.66	1028.60
768.77	1067.00
768.89	1037.60
769.01	992.40
769.12	1051.20
769.24	1047.20
769.36	987.00
769.47	992.00
769.59	988.80
769.71	1051.80
769.82	1017.20
769.94	1023.00
770.06	999.20
770.17	1083.20
770.29	1041.20
770.41	1056.20
770.53	1049.00
770.64	986.80
770.76	1032.00
770.88	1047.40
770.99	1064.80
771.11	999.40
771.23	1038.40
771.34	1028.40
771.46	1134.00
771.58	1096.40
771.69	1061.00
771.81	1026.00
771.93	1079.80
772.04	1002.60
772.16	1049.60
772.28	1033.20
772.39	1088.20
772.51	1031.80
772.63	1048.40
772.74	1017.20
772.86	1028.20
772.98	1149.20
773.09	1002.60
773.21	1003.20
773.33	1050.80
773.44	1051.00
773.56	1020.60
773.68	1027.00
773.79	1082.20
773.91	1011.20
774.03	1031.20
774.14	1013.60
774.26	1078.00
774.38	995.00
774.49	980.00
774.61	1018.00
774.73	1035.60
774.84	1009.20
774.96	992.80
775.08	1024.20
775.19	1053.20
775.31	1092.80
775.43	1025.60
775.54	1001.80
775.66	964.00
775.77	1071.00
775.89	981.80
776.01	1042.60
776.12	1074.60
776.24	1040.80
776.36	976.20
776.47	987.40
776.59	1038.00
776.71	1076.20
776.82	958.80
776.94	973.40
777.06	1003.40
777.17	1092.80
777.29	980.00
777.41	981.60
777.52	1045.60
777.64	1026.00
777.75	1042.00
777.87	962.20
777.99	1001.00
778.10	1067.20
778.22	1001.80
778.34	1017.80
778.45	1010.00
778.57	1063.40
778.69	1054.60
778.80	1030.20
778.92	1121.80
779.04	1050.40
779.15	1015.80
779.27	1045.40
779.38	1049.80
779.50	1084.00
779.62	967.20
779.73	1000.80
779.85	954.80
779.97	1129.60
780.08	1021.20
780.20	1015.00
780.31	1053.40
780.43	1060.00
780.55	1003.60
780.66	1028.20
780.78	1041.20
780.90	1152.00
781.01	985.60
781.13	1015.60
781.25	1013.80
781.36	1080.80
781.48	1002.20
781.59	1010.20
781.71	1061.60
781.83	1043.80
781.94	986.40
782.06	992.60
782.18	1058.80
782.29	997.80
782.41	963.00
782.52	1060.80
782.64	1077.60
782.76	1037.60
782.87	1040.40
782.99	1008.00
783.10	1145.80
783.22	1169.80
783.34	1026.00
783.45	1026.20
783.57	1022.40
783.69	993.60
783.80	1022.80
783.92	1039.00
784.03	1009.60
784.15	988.60
784.27	1012.40
784.38	978.20
784.50	990.40
784.61	1026.20
784.73	989.40
784.85	987.40
784.96	985.80
785.08	1057.40
785.19	1048.80
785.31	1002.40
785.43	974.80
785.54	976.40
785.66	1026.00
785.77	1021.20
785.89	1043.60
786.01	959.20
786.12	1001.20
786.24	1004.20
786.35	1083.80
786.47	1018.20
786.59	991.40
786.70	964.40
786.82	1017.80
786.93	1029.80
787.05	1006.00
787.17	1004.20
787.28	1003.00
787.40	1015.00
787.51	1018.60
787.63	1019.60
787.75	964.60
787.86	1023.20
787.98	1041.60
788.09	1007.80
788.21	1029.40
788.33	1037.20
788.44	1020.00
788.56	979.00
788.67	1043.20
788.79	983.40
788.91	1006.60
789.02	988.20
789.14	997.40
789.25	1103.00
789.37	1026.00
789.48	978.20
789.60	1022.80
789.72	982.20
789.83	1030.80
789.95	1011.20
790.06	952.40
790.18	964.80
790.30	1030.20
790.41	1015.20
790.53	981.60
790.64	954.00
790.76	963.60
790.87	999.80
790.99	1016.40
791.11	1018.80
791.22	983.40
791.34	998.60
791.45	1033.20
791.57	1028.00
791.68	987.60
791.80	969.60
791.92	1030.80
792.03	970.40
792.15	949.20
792.26	985.20
792.38	950.20
792.49	1035.00
792.61	988.40
792.73	1001.60
792.84	1005.00
792.96	1105.00
793.07	992.60
793.19	1834.60
793.30	1093.20
793.42	1041.00
793.54	935.00
793.65	950.80
793.77	1140.60
793.88	992.80
794.00	947.60
794.11	992.00
794.23	934.40
794.34	1006.80
794.46	930.40
794.58	940.60
794.69	1082.60
794.81	1081.20
794.92	946.60
795.04	957.00
795.15	1071.40
795.27	1038.80
795.39	994.60
795.50	957.80
795.62	953.40
795.73	978.00
795.85	965.80
795.96	1007.20
796.08	1056.80
796.19	975.20
796.31	980.20
796.42	944.80
796.54	966.00
796.66	1044.40
796.77	946.00
796.89	932.40
797.00	1043.20
797.12	913.60
797.23	963.80
797.35	992.00
797.46	1023.20
797.58	1052.80
797.69	999.60
797.81	966.60
797.93	977.60
798.04	961.60
798.16	962.80
798.27	994.20
798.39	950.60
798.50	937.00
798.62	928.60
798.73	942.40
798.85	1064.20
798.96	990.80
799.08	1004.40
799.19	1014.20
799.31	993.00
799.43	985.00
799.54	958.80
799.66	989.40
799.77	1024.60
799.89	956.80
800.00	917.60
800.12	957.40
800.23	1039.40
800.35	1070.00
800.46	914.00
800.58	908.20
800.69	978.20
800.81	966.60
800.92	938.40
801.04	980.40
801.16	914.20
801.27	921.80
801.39	939.20
801.50	954.60
801.62	977.80
801.73	1021.20
801.85	1007.40
801.96	935.60
802.08	1028.80
802.19	1027.80
802.31	953.80
802.42	980.20
802.54	1057.60
802.65	1039.00
802.77	954.20
802.88	995.60
803.00	929.60
803.11	1088.20
803.23	981.80
803.34	967.20
803.46	994.40
803.57	944.00
803.69	999.80
803.80	933.00
803.92	1031.40
804.03	971.60
804.15	985.80
804.26	1011.00
804.38	1014.80
804.50	940.60
804.61	975.40
804.73	967.20
804.84	973.40
804.96	898.00
805.07	958.80
805.19	931.40
805.30	994.80
805.42	1013.40
805.53	968.00
805.65	936.20
805.76	918.80
805.88	946.80
805.99	974.60
806.11	985.80
806.22	940.80
806.34	960.40
806.45	960.20
806.57	942.00
806.68	1002.60
806.80	889.60
806.91	920.80
807.03	916.00
807.14	892.80
807.26	893.20
807.37	900.40
807.49	964.40
807.60	936.40
807.72	1031.40
807.83	1032.80
807.95	958.20
808.06	975.60
808.17	971.60
808.29	985.20
808.40	914.80
808.52	955.40
808.63	961.80
808.75	955.00
808.86	942.40
808.98	979.80
809.09	928.40
809.21	966.00
809.32	924.00
809.44	980.60
809.55	914.20
809.67	957.80
809.78	903.80
809.90	976.20
810.01	1013.80
810.13	918.00
810.24	963.00
810.36	890.20
810.47	966.20
810.59	940.40
810.70	962.60
810.82	976.60
810.93	900.00
811.05	910.40
811.16	912.00
811.27	903.60
811.39	938.60
811.50	969.80
811.62	873.60
811.73	859.80
811.85	950.00
811.96	937.80
812.08	957.20
812.19	937.20
812.31	952.60
812.42	921.60
812.54	908.00
812.65	976.80
812.77	983.60
812.88	960.40
813.00	959.80
813.11	957.00
813.22	893.40
813.34	898.60
813.45	925.60
813.57	1010.20
813.68	1024.80
813.80	928.60
813.91	891.40
814.03	915.60
814.14	1011.00
814.26	893.80
814.37	916.20
814.49	914.20
814.60	900.00
814.71	884.20
814.83	901.00
814.94	859.00
815.06	901.40
815.17	918.40
815.29	901.00
815.40	869.80
815.52	993.00
815.63	895.40
815.75	879.60
815.86	923.00
815.97	854.20
816.09	900.80
816.20	926.00
816.32	932.20
816.43	856.00
816.55	905.20
816.66	884.00
816.78	997.00
816.89	901.00
817.00	901.20
817.12	870.20
817.23	871.60
817.35	938.20
817.46	903.00
817.58	867.80
817.69	993.40
817.81	900.00
817.92	928.20
818.03	893.80
818.15	901.60
818.26	867.00
818.38	849.60
818.49	877.40
818.61	906.40
818.72	860.00
818.83	1957.60
818.95	1023.80
819.06	872.20
819.18	873.20
819.29	900.40
819.41	871.20
819.52	901.80
819.64	901.40
819.75	855.80
819.86	840.20
819.98	867.60
820.09	914.60
820.21	881.20
820.32	850.80
820.44	899.60
820.55	967.40
820.66	863.20
820.78	911.80
820.89	871.40
821.01	904.20
821.12	884.20
821.23	887.00
821.35	855.60
821.46	924.40
821.58	873.20
821.69	855.20
821.81	848.20
821.92	936.00
822.03	858.60
822.15	879.00
822.26	836.20
822.38	832.00
822.49	881.20
822.61	882.00
822.72	881.00
822.83	930.80
822.95	864.20
823.06	869.20
823.18	918.20
823.29	949.60
823.40	887.00
823.52	850.80
823.63	815.00
823.75	969.00
823.86	858.00
823.97	821.40
824.09	901.20
824.20	829.80
824.32	868.40
824.43	844.20
824.55	900.40
824.66	959.80
824.77	854.20
824.89	861.80
825.00	921.00
825.12	879.40
825.23	875.40
825.34	814.00
825.46	821.00
825.57	900.60
825.69	842.60
825.80	787.60
825.91	830.80
826.03	805.40
826.14	872.20
826.26	814.00
826.37	856.80
826.48	839.40
826.60	856.80
826.71	821.40
826.83	864.20
826.94	872.60
827.05	888.60
827.17	885.40
827.28	847.20
827.39	834.60
827.51	807.00
827.62	828.40
827.74	853.20
827.85	847.00
827.96	823.20
828.08	838.00
828.19	944.60
828.31	832.00
828.42	779.20
828.53	858.00
828.65	893.20
828.76	892.60
828.87	854.40
828.99	805.00
