Wavelength (nm)	Intensity
377.35	817.00
377.48	593.67
377.62	594.33
377.75	624.00
377.88	850.67
378.02	834.67
378.15	823.67
378.28	794.33
378.41	876.33
378.55	844.33
378.68	827.00
378.81	808.33
378.95	848.67
379.08	835.00
379.21	801.00
379.35	857.00
379.48	859.33
379.61	920.00
379.74	831.33
379.88	804.00
380.01	889.67
380.14	949.33
380.28	871.00
380.41	790.33
380.54	854.00
380.68	863.67
380.81	769.33
380.94	854.67
381.07	916.00
381.21	910.67
381.34	820.33
381.47	763.00
381.61	988.00
381.74	844.67
381.87	796.67
382.00	856.33
382.14	926.67
382.27	882.67
382.40	802.33
382.54	887.33
382.67	906.33
382.80	813.33
382.93	800.67
383.07	823.00
383.20	834.33
383.33	876.33
383.47	802.33
383.60	792.33
383.73	993.00
383.86	876.00
384.00	828.33
384.13	820.67
384.26	872.00
384.40	886.00
384.53	835.33
384.66	863.67
384.79	852.67
384.93	819.00
385.06	819.33
385.19	844.67
385.33	966.33
385.46	873.33
385.59	808.67
385.72	843.33
385.86	802.67
385.99	825.33
386.12	819.67
386.25	793.00
386.39	879.00
386.52	888.33
386.65	827.00
386.79	827.00
386.92	823.00
387.05	937.67
387.18	793.67
387.32	806.67
387.45	871.67
387.58	857.33
387.71	809.67
387.85	809.67
387.98	862.67
388.11	882.00
388.25	842.00
388.38	822.00
388.51	877.33
388.64	883.33
388.78	807.67
388.91	791.33
389.04	829.33
389.17	955.67
389.31	838.00
389.44	866.33
389.57	908.67
389.70	860.00
389.84	809.00
389.97	810.00
390.10	815.00
390.24	868.67
390.37	816.00
390.50	805.33
390.63	910.33
390.77	833.67
390.90	836.33
391.03	829.33
391.16	793.33
391.30	818.67
391.43	812.00
391.56	817.33
391.69	809.67
391.83	903.00
391.96	846.33
392.09	817.33
392.22	935.67
392.36	875.67
392.49	799.00
392.62	827.00
392.75	854.00
392.89	911.67
393.02	802.67
393.15	802.67
393.28	782.33
393.42	932.67
393.55	788.00
393.68	806.33
393.81	774.67
393.95	830.67
394.08	815.67
394.21	822.00
394.34	880.67
394.48	875.33
394.61	864.33
394.74	842.00
394.87	889.33
395.01	856.67
395.14	863.67
395.27	809.33
395.40	937.67
395.54	942.67
395.67	841.67
395.80	823.67
395.93	873.33
396.07	823.33
396.20	813.33
396.33	760.67
396.46	818.33
396.59	830.33
396.73	819.00
396.86	794.67
396.99	897.00
397.12	855.67
397.26	844.00
397.39	833.33
397.52	1162.33
397.65	943.67
397.79	835.00
397.92	821.00
398.05	895.33
398.18	827.67
398.32	829.67
398.45	866.67
398.58	868.67
398.71	872.67
398.84	795.00
398.98	829.67
399.11	870.33
399.24	867.67
399.37	820.33
399.51	799.00
399.64	847.00
399.77	853.00
399.90	834.00
400.03	828.00
400.17	793.00
400.30	898.33
400.43	874.00
400.56	832.00
400.70	842.33
400.83	817.33
400.96	802.00
401.09	836.33
401.23	855.33
401.36	906.67
401.49	816.33
401.62	837.67
401.75	831.67
401.89	813.00
402.02	834.00
402.15	826.33
402.28	855.67
402.41	864.00
402.55	811.67
402.68	826.33
402.81	913.00
402.94	880.33
403.08	805.33
403.21	789.67
403.34	877.33
403.47	873.00
403.60	812.00
403.74	852.00
403.87	882.33
404.00	822.33
404.13	812.33
404.26	789.00
404.40	807.67
404.53	854.00
404.66	825.00
404.79	793.67
404.93	880.33
405.06	851.00
405.19	781.67
405.32	834.33
405.45	862.33
405.59	878.33
405.72	832.67
405.85	797.33
405.98	1024.00
406.11	808.67
406.25	803.00
406.38	826.67
406.51	876.00
406.64	833.67
406.77	785.33
406.91	786.33
407.04	866.33
407.17	835.67
407.30	846.00
407.43	830.67
407.57	924.67
407.70	902.00
407.83	800.67
407.96	819.33
408.09	798.67
408.23	933.33
408.36	826.00
408.49	815.67
408.62	962.67
408.75	850.67
408.89	803.33
409.02	848.33
409.15	841.33
409.28	931.67
409.41	860.33
409.55	808.67
409.68	959.33
409.81	865.33
409.94	818.00
410.07	830.00
410.20	847.33
410.34	830.33
410.47	836.67
410.60	845.33
410.73	892.00
410.86	810.67
411.00	839.00
411.13	800.33
411.26	849.33
411.39	842.33
411.52	857.67
411.66	810.00
411.79	826.67
411.92	821.00
412.05	832.00
412.18	832.67
412.31	864.00
412.45	868.33
412.58	867.33
412.71	799.33
412.84	866.00
412.97	930.00
413.11	842.33
413.24	846.00
413.37	880.67
413.50	949.67
413.63	853.33
413.76	817.33
413.90	882.00
414.03	834.00
414.16	820.33
414.29	856.33
414.42	847.67
414.56	957.67
414.69	823.33
414.82	831.00
414.95	840.67
415.08	865.67
415.21	840.33
415.35	843.67
415.48	768.00
415.61	895.33
415.74	886.67
415.87	795.33
416.00	864.00
416.14	978.00
416.27	841.33
416.40	813.00
416.53	843.67
416.66	873.00
416.79	845.67
416.93	800.33
417.06	903.67
417.19	845.33
417.32	830.00
417.45	813.00
417.58	797.33
417.72	901.33
417.85	809.00
417.98	822.33
418.11	886.00
418.24	826.67
418.37	815.67
418.51	832.67
418.64	844.00
418.77	923.67
418.90	853.33
419.03	796.67
419.16	857.00
419.29	879.33
419.43	814.67
419.56	791.33
419.69	958.67
419.82	895.67
419.95	836.33
420.08	879.33
420.22	913.00
420.35	972.33
420.48	871.67
420.61	818.33
420.74	793.67
420.87	874.67
421.00	796.67
421.14	819.67
421.27	888.33
421.40	923.33
421.53	851.33
421.66	834.67
421.79	842.33
421.93	848.33
422.06	838.00
422.19	819.00
422.32	890.67
422.45	891.67
422.58	842.33
422.71	811.33
422.85	897.33
422.98	898.33
423.11	793.00
423.24	792.67
423.37	802.00
423.50	811.00
423.63	838.00
423.77	805.67
423.90	816.00
424.03	869.33
424.16	859.00
424.29	828.67
424.42	793.67
424.55	816.67
424.69	797.33
424.82	834.67
424.95	861.00
425.08	829.00
425.21	863.33
425.34	817.00
425.47	846.33
425.60	863.67
425.74	790.67
425.87	816.33
426.00	853.00
426.13	862.00
426.26	813.67
426.39	809.33
426.52	834.00
426.66	914.67
426.79	865.67
426.92	815.00
427.05	952.33
427.18	905.33
427.31	840.33
427.44	837.67
427.57	811.33
427.71	838.33
427.84	794.33
427.97	834.33
428.10	912.67
428.23	855.00
428.36	831.33
428.49	750.33
428.62	987.00
428.76	948.33
428.89	856.67
429.02	793.33
429.15	840.33
429.28	935.67
429.41	825.67
429.54	831.67
429.67	819.33
429.81	868.33
429.94	838.67
430.07	818.67
430.20	890.33
430.33	917.00
430.46	801.67
430.59	808.67
430.72	835.33
430.85	795.00
430.99	821.33
431.12	807.00
431.25	908.00
431.38	923.00
431.51	845.67
431.64	839.00
431.77	927.67
431.90	931.00
432.03	839.00
432.17	805.00
432.30	848.33
432.43	861.67
432.56	839.33
432.69	864.33
432.82	853.67
432.95	899.67
433.08	836.67
433.21	840.00
433.35	831.67
433.48	839.67
433.61	799.33
433.74	823.00
433.87	815.33
434.00	886.33
434.13	812.67
434.26	860.67
434.39	873.33
434.53	884.00
434.66	824.67
434.79	822.33
434.92	824.67
435.05	919.00
435.18	815.67
435.31	861.00
435.44	903.67
435.57	849.67
435.70	831.00
435.84	802.33
435.97	920.00
436.10	979.33
436.23	823.67
436.36	796.67
436.49	822.33
436.62	869.33
436.75	831.00
436.88	862.00
437.01	821.67
437.14	815.33
437.28	795.67
437.41	812.33
437.54	902.33
437.67	888.67
437.80	818.33
437.93	790.33
438.06	974.33
438.19	902.33
438.32	810.33
438.45	796.33
438.58	869.33
438.72	930.33
438.85	889.33
438.98	822.33
439.11	867.00
439.24	914.67
439.37	897.33
439.50	871.00
439.63	912.00
439.76	843.33
439.89	809.00
440.02	828.33
440.15	875.67
440.29	918.67
440.42	841.33
440.55	837.00
440.68	935.67
440.81	984.33
440.94	851.67
441.07	843.33
441.20	947.67
441.33	860.67
441.46	826.00
441.59	814.33
441.72	839.33
441.85	870.00
441.99	875.00
442.12	873.33
442.25	941.33
442.38	880.33
442.51	853.00
442.64	796.67
442.77	850.00
442.90	843.33
443.03	795.33
443.16	832.67
443.29	855.00
443.42	917.67
443.55	821.67
443.68	832.00
443.82	805.00
443.95	835.67
444.08	826.67
444.21	830.33
444.34	819.33
444.47	843.67
444.60	838.67
444.73	847.33
444.86	844.33
444.99	934.00
445.12	866.33
445.25	851.67
445.38	861.00
445.51	893.00
445.64	849.33
445.78	814.00
445.91	790.67
446.04	967.00
446.17	890.67
446.30	783.67
446.43	879.67
446.56	866.00
446.69	806.00
446.82	812.67
446.95	888.67
447.08	900.00
447.21	843.00
447.34	826.33
447.47	905.33
447.60	898.33
447.73	846.33
447.86	872.67
447.99	853.00
448.13	869.00
448.26	884.33
448.39	828.33
448.52	885.33
448.65	888.33
448.78	837.67
448.91	824.33
449.04	882.67
449.17	828.67
449.30	865.33
449.43	848.00
449.56	848.00
449.69	923.00
449.82	838.67
449.95	802.33
450.08	906.33
450.21	892.00
450.34	838.00
450.47	838.00
450.60	890.33
450.73	852.33
450.87	833.33
451.00	857.67
451.13	887.67
451.26	1018.33
451.39	831.67
451.52	868.67
451.65	854.33
451.78	842.33
451.91	831.33
452.04	823.00
452.17	943.33
452.30	947.33
452.43	832.33
452.56	829.33
452.69	903.00
452.82	824.00
452.95	876.00
453.08	815.33
453.21	776.33
453.34	900.00
453.47	820.67
453.60	900.00
453.73	948.67
453.86	891.00
453.99	860.33
454.12	863.00
454.25	845.33
454.38	875.00
454.52	804.33
454.65	827.67
454.78	828.67
454.91	790.00
455.04	827.33
455.17	806.00
455.30	827.00
455.43	908.00
455.56	835.67
455.69	801.67
455.82	878.67
455.95	870.33
456.08	806.33
456.21	803.00
456.34	795.00
456.47	792.00
456.60	823.67
456.73	814.33
456.86	840.67
456.99	881.33
457.12	821.00
457.25	836.00
457.38	911.33
457.51	892.67
457.64	851.00
457.77	831.33
457.90	848.67
458.03	826.33
458.16	833.67
458.29	833.00
458.42	850.67
458.55	789.00
458.68	815.33
458.81	839.67
458.94	920.67
459.07	964.33
459.20	817.33
459.33	818.67
459.46	926.67
459.59	957.00
459.72	914.00
459.85	839.33
459.98	935.67
460.11	887.67
460.24	850.67
460.37	801.00
460.50	897.33
460.63	864.33
460.76	831.33
460.89	848.33
461.02	863.67
461.15	898.00
461.28	842.67
461.41	832.00
461.54	933.00
461.67	817.00
461.80	845.33
461.93	892.33
462.06	875.33
462.19	915.67
462.32	837.67
462.45	827.33
462.58	893.67
462.71	849.33
462.84	842.33
462.97	784.00
463.10	837.33
463.23	862.33
463.36	877.67
463.49	861.00
463.62	797.33
463.75	867.67
463.88	831.67
464.01	845.00
464.14	807.00
464.27	958.00
464.40	838.33
464.53	840.00
464.66	892.33
464.79	880.67
464.92	858.67
465.05	820.00
465.18	852.33
465.31	855.00
465.44	833.00
465.57	828.00
465.70	840.00
465.83	975.67
465.96	856.00
466.09	820.67
466.22	912.00
466.35	881.67
466.48	830.67
466.61	834.33
466.74	853.33
466.87	902.67
467.00	880.33
467.13	866.33
467.26	899.67
467.39	806.67
467.52	809.33
467.65	836.33
467.78	929.33
467.91	849.67
468.04	854.00
468.17	824.67
468.30	832.67
468.43	805.67
468.56	824.67
468.69	863.00
468.82	894.00
468.95	814.00
469.08	836.67
469.21	837.67
469.34	892.67
469.47	969.33
469.60	940.00
469.73	850.67
469.86	872.00
469.99	906.67
470.11	830.33
470.24	837.00
470.37	896.67
470.50	866.33
470.63	828.33
470.76	842.33
470.89	905.00
471.02	979.67
471.15	847.67
471.28	841.67
471.41	968.33
471.54	893.00
471.67	841.00
471.80	788.33
471.93	909.00
472.06	888.00
472.19	837.00
472.32	826.00
472.45	975.00
472.58	904.00
472.71	863.00
472.84	836.00
472.97	832.67
473.10	806.00
473.23	892.67
473.36	812.67
473.49	933.33
473.62	906.33
473.74	882.00
473.87	904.33
474.00	832.33
474.13	842.33
474.26	866.00
474.39	882.67
474.52	867.33
474.65	848.00
474.78	861.00
474.91	805.00
475.04	887.67
475.17	992.67
475.30	883.33
475.43	871.33
475.56	920.67
475.69	873.67
475.82	892.00
475.95	828.33
476.08	942.67
476.21	885.33
476.34	896.00
476.46	891.67
476.59	940.00
476.72	855.33
476.85	849.33
476.98	831.00
477.11	933.00
477.24	880.00
477.37	800.00
477.50	841.33
477.63	872.67
477.76	843.33
477.89	805.33
478.02	828.00
478.15	875.33
478.28	872.00
478.41	879.67
478.54	844.33
478.66	908.00
478.79	868.00
478.92	853.33
479.05	868.00
479.18	886.00
479.31	839.33
479.44	839.67
479.57	829.67
479.70	847.00
479.83	878.00
479.96	858.33
480.09	880.67
480.22	1005.67
480.35	994.00
480.48	920.67
480.60	879.33
480.73	853.00
480.86	906.67
480.99	857.00
481.12	863.00
481.25	870.00
481.38	946.00
481.51	859.67
481.64	865.33
481.77	898.33
481.90	871.33
482.03	874.67
482.16	857.67
482.29	938.67
482.41	883.33
482.54	893.33
482.67	850.67
482.80	870.33
482.93	930.67
483.06	835.33
483.19	932.33
483.32	916.00
483.45	871.33
483.58	888.00
483.71	890.00
483.84	924.00
483.97	913.67
484.09	870.33
484.22	860.00
484.35	848.33
484.48	832.33
484.61	849.33
484.74	855.67
484.87	904.00
485.00	833.33
485.13	891.33
485.26	842.33
485.39	906.67
485.52	872.00
485.64	942.33
485.77	902.33
485.90	936.33
486.03	851.00
486.16	898.00
486.29	846.67
486.42	881.33
486.55	903.00
486.68	868.00
486.81	905.67
486.94	899.00
487.06	870.33
487.19	896.33
487.32	902.33
487.45	890.00
487.58	859.33
487.71	886.00
487.84	837.33
487.97	923.67
488.10	939.67
488.23	861.00
488.35	825.67
488.48	884.33
488.61	834.00
488.74	857.67
488.87	861.33
489.00	894.33
489.13	984.33
489.26	915.67
489.39	916.00
489.52	922.00
489.64	917.00
489.77	885.33
489.90	886.00
490.03	888.00
490.16	861.67
490.29	870.67
490.42	854.67
490.55	892.33
490.68	860.33
490.81	873.33
490.93	831.33
491.06	955.67
491.19	916.00
491.32	897.67
491.45	914.67
491.58	849.33
491.71	902.33
491.84	869.67
491.97	873.00
492.09	959.67
492.22	917.00
492.35	903.00
492.48	921.67
492.61	910.00
492.74	897.33
492.87	905.67
493.00	884.67
493.12	864.00
493.25	893.33
493.38	889.33
493.51	861.33
493.64	846.33
493.77	899.00
493.90	907.67
494.03	911.00
494.16	952.33
494.28	974.67
494.41	886.33
494.54	893.00
494.67	1026.00
494.80	977.33
494.93	895.00
495.06	914.00
495.19	921.67
495.31	901.67
495.44	872.67
495.57	856.33
495.70	918.00
495.83	885.67
495.96	858.33
496.09	902.67
496.22	972.67
496.34	998.00
496.47	893.00
496.60	926.33
496.73	954.33
496.86	949.00
496.99	872.33
497.12	896.67
497.24	837.00
497.37	895.67
497.50	878.33
497.63	871.33
497.76	892.00
497.89	975.00
498.02	922.00
498.15	817.33
498.27	899.00
498.40	962.00
498.53	973.33
498.66	913.67
498.79	951.67
498.92	865.33
499.05	908.67
499.17	898.00
499.30	931.00
499.43	999.00
499.56	921.33
499.69	854.00
499.82	919.00
499.95	889.67
500.07	875.33
500.20	903.33
500.33	954.33
500.46	1056.33
500.59	911.67
500.72	916.33
500.85	967.67
500.97	953.67
501.10	952.67
501.23	858.67
501.36	915.67
501.49	986.33
501.62	932.67
501.75	906.33
501.87	973.00
502.00	859.00
502.13	930.67
502.26	920.33
502.39	896.67
502.52	897.33
502.64	864.33
502.77	888.33
502.90	944.67
503.03	910.67
503.16	882.33
503.29	874.33
503.42	962.33
503.54	929.00
503.67	905.67
503.80	909.00
503.93	958.33
504.06	878.67
504.19	905.67
504.31	974.67
504.44	925.33
504.57	939.33
504.70	920.00
504.83	861.67
504.96	944.00
505.08	906.67
505.21	915.00
505.34	1014.33
505.47	977.67
505.60	953.67
505.73	962.33
505.85	962.67
505.98	1065.00
506.11	915.33
506.24	876.33
506.37	872.33
506.50	923.67
506.62	968.67
506.75	904.67
506.88	887.67
507.01	943.33
507.14	874.00
507.27	901.67
507.39	874.00
507.52	894.67
507.65	915.67
507.78	934.00
507.91	877.67
508.04	986.00
508.16	971.67
508.29	925.67
508.42	897.00
508.55	872.33
508.68	889.67
508.81	950.00
508.93	900.33
509.06	892.67
509.19	965.00
509.32	954.00
509.45	927.00
509.57	954.00
509.70	881.33
509.83	914.33
509.96	864.67
510.09	926.00
510.22	917.33
510.34	928.00
510.47	910.00
510.60	1028.67
510.73	934.00
510.86	942.00
510.98	900.33
511.11	904.00
511.24	984.33
511.37	951.33
511.50	912.67
511.63	946.00
511.75	930.67
511.88	924.33
512.01	953.33
512.14	929.67
512.27	939.00
512.39	929.33
512.52	901.00
512.65	932.67
512.78	901.33
512.91	936.33
513.03	921.67
513.16	974.00
513.29	940.67
513.42	919.67
513.55	878.67
513.67	945.67
513.80	867.33
513.93	895.67
514.06	905.00
514.19	939.67
514.31	932.67
514.44	968.00
514.57	913.67
514.70	940.33
514.83	984.67
514.95	905.33
515.08	931.00
515.21	971.00
515.34	938.00
515.47	926.00
515.59	896.67
515.72	947.67
515.85	961.33
515.98	978.00
516.11	938.00
516.23	976.00
516.36	1007.00
516.49	953.67
516.62	934.00
516.75	1003.00
516.87	1008.67
517.00	900.67
517.13	945.67
517.26	1005.67
517.39	961.00
517.51	869.67
517.64	933.33
517.77	1017.67
517.90	911.00
518.02	922.00
518.15	892.33
518.28	854.33
518.41	925.33
518.54	929.67
518.66	942.33
518.79	884.00
518.92	906.00
519.05	903.33
519.18	920.67
519.30	976.33
519.43	896.33
519.56	903.67
519.69	904.33
519.81	989.00
519.94	922.33
520.07	866.67
520.20	905.67
520.33	946.33
520.45	1009.67
520.58	940.33
520.71	951.33
520.84	989.67
520.96	958.00
521.09	933.00
521.22	913.33
521.35	978.67
521.48	978.00
521.60	911.00
521.73	929.00
521.86	1004.67
521.99	1024.67
522.11	954.67
522.24	927.33
522.37	962.33
522.50	952.67
522.62	991.00
522.75	870.33
522.88	953.00
523.01	922.33
523.14	957.33
523.26	946.33
523.39	1019.33
523.52	924.67
523.65	1041.00
523.77	974.67
523.90	955.67
524.03	935.00
524.16	930.33
524.28	924.33
524.41	933.00
524.54	934.33
524.67	893.00
524.79	925.67
524.92	974.67
525.05	1017.67
525.18	911.33
525.31	975.67
525.43	916.33
525.56	1062.00
525.69	933.33
525.82	872.00
525.94	989.67
526.07	991.67
526.20	978.33
526.33	983.00
526.45	1069.33
526.58	1055.00
526.71	960.67
526.84	934.67
526.96	962.00
527.09	916.00
527.22	934.33
527.35	941.67
527.47	902.67
527.60	1022.00
527.73	917.33
527.86	967.33
527.98	978.67
528.11	975.00
528.24	901.00
528.37	935.33
528.49	913.00
528.62	956.67
528.75	972.67
528.88	918.67
529.00	991.67
529.13	1010.33
529.26	950.33
529.39	981.33
529.51	1084.00
529.64	1067.00
529.77	917.33
529.90	928.67
530.02	948.67
530.15	932.67
530.28	873.67
530.40	914.33
530.53	944.00
530.66	973.67
530.79	933.33
530.91	941.33
531.04	927.33
531.17	945.33
531.30	937.00
531.42	943.67
531.55	959.33
531.68	1025.33
531.81	924.33
531.93	935.00
532.06	962.33
532.19	921.00
532.31	940.33
532.44	935.00
532.57	978.67
532.70	928.67
532.82	947.67
532.95	965.33
533.08	1022.67
533.21	989.67
533.33	923.00
533.46	931.67
533.59	951.67
533.71	1066.00
533.84	959.33
533.97	933.67
534.10	937.33
534.22	923.00
534.35	946.33
534.48	960.67
534.61	983.67
534.73	887.00
534.86	913.00
534.99	953.67
535.11	1006.00
535.24	976.67
535.37	937.00
535.50	913.67
535.62	921.33
535.75	1024.33
535.88	962.00
536.00	920.67
536.13	946.33
536.26	937.33
536.39	929.67
536.51	911.67
536.64	974.00
536.77	957.67
536.89	943.67
537.02	955.67
537.15	985.00
537.28	950.67
537.40	961.67
537.53	928.00
537.66	1005.00
537.78	960.00
537.91	919.67
538.04	936.67
538.17	992.67
538.29	982.33
538.42	1029.67
538.55	998.67
538.67	991.67
538.80	940.67
538.93	963.67
539.05	963.67
539.18	1035.33
539.31	1006.67
539.44	973.33
539.56	879.00
539.69	949.00
539.82	945.00
539.94	923.00
540.07	931.00
540.20	1034.00
540.32	937.00
540.45	963.00
540.58	947.33
540.71	1010.00
540.83	909.33
540.96	943.67
541.09	963.67
541.21	1037.67
541.34	1037.33
541.47	943.00
541.59	967.33
541.72	1057.00
541.85	1111.67
541.98	1016.33
542.10	961.67
542.23	986.33
542.36	1082.67
542.48	966.67
542.61	958.00
542.74	932.67
542.86	952.33
542.99	957.33
543.12	939.33
543.24	977.67
543.37	916.33
543.50	961.67
543.62	938.33
543.75	964.67
543.88	960.33
544.01	970.33
544.13	984.33
544.26	993.33
544.39	946.00
544.51	942.00
544.64	920.33
544.77	993.67
544.89	950.33
545.02	962.67
545.15	938.67
545.27	1057.33
545.40	1035.67
545.53	997.67
545.65	986.67
545.78	891.33
545.91	922.67
546.03	950.67
546.16	963.67
546.29	946.00
546.41	934.33
546.54	948.00
546.67	923.33
546.79	1010.00
546.92	1059.33
547.05	918.00
547.17	964.00
547.30	938.67
547.43	997.33
547.56	935.67
547.68	947.33
547.81	923.67
547.94	1000.00
548.06	955.67
548.19	932.67
548.32	1032.33
548.44	980.00
548.57	989.33
548.70	1008.67
548.82	1026.00
548.95	1017.00
549.08	968.00
549.20	958.33
549.33	1051.67
549.45	984.33
549.58	960.67
549.71	917.33
549.83	1025.00
549.96	925.67
550.09	969.67
550.21	951.00
550.34	980.00
550.47	962.33
550.59	958.33
550.72	894.00
550.85	979.00
550.97	1037.00
551.10	946.33
551.23	956.00
551.35	1027.67
551.48	983.00
551.61	964.67
551.73	947.00
551.86	1050.33
551.99	1052.00
552.11	981.67
552.24	999.00
552.37	987.67
552.49	956.67
552.62	962.00
552.75	1009.00
552.87	959.00
553.00	956.33
553.12	982.33
553.25	957.67
553.38	1004.33
553.50	1025.33
553.63	966.00
553.76	912.33
553.88	977.67
554.01	966.00
554.14	964.00
554.26	994.67
554.39	1063.33
554.52	976.33
554.64	967.67
554.77	945.67
554.89	1020.67
555.02	1046.00
555.15	990.33
555.27	976.00
555.40	977.67
555.53	1039.00
555.65	977.00
555.78	946.33
555.91	1029.33
556.03	1058.00
556.16	942.33
556.29	984.00
556.41	1049.67
556.54	1058.00
556.66	981.33
556.79	964.67
556.92	987.00
557.04	1001.33
557.17	959.67
557.30	970.00
557.42	961.33
557.55	986.67
557.67	999.67
557.80	968.33
557.93	998.33
558.05	993.00
558.18	937.00
558.31	991.33
558.43	1032.67
558.56	999.33
558.68	977.00
558.81	942.00
558.94	972.33
559.06	1102.67
559.19	976.67
559.32	979.67
559.44	944.67
559.57	997.67
559.69	955.67
559.82	966.33
559.95	971.00
560.07	972.33
560.20	921.00
560.33	989.67
560.45	1002.33
560.58	932.67
560.70	983.67
560.83	943.00
560.96	971.33
561.08	990.00
561.21	1005.33
561.33	944.00
561.46	931.33
561.59	1036.33
561.71	964.00
561.84	995.67
561.97	957.67
562.09	1022.33
562.22	959.67
562.34	958.00
562.47	1026.33
562.60	1008.33
562.72	985.33
562.85	981.33
562.97	978.67
563.10	985.00
563.23	958.33
563.35	955.33
563.48	1008.67
563.60	978.33
563.73	1006.67
563.86	931.00
563.98	964.00
564.11	985.67
564.23	980.67
564.36	1049.00
564.49	989.00
564.61	1051.67
564.74	996.00
564.86	975.00
564.99	1045.33
565.12	1031.67
565.24	1037.00
565.37	1034.33
565.49	1036.67
565.62	1062.67
565.75	1018.67
565.87	963.00
566.00	1144.00
566.12	1055.67
566.25	1003.67
566.38	1021.00
566.50	998.33
566.63	1060.67
566.75	999.33
566.88	971.67
567.01	964.67
567.13	996.33
567.26	987.33
567.38	972.00
567.51	1049.33
567.64	974.67
567.76	1013.67
567.89	1008.00
568.01	974.00
568.14	950.67
568.26	984.67
568.39	993.00
568.52	997.67
568.64	1024.00
568.77	990.33
568.89	982.33
569.02	978.00
569.15	998.00
569.27	993.33
569.40	1022.00
569.52	1022.67
569.65	991.33
569.77	988.67
569.90	967.33
570.03	955.00
570.15	1073.00
570.28	997.33
570.40	1000.00
570.53	986.33
570.66	1063.33
570.78	1034.00
570.91	1000.67
571.03	965.00
571.16	997.67
571.28	955.00
571.41	945.33
571.54	951.67
571.66	936.00
571.79	988.67
571.91	980.00
572.04	957.67
572.16	1014.67
572.29	1029.67
572.42	972.00
572.54	1014.67
572.67	974.33
572.79	1013.67
572.92	990.67
573.04	1037.00
573.17	1049.67
573.29	1012.67
573.42	986.33
573.55	1038.00
573.67	1033.00
573.80	998.33
573.92	965.00
574.05	1013.67
574.17	1065.33
574.30	998.67
574.43	985.67
574.55	989.00
574.68	1012.00
574.80	975.33
574.93	991.67
575.05	960.67
575.18	995.00
575.30	987.67
575.43	1027.67
575.56	1050.33
575.68	1026.00
575.81	986.00
575.93	963.67
576.06	1028.67
576.18	1049.00
576.31	983.33
576.43	963.67
576.56	1107.67
576.69	1054.33
576.81	1016.33
576.94	985.67
577.06	1003.67
577.19	1048.33
577.31	1007.67
577.44	1015.00
577.56	1050.67
577.69	1024.00
577.82	1023.67
577.94	965.00
578.07	948.33
578.19	1033.33
578.32	1027.00
578.44	985.67
578.57	1002.67
578.69	1050.67
578.82	1016.00
578.94	1036.67
579.07	1062.67
579.19	1052.33
579.32	1024.67
579.45	1013.00
579.57	1010.00
579.70	978.67
579.82	1021.67
579.95	993.67
580.07	1080.33
580.20	1007.00
580.32	999.67
580.45	1035.67
580.57	1051.67
580.70	1048.00
580.82	1033.00
580.95	1039.00
581.08	969.33
581.20	1052.00
581.33	996.00
581.45	1021.33
581.58	1024.67
581.70	1029.33
581.83	937.33
581.95	1038.33
582.08	1042.00
582.20	997.67
582.33	1004.67
582.45	983.00
582.58	1000.67
582.70	1039.67
582.83	980.00
582.95	1003.00
583.08	1055.33
583.21	1067.67
583.33	1024.00
583.46	978.67
583.58	974.33
583.71	1045.00
583.83	1018.33
583.96	1019.00
584.08	1053.33
584.21	1047.00
584.33	1037.33
584.46	998.67
584.58	961.00
584.71	1053.67
584.83	1040.67
584.96	1011.33
585.08	999.33
585.21	1116.33
585.33	1078.67
585.46	1043.00
585.58	1049.67
585.71	1000.00
585.83	1008.00
585.96	1055.33
586.08	1042.00
586.21	1046.00
586.33	1038.33
586.46	973.67
586.59	1064.67
586.71	1002.67
586.84	1042.33
586.96	1023.67
587.09	961.00
587.21	1006.00
587.34	1050.33
587.46	1000.67
587.59	953.33
587.71	1007.33
587.84	989.00
587.96	947.33
588.09	983.33
588.21	1045.33
588.34	1003.67
588.46	1018.00
588.59	997.67
588.71	1038.00
588.84	1020.67
588.96	1006.33
589.09	1091.67
589.21	1012.00
589.34	975.00
589.46	998.33
589.59	1025.00
589.71	1065.00
589.84	975.00
589.96	1003.67
590.09	1018.33
590.21	1053.00
590.34	1027.33
590.46	1031.00
590.59	997.00
590.71	997.00
590.84	1051.00
590.96	982.00
591.09	1041.00
591.21	1026.67
591.34	1001.00
591.46	1003.33
591.59	1088.00
591.71	1056.67
591.83	1009.67
591.96	969.67
592.08	1012.00
592.21	1061.67
592.33	1032.33
592.46	1001.67
592.58	1028.33
592.71	1074.00
592.83	1109.00
592.96	1058.67
593.08	1081.67
593.21	993.33
593.33	975.00
593.46	1015.00
593.58	1016.67
593.71	1074.00
593.83	1068.00
593.96	992.67
594.08	1139.00
594.21	1007.67
594.33	1008.67
594.46	991.33
594.58	970.67
594.71	947.67
594.83	1030.00
594.96	1015.67
595.08	1193.00
595.20	1062.33
595.33	1023.67
595.45	1000.33
595.58	1128.33
595.70	1040.00
595.83	1009.00
595.95	1024.33
596.08	1050.33
596.20	980.00
596.33	957.33
596.45	1010.67
596.58	997.33
596.70	987.33
596.83	1013.33
596.95	997.67
597.08	1030.33
597.20	983.33
597.32	999.33
597.45	1033.00
597.57	1028.00
597.70	1073.67
597.82	1008.00
597.95	1032.00
598.07	1042.67
598.20	1040.00
598.32	1021.67
598.45	1028.00
598.57	1072.67
598.70	1096.33
598.82	1021.67
598.94	1005.67
599.07	1073.00
599.19	1030.67
599.32	1005.67
599.44	929.33
599.57	1052.67
599.69	1033.00
599.82	1013.00
599.94	983.67
600.07	1082.00
600.19	1049.00
600.31	992.33
600.44	1052.33
600.56	1142.67
600.69	1133.67
600.81	1005.33
600.94	1006.33
601.06	1038.00
601.19	1056.00
601.31	1059.33
601.44	976.00
601.56	1101.67
601.68	1068.33
601.81	1052.00
601.93	1037.00
602.06	1067.67
602.18	988.33
602.31	1011.00
602.43	1085.00
602.56	1080.33
602.68	1036.00
602.80	1038.33
602.93	1039.00
603.05	1001.00
603.18	1042.33
603.30	993.33
603.43	993.33
603.55	1027.00
603.68	1047.67
603.80	1035.00
603.92	1031.00
604.05	1022.00
604.17	1003.00
604.30	996.00
604.42	1011.33
604.55	1035.00
604.67	1060.33
604.79	1015.00
604.92	1037.33
605.04	1020.00
605.17	1018.67
605.29	1015.33
605.42	1000.67
605.54	1108.00
605.66	1048.00
605.79	1064.33
605.91	1029.67
606.04	1036.33
606.16	1004.00
606.29	1045.33
606.41	999.00
606.53	1031.33
606.66	982.33
606.78	1025.00
606.91	1017.67
607.03	1014.00
607.16	1007.00
607.28	986.67
607.40	1034.33
607.53	1062.67
607.65	992.33
607.78	1014.00
607.90	1039.00
608.03	1155.33
608.15	1054.00
608.27	1046.00
608.40	984.67
608.52	1057.67
608.65	1043.67
608.77	1074.67
608.89	1045.67
609.02	1114.67
609.14	1122.67
609.27	1054.00
609.39	1070.00
609.52	1008.33
609.64	973.33
609.76	1011.33
609.89	1023.67
610.01	1092.67
610.14	1071.33
610.26	1024.33
610.38	998.67
610.51	1075.33
610.63	1037.33
610.76	1011.00
610.88	1067.00
611.01	1097.00
611.13	1145.00
611.25	1077.00
611.38	1004.00
611.50	1038.33
611.63	1063.33
611.75	1045.00
611.87	1050.00
612.00	1023.00
612.12	1093.67
612.25	1036.67
612.37	1001.33
612.49	1106.00
612.62	1095.67
612.74	1117.67
612.87	1045.00
612.99	1051.33
613.11	979.67
613.24	1029.00
613.36	1029.33
613.49	1046.67
613.61	1040.67
613.73	1021.33
613.86	1087.00
613.98	1017.67
614.11	1081.33
614.23	1079.33
614.35	1086.00
614.48	1091.67
614.60	1056.00
614.72	1033.33
614.85	1067.00
614.97	1053.33
615.10	1058.67
615.22	1035.00
615.34	1047.33
615.47	1101.67
615.59	1026.67
615.72	1042.67
615.84	1051.67
615.96	1018.67
616.09	1133.67
616.21	1031.67
616.34	1013.00
616.46	1042.67
616.58	1090.33
616.71	1077.33
616.83	1087.33
616.95	1071.33
617.08	1085.33
617.20	1050.00
617.33	1010.67
617.45	1034.00
617.57	1068.67
617.70	1063.00
617.82	1030.33
617.95	1051.33
618.07	1130.33
618.19	1068.00
618.32	1059.33
618.44	1035.67
618.56	1006.67
618.69	986.33
618.81	987.00
618.94	1080.33
619.06	1050.00
619.18	1033.33
619.31	1009.00
619.43	1010.67
619.55	1064.67
619.68	1065.67
619.80	1010.33
619.92	1072.00
620.05	1191.33
620.17	1096.33
620.30	1056.33
620.42	1081.00
620.54	1087.00
620.67	1026.67
620.79	1061.33
620.91	1079.33
621.04	1127.00
621.16	1036.67
621.29	1025.33
621.41	980.00
621.53	1035.67
621.66	1030.67
621.78	1021.67
621.90	1100.67
622.03	1146.67
622.15	1053.67
622.27	1041.33
622.40	1065.00
622.52	1029.00
622.64	1025.00
622.77	998.00
622.89	1059.67
623.02	1084.67
623.14	1057.33
623.26	1077.33
623.39	1084.00
623.51	1105.67
623.63	1042.33
623.76	1023.00
623.88	1124.00
624.00	1060.33
624.13	1017.33
624.25	1017.33
624.37	1015.33
624.50	1099.00
624.62	1068.00
624.75	1013.33
624.87	1013.00
624.99	1048.00
625.12	1027.33
625.24	1042.33
625.36	1148.67
625.49	1095.33
625.61	1069.00
625.73	1048.67
625.86	1108.33
625.98	1055.67
626.10	1032.00
626.23	987.67
626.35	1085.00
626.47	1041.00
626.60	1003.00
626.72	1023.67
626.84	1028.33
626.97	1071.33
627.09	1039.67
627.21	1041.67
627.34	1178.67
627.46	1166.33
627.58	1041.67
627.71	1061.00
627.83	1105.67
627.95	1021.33
628.08	1056.00
628.20	1099.67
628.32	1011.00
628.45	972.67
628.57	976.00
628.69	1010.00
628.82	1081.67
628.94	1114.67
629.06	1039.67
629.19	1035.33
629.31	1094.00
629.43	1027.33
629.56	1061.00
629.68	1047.67
629.80	1115.33
629.93	1025.67
630.05	1031.33
630.17	1017.67
630.30	1045.33
630.42	1039.00
630.54	1081.00
630.67	1059.33
630.79	1038.00
630.91	1187.00
631.04	1074.67
631.16	1068.33
631.28	1073.00
631.41	1031.33
631.53	1006.67
631.65	1053.00
631.78	1087.67
631.90	1067.33
632.02	1050.33
632.14	959.00
632.27	1118.67
632.39	1057.67
632.51	1026.00
632.64	1106.00
632.76	1071.33
632.88	1050.67
633.01	1065.00
633.13	1033.33
633.25	1072.67
633.38	1170.33
633.50	1002.00
633.62	1004.00
633.75	992.67
633.87	982.00
633.99	1070.33
634.11	1014.67
634.24	1056.00
634.36	1047.33
634.48	1040.33
634.61	1034.67
634.73	1088.00
634.85	1042.33
634.98	1032.33
635.10	1039.67
635.22	1054.33
635.35	1179.00
635.47	1078.67
635.59	1049.00
635.71	1089.33
635.84	1120.33
635.96	1043.00
636.08	1089.67
636.21	1037.33
636.33	1075.33
636.45	1060.67
636.58	1032.67
636.70	1015.00
636.82	1086.67
636.94	1027.00
637.07	1004.67
637.19	1102.67
637.31	1098.00
637.44	1085.00
637.56	1008.00
637.68	1079.67
637.81	1073.33
637.93	1060.00
638.05	1020.67
638.17	1121.00
638.30	1181.00
638.42	1058.00
638.54	1030.00
638.67	1060.00
638.79	1063.67
638.91	1027.33
639.03	1046.33
639.16	1055.33
639.28	1057.67
639.40	1052.00
639.53	1021.67
639.65	1099.00
639.77	1064.00
639.89	1070.67
640.02	1064.67
640.14	1075.67
640.26	1023.67
640.39	1088.33
640.51	1030.00
640.63	1087.33
640.75	1103.67
640.88	1046.00
641.00	1036.33
641.12	1043.00
641.24	1141.67
641.37	1037.33
641.49	1011.33
641.61	1169.00
641.74	1031.33
641.86	1070.00
641.98	1022.33
642.10	1072.67
642.23	1086.67
642.35	1042.00
642.47	1058.67
642.60	1080.67
642.72	1106.67
642.84	1002.67
642.96	1013.33
643.09	1033.33
643.21	1032.67
643.33	1022.33
643.45	1027.00
643.58	1112.67
643.70	1153.33
643.82	1048.67
643.94	1050.00
644.07	1086.67
644.19	1090.67
644.31	1070.33
644.44	1065.67
644.56	1056.33
644.68	1035.33
644.80	1021.00
644.93	1018.67
645.05	1024.00
645.17	1085.67
645.29	1063.00
645.42	1066.33
645.54	1059.33
645.66	1087.00
645.78	1047.00
645.91	1033.33
646.03	1084.33
646.15	1139.33
646.27	1039.67
646.40	1059.33
646.52	1101.67
646.64	1104.33
646.76	1046.67
646.89	1001.00
647.01	1106.33
647.13	1091.33
647.25	1098.33
647.38	1050.33
647.50	1040.33
647.62	1106.00
647.74	1012.33
647.87	1032.67
647.99	1077.33
648.11	1093.67
648.23	1061.67
648.36	1005.33
648.48	1132.00
648.60	1072.67
648.72	1043.67
648.85	1019.33
648.97	1123.33
649.09	1096.00
649.21	1053.00
649.34	1090.33
649.46	1097.67
649.58	1081.33
649.70	1103.67
649.83	1041.00
649.95	1131.00
650.07	1109.67
650.19	1107.00
650.32	1067.33
650.44	1128.33
650.56	1094.00
650.68	1046.67
650.81	1044.00
650.93	1066.33
651.05	1137.67
651.17	1041.33
651.29	1078.33
651.42	1060.67
651.54	1103.33
651.66	1043.00
651.78	1040.67
651.91	1096.67
652.03	1196.00
652.15	1097.00
652.27	1045.00
652.40	1089.33
652.52	1072.33
652.64	1078.67
652.76	1043.67
652.88	1186.67
653.01	1089.67
653.13	1038.00
653.25	1010.33
653.37	1098.00
653.50	1124.00
653.62	1090.33
653.74	1021.33
653.86	1116.33
653.98	1111.67
654.11	1036.00
654.23	1074.00
654.35	1052.67
654.47	1205.33
654.60	1062.33
654.72	1073.00
654.84	1032.67
654.96	1116.67
655.08	1052.67
655.21	1088.33
655.33	1074.00
655.45	1140.67
655.57	1084.33
655.70	1077.00
655.82	1126.33
655.94	1167.33
656.06	1108.00
656.18	1041.00
656.31	1138.67
656.43	1102.33
656.55	1062.67
656.67	1055.33
656.79	1084.33
656.92	1139.33
657.04	1089.67
657.16	1063.67
657.28	1209.00
657.40	1106.00
657.53	1110.67
657.65	1077.00
657.77	1145.00
657.89	1130.33
658.01	1064.00
658.14	1041.00
658.26	1126.00
658.38	1085.00
658.50	1034.00
658.62	1036.67
658.75	1231.00
658.87	1125.67
658.99	1099.67
659.11	1051.00
659.23	1134.00
659.36	1197.00
659.48	1145.00
659.60	1103.67
659.72	1112.33
659.84	1102.00
659.97	1112.67
660.09	1112.33
660.21	1208.33
660.33	1138.67
660.45	1040.67
660.58	1011.67
660.70	1059.33
660.82	1072.67
660.94	1024.00
661.06	1076.33
661.19	1152.33
661.31	1131.67
661.43	1079.00
661.55	1071.00
661.67	1123.33
661.80	1171.33
661.92	1084.33
662.04	1102.67
662.16	1104.00
662.28	1162.00
662.40	1082.00
662.53	1092.33
662.65	1113.33
662.77	1065.33
662.89	1099.67
663.01	1059.67
663.14	1088.00
663.26	1118.00
663.38	1087.33
663.50	1042.67
663.62	1071.33
663.74	1096.67
663.87	1066.00
663.99	1096.00
664.11	1107.67
664.23	1209.33
664.35	1089.00
664.48	1075.33
664.60	1091.33
664.72	1070.67
664.84	1043.00
664.96	1078.33
665.08	1160.67
665.21	1115.33
665.33	1118.33
665.45	1028.00
665.57	1085.33
665.69	1182.00
665.81	1086.33
665.94	1051.00
666.06	1073.00
666.18	1118.33
666.30	1075.00
666.42	1063.33
666.54	1110.67
666.67	1127.00
666.79	1073.33
666.91	1119.33
667.03	1089.67
667.15	1042.00
667.27	1086.67
667.40	1063.00
667.52	1088.67
667.64	1147.00
667.76	1070.33
667.88	1053.67
668.00	1136.00
668.13	1140.67
668.25	1068.33
668.37	1062.33
668.49	1081.67
668.61	1148.33
668.73	1090.00
668.85	1099.67
668.98	1125.00
669.10	1116.67
669.22	1076.00
669.34	1085.67
669.46	1127.67
669.58	1083.33
669.71	1093.00
669.83	1100.33
669.95	1092.33
670.07	1103.33
670.19	1072.33
670.31	1092.33
670.43	1094.00
670.56	1114.33
670.68	1134.67
670.80	1112.67
670.92	1100.67
671.04	1162.33
671.16	1086.00
671.28	1083.67
671.41	1098.00
671.53	1146.00
671.65	1079.00
671.77	1075.67
671.89	1249.67
672.01	1204.33
672.13	1139.33
672.26	1056.67
672.38	1106.00
672.50	1070.33
672.62	1086.00
672.74	1107.33
672.86	1114.67
672.98	1120.67
673.11	1101.00
673.23	1110.00
673.35	1174.33
673.47	1109.67
673.59	1100.33
673.71	1056.67
673.83	1134.00
673.96	1235.00
674.08	1106.67
674.20	1064.00
674.32	1110.67
674.44	1113.33
674.56	1120.67
674.68	1124.33
674.80	1154.00
674.93	1104.33
675.05	1090.00
675.17	1109.33
675.29	1162.33
675.41	1152.33
675.53	1106.00
675.65	1098.67
675.77	1108.00
675.90	1167.33
676.02	1078.33
676.14	1069.33
676.26	1200.00
676.38	1229.67
676.50	1120.33
676.62	1137.33
676.74	1077.67
676.87	1093.33
676.99	1123.00
677.11	1155.00
677.23	1141.33
677.35	1139.33
677.47	1059.67
677.59	1076.00
677.71	1141.00
677.83	1147.33
677.96	1126.67
678.08	1102.00
678.20	1115.00
678.32	1077.00
678.44	1105.33
678.56	1100.33
678.68	1257.33
678.80	1165.00
678.93	1096.00
679.05	1118.33
679.17	1122.00
679.29	1173.33
679.41	1105.67
679.53	1078.67
679.65	1103.67
679.77	1127.33
679.89	1094.67
680.01	1145.00
680.14	1146.67
680.26	1061.33
680.38	1099.67
680.50	1142.67
680.62	1198.67
680.74	1143.33
680.86	1104.33
680.98	1119.33
681.10	1143.00
681.22	1234.67
681.35	1099.33
681.47	1105.33
681.59	1093.00
681.71	1212.00
681.83	1112.00
681.95	1088.33
682.07	1185.00
682.19	1142.67
682.31	1108.33
682.43	1085.67
682.56	1165.33
682.68	1078.00
682.80	1079.00
682.92	1133.00
683.04	1121.00
683.16	1102.67
683.28	1075.67
683.40	1137.00
683.52	1128.33
683.64	1145.00
683.76	1087.00
683.89	1092.67
684.01	1119.00
684.13	1184.33
684.25	1114.00
684.37	1122.33
684.49	1176.67
684.61	1115.67
684.73	1120.67
684.85	1102.33
684.97	1079.33
685.09	1180.00
685.21	1085.33
685.34	1121.33
685.46	1263.33
685.58	1153.00
685.70	1133.33
685.82	1163.33
685.94	1100.00
686.06	1096.67
686.18	1084.00
686.30	1114.00
686.42	1068.67
686.54	1158.67
686.66	1083.67
686.79	1200.00
686.91	1140.33
687.03	1253.00
687.15	1157.33
687.27	1119.00
687.39	1130.00
687.51	1198.00
687.63	1128.67
687.75	1163.67
687.87	1157.00
687.99	1203.00
688.11	1092.00
688.23	1145.67
688.35	1178.67
688.48	1149.33
688.60	1091.67
688.72	1117.67
688.84	1145.67
688.96	1168.33
689.08	1126.67
689.20	1121.33
689.32	1257.00
689.44	1139.00
689.56	1085.00
689.68	1098.00
689.80	1121.00
689.92	1110.00
690.04	1099.00
690.16	1154.00
690.28	1154.00
690.41	1153.33
690.53	1099.00
690.65	1153.00
690.77	1209.33
690.89	1189.33
691.01	1129.00
691.13	1100.00
691.25	1095.33
691.37	1133.67
691.49	1075.67
691.61	1069.33
691.73	1206.00
691.85	1134.67
691.97	1107.00
692.09	1104.67
692.21	1186.67
692.33	1209.67
692.45	1146.67
692.57	1115.67
692.70	1138.00
692.82	1163.67
692.94	1076.00
693.06	1100.33
693.18	1139.00
693.30	1129.67
693.42	1102.67
693.54	1130.67
693.66	1149.67
693.78	1146.33
693.90	1106.33
694.02	1122.00
694.14	1152.00
694.26	1128.00
694.38	1135.67
694.50	1135.00
694.62	1141.67
694.74	1085.67
694.86	1096.00
694.98	1131.67
695.10	1156.00
695.22	1183.67
695.34	1114.67
695.46	1110.00
695.58	1117.00
695.71	1149.67
695.83	1105.00
695.95	1119.33
696.07	1201.00
696.19	1108.33
696.31	1113.33
696.43	1090.33
696.55	1225.33
696.67	1160.00
696.79	1118.33
696.91	1133.00
697.03	1109.67
697.15	1219.33
697.27	1140.33
697.39	1115.67
697.51	1181.00
697.63	1103.00
697.75	1102.33
697.87	1135.00
697.99	1090.33
698.11	1056.00
698.23	1093.33
698.35	1091.67
698.47	1117.67
698.59	1167.00
698.71	1123.33
698.83	1173.33
698.95	1101.67
699.07	1136.67
699.19	1109.00
699.31	1135.33
699.43	1100.67
699.55	1171.33
699.67	1119.00
699.79	1126.00
699.91	1110.33
700.03	1154.00
700.15	1122.67
700.27	1081.00
700.39	1124.33
700.51	1091.33
700.63	1118.00
700.75	1124.00
700.87	1163.00
700.99	1126.00
701.11	1159.67
701.24	1120.33
701.36	1192.67
701.48	1180.67
701.60	1165.33
701.72	1105.00
701.84	1211.33
701.96	1165.33
702.08	1141.33
702.20	1227.67
702.32	1178.00
702.44	1160.33
702.56	1124.67
702.68	1126.33
702.80	1154.33
702.92	1237.33
703.04	1212.67
703.16	1151.67
703.28	1148.67
703.40	1128.33
703.52	1169.33
703.64	1157.67
703.76	1165.67
703.88	1138.00
704.00	1120.00
704.12	1141.67
704.24	1199.67
704.36	1164.00
704.48	1164.67
704.60	1103.67
704.72	1125.33
704.84	1133.67
704.96	1165.00
705.07	1151.00
705.19	1114.00
705.31	1136.33
705.43	1169.33
705.55	1111.33
705.67	1154.33
705.79	1139.67
705.91	1081.67
706.03	1131.67
706.15	1156.33
706.27	1138.00
706.39	1131.67
706.51	1118.33
706.63	1141.33
706.75	1184.00
706.87	1149.00
706.99	1213.00
707.11	1162.00
707.23	1142.00
707.35	1168.00
707.47	1143.33
707.59	1189.33
707.71	1210.67
707.83	1143.67
707.95	1182.67
708.07	1136.33
708.19	1278.00
708.31	1164.00
708.43	1108.00
708.55	1166.33
708.67	1222.67
708.79	1153.33
708.91	1185.67
709.03	1169.67
709.15	1204.00
709.27	1112.00
709.39	1144.00
709.51	1134.33
709.63	1170.33
709.75	1174.33
709.87	1091.33
709.99	1185.33
710.11	1123.67
710.23	1127.67
710.35	1106.67
710.47	1270.67
710.58	1210.00
710.70	1195.67
710.82	1187.67
710.94	1146.67
711.06	1138.33
711.18	1157.00
711.30	1127.67
711.42	1205.00
711.54	1165.33
711.66	1164.33
711.78	1129.00
711.90	1190.00
712.02	1232.00
712.14	1120.33
712.26	1100.33
712.38	1217.67
712.50	1232.33
712.62	1138.00
712.74	1154.33
712.86	1138.67
712.98	1207.33
713.10	1129.33
713.22	1110.00
713.34	1168.67
713.45	1139.67
713.57	1170.33
713.69	1118.00
713.81	1144.33
713.93	1177.33
714.05	1143.67
714.17	1103.00
714.29	1241.67
714.41	1221.33
714.53	1140.67
714.65	1176.33
714.77	1158.67
714.89	1114.33
715.01	1205.00
715.13	1134.33
715.25	1173.33
715.37	1139.67
715.49	1110.00
715.61	1172.00
715.72	1199.33
715.84	1214.00
715.96	1141.33
716.08	1146.33
716.20	1230.67
716.32	1217.00
716.44	1149.00
716.56	1148.67
716.68	1170.33
716.80	1257.33
716.92	1222.33
717.04	1167.33
717.16	1190.00
717.28	1169.33
717.40	1155.33
717.52	1157.67
717.63	1143.00
717.75	1179.33
717.87	1159.67
717.99	1166.67
718.11	1154.00
718.23	1228.33
718.35	1188.33
718.47	1169.00
718.59	1109.00
718.71	1161.67
718.83	1136.00
718.95	1183.00
719.07	1115.33
719.19	1149.33
719.30	1139.67
719.42	1178.33
719.54	1158.33
719.66	1169.67
719.78	1158.00
719.90	1089.00
720.02	1159.00
720.14	1179.33
720.26	1201.00
720.38	1175.00
720.50	1147.67
720.62	1083.00
720.74	1161.33
720.85	1177.33
720.97	1236.33
721.09	1279.67
721.21	1164.33
721.33	1232.00
721.45	1186.67
721.57	1187.67
721.69	1137.33
721.81	1111.33
721.93	1243.33
722.05	1197.33
722.16	1136.33
722.28	1113.67
722.40	1160.67
722.52	1221.67
722.64	1227.33
722.76	1121.33
722.88	1188.00
723.00	1188.67
723.12	1155.33
723.24	1173.67
723.36	1109.67
723.47	1215.33
723.59	1181.00
723.71	1147.67
723.83	1194.00
723.95	1158.00
724.07	1154.67
724.19	1175.67
724.31	1242.67
724.43	1139.00
724.55	1097.67
724.66	1143.33
724.78	1325.00
724.90	1137.00
725.02	1121.00
725.14	1134.00
725.26	1164.00
725.38	1096.33
725.50	1165.67
725.62	1167.00
725.74	1172.67
725.85	1169.67
725.97	1170.00
726.09	1231.33
726.21	1498.33
726.33	1203.67
726.45	1150.33
726.57	1138.33
726.69	1173.33
726.81	1180.67
726.92	1164.33
727.04	1175.33
727.16	1188.67
727.28	1171.00
727.40	1157.33
727.52	1165.00
727.64	1308.67
727.76	1270.00
727.88	1180.00
727.99	1140.00
728.11	1124.00
728.23	1169.00
728.35	1147.33
728.47	1155.67
728.59	1165.33
728.71	1196.33
728.83	1172.67
728.94	1199.67
729.06	1259.00
729.18	1253.67
729.30	1192.67
729.42	1177.33
729.54	1252.67
729.66	1273.33
729.78	1173.00
729.90	1184.33
730.01	1162.33
730.13	1091.33
730.25	1164.33
730.37	1144.67
730.49	1204.33
730.61	1192.67
730.73	1185.67
730.84	1212.67
730.96	1206.00
731.08	1199.33
731.20	1179.33
731.32	1184.00
731.44	1338.00
731.56	1172.00
731.68	1139.00
731.79	1196.33
731.91	1151.67
732.03	1169.67
732.15	1168.67
732.27	1143.00
732.39	1164.33
732.51	1209.00
732.62	1159.00
732.74	1169.33
732.86	1236.67
732.98	1192.67
733.10	1174.67
733.22	1187.67
733.34	1200.67
733.45	1121.33
733.57	1169.67
733.69	1128.67
733.81	1168.67
733.93	1189.67
734.05	1107.33
734.17	1161.33
734.28	1171.33
734.40	1179.67
734.52	1164.67
734.64	1161.00
734.76	1262.33
734.88	1187.33
735.00	1140.67
735.11	1170.00
735.23	1243.33
735.35	1164.67
735.47	1124.00
735.59	1229.33
735.71	1182.33
735.83	1199.33
735.94	1193.67
736.06	1178.00
736.18	1226.67
736.30	1228.00
736.42	1199.00
736.54	1198.33
736.65	1219.00
736.77	1348.67
736.89	1233.00
737.01	1188.00
737.13	1301.33
737.25	1122.67
737.36	1130.33
737.48	1147.00
737.60	1184.00
737.72	1167.00
737.84	1168.33
737.96	1233.33
738.08	1177.33
738.19	1286.00
738.31	1165.67
738.43	1192.67
738.55	1182.33
738.67	1192.00
738.79	1150.67
738.90	1172.67
739.02	1212.00
739.14	1163.67
739.26	1172.00
739.38	1178.33
739.50	1199.00
739.61	1172.67
739.73	1174.33
739.85	1165.67
739.97	1188.00
740.09	1256.67
740.20	1131.33
740.32	1197.67
740.44	1211.67
740.56	1145.67
740.68	1171.33
740.80	1180.00
740.91	1181.00
741.03	1234.33
741.15	1213.00
741.27	1174.33
741.39	1224.00
741.51	1196.00
741.62	1229.33
741.74	1185.00
741.86	1186.00
741.98	1193.00
742.10	1197.00
742.21	1198.67
742.33	1204.33
742.45	1166.67
742.57	1238.67
742.69	1165.33
742.80	1214.33
742.92	1166.33
743.04	1176.00
743.16	1164.33
743.28	1254.33
743.40	1152.33
743.51	1152.00
743.63	1157.33
743.75	1185.67
743.87	1184.33
743.99	1193.33
744.10	1172.67
744.22	1199.00
744.34	1171.33
744.46	1211.67
744.58	1188.33
744.69	1117.33
744.81	1193.33
744.93	1143.33
745.05	1129.00
745.17	1251.67
745.28	1253.67
745.40	1200.67
745.52	1179.67
745.64	1195.33
745.76	1234.67
745.87	1178.67
745.99	1158.67
746.11	1198.67
746.23	1154.00
746.35	1171.33
746.46	1138.00
746.58	1305.00
746.70	1187.67
746.82	1194.00
746.94	1177.67
747.05	1151.33
747.17	1126.67
747.29	1118.00
747.41	1155.00
747.53	1307.67
747.64	1165.00
747.76	1231.00
747.88	1237.00
748.00	1245.00
748.12	1201.67
748.23	1194.00
748.35	1202.33
748.47	1231.67
748.59	1224.00
748.70	1164.33
748.82	1141.67
748.94	1133.00
749.06	1165.00
749.18	1171.00
749.29	1136.67
749.41	1194.67
749.53	1181.00
749.65	1156.33
749.76	1202.00
749.88	1170.33
750.00	1199.33
750.12	1219.67
750.24	1200.67
750.35	1183.00
750.47	1125.00
750.59	1184.67
750.71	1166.00
750.82	1208.00
750.94	1141.00
751.06	1152.33
751.18	1156.33
751.30	1217.00
751.41	1232.33
751.53	1216.33
751.65	1161.67
751.77	1158.33
751.88	1201.00
752.00	1200.67
752.12	1120.33
752.24	1240.00
752.35	1210.67
752.47	1219.67
752.59	1203.67
752.71	1255.67
752.83	1166.67
752.94	1231.33
753.06	1146.67
753.18	1201.00
753.30	1175.33
753.41	1113.33
753.53	1161.67
753.65	1161.33
753.77	1219.00
753.88	1154.33
754.00	1180.67
754.12	1192.00
754.24	1245.67
754.35	1156.00
754.47	1118.33
754.59	1204.33
754.71	1194.00
754.82	1183.00
754.94	1175.33
755.06	1235.67
755.18	1189.00
755.29	1191.00
755.41	1145.33
755.53	1205.33
755.65	1155.67
755.76	1185.33
755.88	1168.33
756.00	1245.33
756.12	1162.00
756.23	1063.67
756.35	1128.00
756.47	1207.00
756.59	1156.67
756.70	1144.67
756.82	1155.00
756.94	1165.00
757.06	1202.67
757.17	1179.67
757.29	1171.00
757.41	1121.33
757.53	1191.33
757.64	1181.67
757.76	1168.00
757.88	1193.33
758.00	1202.33
758.11	1162.33
758.23	1127.33
758.35	1189.67
758.47	1121.67
758.58	1192.33
758.70	1122.67
758.82	1155.33
758.94	1124.67
759.05	1176.67
759.17	1119.33
759.29	1163.33
759.40	1234.67
759.52	1156.00
759.64	1153.00
759.76	1188.67
759.87	1198.00
759.99	1165.33
760.11	1138.67
760.23	1166.67
760.34	1208.67
760.46	1182.67
760.58	1151.67
760.70	1174.33
760.81	1236.33
760.93	1173.00
761.05	1197.33
761.16	1183.33
761.28	1151.00
761.40	1126.67
761.52	1135.67
761.63	1241.67
761.75	1182.33
761.87	1148.67
761.98	1115.00
762.10	1194.33
762.22	1176.33
762.34	1194.33
762.45	1157.67
762.57	1205.67
762.69	1301.00
762.81	1152.00
762.92	1175.33
763.04	1116.67
763.16	1192.00
763.27	1182.67
763.39	1145.67
763.51	1198.00
763.63	1196.67
763.74	1131.33
763.86	1103.00
763.98	1131.00
764.09	1145.00
764.21	1171.00
764.33	1119.00
764.44	1135.67
764.56	1165.00
764.68	1133.00
764.80	1162.33
764.91	1104.67
765.03	1224.00
765.15	1149.00
765.26	1154.67
765.38	1117.00
765.50	1189.00
765.62	1162.33
765.73	1157.33
765.85	1170.33
765.97	1109.67
766.08	1150.33
766.20	1171.67
766.32	1173.00
766.43	1198.33
766.55	1171.33
766.67	1139.33
766.79	1162.00
766.90	1137.67
767.02	1089.00
767.14	1103.33
767.25	1115.33
767.37	1246.33
767.49	1161.00
767.60	1131.67
767.72	1209.33
767.84	1174.67
767.95	1133.00
768.07	1117.00
768.19	1178.33
768.31	1184.67
768.42	1165.67
768.54	1138.67
768.66	1153.00
768.77	1192.67
768.89	1155.00
769.01	1127.33
769.12	1176.33
769.24	1161.33
769.36	1119.00
769.47	1110.67
769.59	1104.67
769.71	1166.33
769.82	1128.00
769.94	1127.67
770.06	1102.67
770.17	1191.67
770.29	1147.67
770.41	1175.67
770.53	1174.00
770.64	1108.00
770.76	1145.33
770.88	1169.00
770.99	1182.00
771.11	1102.00
771.23	1145.33
771.34	1143.67
771.46	1239.00
771.58	1194.67
771.69	1178.67
771.81	1149.67
771.93	1189.00
772.04	1115.67
772.16	1168.67
772.28	1141.00
772.39	1192.33
772.51	1149.33
772.63	1158.67
772.74	1126.67
772.86	1134.67
772.98	1270.00
773.09	1122.00
773.21	1119.33
773.33	1160.67
773.44	1167.00
773.56	1132.00
773.68	1128.33
773.79	1192.00
773.91	1135.33
774.03	1138.00
774.14	1133.67
774.26	1203.33
774.38	1118.67
774.49	1093.00
774.61	1126.67
774.73	1138.00
774.84	1111.67
774.96	1103.67
775.08	1126.00
775.19	1167.33
775.31	1205.00
775.43	1142.33
775.54	1111.33
775.66	1081.67
775.77	1173.00
775.89	1104.00
776.01	1177.00
776.12	1197.00
776.24	1160.67
776.36	1093.67
776.47	1106.67
776.59	1147.00
776.71	1177.33
776.82	1066.33
776.94	1085.33
777.06	1111.33
777.17	1191.67
777.29	1094.67
777.41	1095.67
777.52	1149.33
777.64	1144.67
777.75	1150.67
777.87	1063.33
777.99	1106.00
778.10	1179.00
778.22	1108.00
778.34	1127.33
778.45	1127.67
778.57	1169.67
778.69	1161.67
778.80	1149.67
778.92	1229.33
779.04	1152.33
779.15	1119.00
779.27	1154.00
779.38	1144.00
779.50	1190.00
779.62	1087.00
779.73	1107.00
779.85	1069.00
779.97	1227.67
780.08	1122.67
780.20	1116.00
780.31	1147.67
780.43	1172.33
780.55	1104.67
780.66	1133.33
780.78	1152.67
780.90	1233.67
781.01	1090.67
781.13	1126.00
781.25	1107.67
781.36	1183.33
781.48	1087.00
781.59	1115.00
781.71	1169.33
781.83	1150.33
781.94	1092.67
782.06	1103.67
782.18	1161.00
782.29	1112.67
782.41	1053.00
782.52	1157.67
782.64	1173.67
782.76	1138.33
782.87	1144.33
782.99	1120.00
783.10	1257.00
783.22	1275.00
783.34	1131.33
783.45	1125.67
783.57	1128.00
783.69	1089.67
783.80	1131.00
783.92	1137.33
784.03	1119.00
784.15	1094.00
784.27	1110.33
784.38	1101.67
784.50	1124.67
784.61	1122.00
784.73	1075.33
784.85	1091.67
784.96	1084.00
785.08	1172.33
785.19	1152.67
785.31	1092.67
785.43	1081.67
785.54	1093.00
785.66	1128.33
785.77	1115.67
785.89	1138.00
786.01	1063.33
786.12	1093.00
786.24	1102.33
786.35	1172.33
786.47	1123.67
786.59	1087.33
786.70	1070.00
786.82	1125.00
786.93	1126.67
787.05	1110.33
787.17	1124.33
787.28	1106.00
787.40	1134.00
787.51	1116.33
787.63	1132.67
787.75	1060.67
787.86	1119.67
787.98	1130.67
788.09	1103.67
788.21	1128.33
788.33	1150.33
788.44	1118.33
788.56	1077.33
788.67	1143.67
788.79	1084.00
788.91	1102.67
789.02	1076.67
789.14	1088.33
789.25	1198.67
789.37	1138.33
789.48	1076.67
789.60	1115.67
789.72	1074.33
789.83	1128.33
789.95	1116.67
790.06	1049.33
790.18	1066.00
790.30	1133.67
790.41	1112.00
790.53	1084.00
790.64	1056.33
790.76	1069.00
790.87	1084.33
790.99	1103.67
791.11	1106.00
791.22	1064.00
791.34	1085.33
791.45	1128.33
791.57	1115.33
791.68	1085.67
791.80	1067.00
791.92	1137.33
792.03	1082.33
792.15	1057.67
792.26	1073.00
792.38	1049.00
792.49	1109.67
792.61	1090.67
792.73	1108.00
792.84	1089.67
792.96	1203.67
793.07	1085.67
793.19	1921.67
793.30	1173.67
793.42	1148.00
793.54	1008.33
793.65	1048.67
793.77	1234.67
793.88	1074.67
794.00	1028.00
794.11	1075.00
794.23	1035.00
794.34	1095.33
794.46	1022.00
794.58	1048.67
794.69	1173.33
794.81	1178.67
794.92	1057.33
795.04	1046.33
795.15	1161.67
795.27	1132.33
795.39	1083.00
795.50	1052.67
795.62	1056.00
795.73	1067.33
795.85	1048.00
795.96	1099.67
796.08	1147.33
796.19	1064.67
796.31	1069.00
796.42	1036.00
796.54	1052.00
796.66	1125.00
796.77	1030.67
796.89	1027.33
797.00	1126.67
797.12	998.67
797.23	1049.33
797.35	1096.67
797.46	1113.33
797.58	1139.00
797.69	1091.00
797.81	1058.00
797.93	1067.67
798.04	1048.33
798.16	1042.33
798.27	1093.00
798.39	1045.00
798.50	1030.00
798.62	1033.00
798.73	1017.33
798.85	1148.00
798.96	1084.00
799.08	1099.33
799.19	1104.33
799.31	1074.00
799.43	1077.00
799.54	1039.33
799.66	1066.00
799.77	1105.67
799.89	1043.00
800.00	998.67
800.12	1037.67
800.23	1122.33
800.35	1159.67
800.46	996.67
800.58	988.67
800.69	1065.00
800.81	1051.33
800.92	1020.67
801.04	1075.67
801.16	996.67
801.27	1009.00
801.39	1009.00
801.50	1035.33
801.62	1038.67
801.73	1116.67
801.85	1089.00
801.96	1019.00
802.08	1123.67
802.19	1114.67
802.31	1037.00
802.42	1055.33
802.54	1142.00
802.65	1113.00
802.77	1030.00
802.88	1085.00
803.00	1010.67
803.11	1160.00
803.23	1054.33
803.34	1047.33
803.46	1071.67
803.57	1018.00
803.69	1085.00
803.80	1002.67
803.92	1104.00
804.03	1046.33
804.15	1052.33
804.26	1081.00
804.38	1087.00
804.50	1019.67
804.61	1060.00
804.73	1061.33
804.84	1057.33
804.96	987.00
805.07	1036.00
805.19	1013.33
805.30	1068.67
805.42	1100.00
805.53	1051.33
805.65	1016.33
805.76	988.67
805.88	1021.33
805.99	1043.00
806.11	1064.33
806.22	1007.00
806.34	1025.00
806.45	1037.00
806.57	1019.00
806.68	1090.00
806.80	971.67
806.91	996.67
807.03	988.00
807.14	970.00
807.26	982.33
807.37	990.00
807.49	1023.33
807.60	1011.67
807.72	1096.67
807.83	1096.33
807.95	1033.00
808.06	1040.67
808.17	1035.33
808.29	1055.67
808.40	992.00
808.52	1024.33
808.63	1035.33
808.75	1027.33
808.86	1004.67
808.98	1036.67
809.09	988.33
809.21	1032.33
809.32	988.33
809.44	1050.00
809.55	964.00
809.67	1021.00
809.78	972.33
809.90	1044.67
810.01	1084.67
810.13	989.33
810.24	1019.00
810.36	946.00
810.47	977.33
810.59	991.33
810.70	1018.67
810.82	1046.67
810.93	967.67
811.05	969.00
811.16	963.33
811.27	959.00
811.39	996.00
811.50	1022.00
811.62	931.33
811.73	915.00
811.85	1004.67
811.96	990.00
812.08	1006.67
812.19	997.67
812.31	1013.00
812.42	967.00
812.54	946.33
812.65	1022.00
812.77	1033.33
812.88	1002.67
813.00	999.33
813.11	996.33
813.22	942.67
813.34	952.33
813.45	975.33
813.57	1066.33
813.68	1072.00
813.80	981.33
813.91	932.67
814.03	955.00
814.14	1046.33
814.26	939.00
814.37	960.33
814.49	959.33
814.60	946.67
814.71	940.00
814.83	947.33
814.94	912.33
815.06	948.67
815.17	957.67
815.29	939.00
815.40	909.33
815.52	1042.33
815.63	930.33
815.75	920.33
815.86	966.33
815.97	902.67
816.09	939.00
816.20	967.00
816.32	973.33
816.43	881.67
816.55	946.33
816.66	920.67
816.78	1028.33
816.89	940.67
817.00	923.67
817.12	911.67
817.23	915.67
817.35	974.33
817.46	938.33
817.58	894.33
817.69	1049.00
817.81	931.00
817.92	967.33
818.03	927.33
818.15	935.00
818.26	900.33
818.38	885.67
818.49	910.00
818.61	941.00
818.72	883.00
818.83	2017.67
818.95	1060.33
819.06	896.33
819.18	898.67
819.29	916.67
819.41	903.33
819.52	917.00
819.64	923.67
819.75	877.00
819.86	855.67
819.98	883.67
820.09	938.00
820.21	907.00
820.32	866.67
820.44	926.33
820.55	983.67
820.66	875.00
820.78	939.00
820.89	897.67
821.01	932.33
821.12	914.00
821.23	906.67
821.35	874.33
821.46	953.33
821.58	894.00
821.69	867.33
821.81	875.00
821.92	956.00
822.03	880.33
822.15	900.00
822.26	860.33
822.38	859.33
822.49	898.00
822.61	893.67
822.72	901.67
822.83	946.67
822.95	881.67
823.06	883.00
823.18	943.00
823.29	963.00
823.40	911.33
823.52	874.33
823.63	835.00
823.75	996.33
823.86	879.33
823.97	825.33
824.09	917.00
824.20	839.33
824.32	873.33
824.43	861.67
824.55	922.33
824.66	976.00
824.77	872.33
824.89	881.33
825.00	934.00
825.12	882.00
825.23	894.00
825.34	827.33
825.46	827.00
825.57	898.33
825.69	842.00
825.80	784.67
825.91	833.67
826.03	811.67
826.14	871.67
826.26	827.33
826.37	860.33
826.48	840.67
826.60	863.33
826.71	826.00
826.83	867.33
826.94	873.00
827.05	894.00
827.17	888.00
827.28	855.33
827.39	839.33
827.51	808.00
827.62	844.00
827.74	853.00
827.85	833.00
827.96	820.67
828.08	839.33
828.19	961.00
828.31	854.00
828.42	790.00
828.53	860.67
828.65	895.00
828.76	917.00
828.87	859.00
828.99	811.67
