Wavelength (nm)	Intensity
377.35	816.80
377.48	595.20
377.62	606.20
377.75	624.60
377.88	853.20
378.02	821.60
378.15	831.00
378.28	793.80
378.41	882.60
378.55	850.80
378.68	829.80
378.81	808.00
378.95	839.40
379.08	836.80
379.21	796.20
379.35	853.20
379.48	854.40
379.61	917.40
379.74	824.60
379.88	816.40
380.01	893.80
380.14	956.20
380.28	884.00
380.41	801.40
380.54	858.00
380.68	869.20
380.81	775.20
380.94	855.40
381.07	914.40
381.21	915.00
381.34	836.00
381.47	776.80
381.61	990.80
381.74	847.00
381.87	789.20
382.00	851.00
382.14	930.80
382.27	881.00
382.40	798.20
382.54	896.80
382.67	899.20
382.80	805.80
382.93	805.60
383.07	831.20
383.20	836.00
383.33	866.40
383.47	805.00
383.60	787.20
383.73	990.80
383.86	873.00
384.00	825.60
384.13	821.20
384.26	873.20
384.40	893.20
384.53	830.60
384.66	874.20
384.79	859.80
384.93	822.00
385.06	823.80
385.19	844.20
385.33	963.00
385.46	875.60
385.59	801.40
385.72	843.80
385.86	796.20
385.99	824.60
386.12	822.00
386.25	796.80
386.39	892.40
386.52	899.20
386.65	824.20
386.79	812.20
386.92	816.80
387.05	928.40
387.18	787.80
387.32	795.20
387.45	866.00
387.58	859.40
387.71	823.40
387.85	805.40
387.98	856.60
388.11	876.20
388.25	847.00
388.38	837.00
388.51	873.20
388.64	890.80
388.78	813.60
388.91	790.80
389.04	831.60
389.17	956.40
389.31	842.40
389.44	860.40
389.57	908.40
389.70	873.00
389.84	820.40
389.97	810.40
390.10	823.60
390.24	870.60
390.37	827.80
390.50	809.00
390.63	910.80
390.77	845.00
390.90	844.80
391.03	826.00
391.16	790.60
391.30	820.40
391.43	820.80
391.56	818.00
391.69	805.60
391.83	896.80
391.96	843.80
392.09	822.60
392.22	937.00
392.36	871.80
392.49	803.00
392.62	820.20
392.75	866.20
392.89	903.40
393.02	802.00
393.15	795.40
393.28	796.00
393.42	934.40
393.55	788.20
393.68	810.80
393.81	768.40
393.95	827.60
394.08	807.20
394.21	805.20
394.34	882.40
394.48	875.40
394.61	868.20
394.74	845.20
394.87	881.80
395.01	856.80
395.14	864.80
395.27	810.40
395.40	941.20
395.54	937.20
395.67	831.80
395.80	820.00
395.93	874.80
396.07	821.40
396.20	808.00
396.33	767.60
396.46	824.40
396.59	833.80
396.73	824.20
396.86	797.60
396.99	892.60
397.12	860.40
397.26	850.60
397.39	830.40
397.52	1156.20
397.65	954.00
397.79	836.00
397.92	822.40
398.05	887.20
398.18	815.80
398.32	827.20
398.45	861.00
398.58	857.60
398.71	865.00
398.84	783.60
398.98	827.40
399.11	877.20
399.24	869.80
399.37	823.40
399.51	791.40
399.64	842.00
399.77	843.60
399.90	831.80
400.03	831.40
400.17	799.80
400.30	902.40
400.43	866.20
400.56	828.40
400.70	843.20
400.83	814.00
400.96	799.80
401.09	841.80
401.23	847.20
401.36	907.60
401.49	809.40
401.62	842.60
401.75	834.40
401.89	808.20
402.02	822.20
402.15	833.00
402.28	866.40
402.41	854.00
402.55	809.00
402.68	822.80
402.81	910.60
402.94	884.60
403.08	800.20
403.21	790.00
403.34	877.60
403.47	877.20
403.60	819.00
403.74	860.80
403.87	873.20
404.00	811.60
404.13	805.60
404.26	786.80
404.40	799.20
404.53	850.00
404.66	823.60
404.79	786.00
404.93	880.40
405.06	850.00
405.19	788.80
405.32	835.80
405.45	866.20
405.59	880.40
405.72	833.00
405.85	795.20
405.98	1018.60
406.11	809.60
406.25	807.60
406.38	821.80
406.51	868.20
406.64	835.60
406.77	786.80
406.91	784.60
407.04	862.60
407.17	830.60
407.30	848.00
407.43	828.20
407.57	921.40
407.70	900.20
407.83	810.00
407.96	827.40
408.09	798.60
408.23	935.00
408.36	827.60
408.49	818.60
408.62	968.80
408.75	866.80
408.89	816.20
409.02	850.80
409.15	839.40
409.28	919.20
409.41	862.00
409.55	811.40
409.68	970.00
409.81	862.20
409.94	805.20
410.07	842.80
410.20	852.40
410.34	835.40
410.47	840.80
410.60	846.80
410.73	874.20
410.86	816.20
411.00	836.20
411.13	807.40
411.26	856.00
411.39	844.80
411.52	852.00
411.66	821.60
411.79	824.00
411.92	811.40
412.05	825.20
412.18	822.00
412.31	864.40
412.45	873.40
412.58	864.00
412.71	794.00
412.84	861.20
412.97	931.80
413.11	838.00
413.24	846.60
413.37	882.40
413.50	943.60
413.63	845.00
413.76	825.20
413.90	874.00
414.03	828.80
414.16	822.80
414.29	851.80
414.42	843.20
414.56	952.40
414.69	816.80
414.82	828.80
414.95	848.20
415.08	867.40
415.21	832.60
415.35	851.20
415.48	768.00
415.61	891.00
415.74	887.60
415.87	792.20
416.00	857.60
416.14	961.60
416.27	842.80
416.40	813.40
416.53	843.00
416.66	870.20
416.79	846.60
416.93	803.60
417.06	903.20
417.19	849.80
417.32	825.60
417.45	808.60
417.58	793.20
417.72	905.40
417.85	818.60
417.98	829.80
418.11	885.00
418.24	829.20
418.37	814.00
418.51	836.60
418.64	846.80
418.77	928.00
418.90	850.00
419.03	803.00
419.16	867.80
419.29	887.80
419.43	821.40
419.56	795.60
419.69	954.60
419.82	899.20
419.95	835.40
420.08	875.00
420.22	912.60
420.35	984.80
420.48	876.40
420.61	824.80
420.74	783.40
420.87	882.20
421.00	796.40
421.14	820.00
421.27	890.20
421.40	929.40
421.53	863.40
421.66	834.20
421.79	840.20
421.93	842.20
422.06	828.60
422.19	812.00
422.32	901.40
422.45	915.40
422.58	851.80
422.71	826.20
422.85	893.20
422.98	897.00
423.11	792.00
423.24	788.80
423.37	813.80
423.50	817.60
423.63	835.20
423.77	804.80
423.90	811.80
424.03	857.60
424.16	860.20
424.29	832.00
424.42	790.60
424.55	816.60
424.69	799.00
424.82	832.80
424.95	857.20
425.08	810.20
425.21	858.40
425.34	814.80
425.47	840.80
425.60	865.40
425.74	780.40
425.87	818.40
426.00	846.00
426.13	863.00
426.26	804.20
426.39	804.40
426.52	837.20
426.66	914.20
426.79	867.00
426.92	816.20
427.05	956.40
427.18	899.20
427.31	827.00
427.44	822.00
427.57	810.00
427.71	845.40
427.84	797.60
427.97	830.80
428.10	909.40
428.23	847.80
428.36	813.60
428.49	743.20
428.62	980.40
428.76	952.60
428.89	847.00
429.02	787.00
429.15	845.20
429.28	952.20
429.41	817.60
429.54	830.40
429.67	830.80
429.81	873.80
429.94	832.20
430.07	819.40
430.20	889.80
430.33	920.00
430.46	806.00
430.59	804.20
430.72	842.60
430.85	796.80
430.99	825.00
431.12	804.60
431.25	905.60
431.38	925.80
431.51	838.60
431.64	847.00
431.77	930.40
431.90	922.00
432.03	839.00
432.17	805.60
432.30	855.80
432.43	871.00
432.56	835.40
432.69	855.20
432.82	856.60
432.95	902.00
433.08	839.40
433.21	837.20
433.35	832.80
433.48	839.60
433.61	800.80
433.74	821.80
433.87	815.00
434.00	877.00
434.13	810.80
434.26	861.40
434.39	868.20
434.53	885.80
434.66	832.80
434.79	824.00
434.92	825.00
435.05	914.60
435.18	812.00
435.31	856.60
435.44	915.00
435.57	853.40
435.70	829.60
435.84	805.40
435.97	918.60
436.10	968.80
436.23	822.20
436.36	807.80
436.49	836.40
436.62	862.00
436.75	823.20
436.88	856.00
437.01	830.40
437.14	813.80
437.28	779.40
437.41	816.20
437.54	914.80
437.67	890.20
437.80	818.20
437.93	788.20
438.06	978.20
438.19	901.00
438.32	808.40
438.45	808.60
438.58	866.60
438.72	930.40
438.85	882.80
438.98	831.20
439.11	870.20
439.24	931.00
439.37	906.80
439.50	861.80
439.63	908.00
439.76	826.20
439.89	818.20
440.02	827.00
440.15	871.60
440.29	916.60
440.42	834.80
440.55	833.40
440.68	934.80
440.81	982.40
440.94	846.20
441.07	839.60
441.20	959.40
441.33	868.40
441.46	830.20
441.59	824.00
441.72	848.40
441.85	866.20
441.99	881.80
442.12	873.20
442.25	935.80
442.38	875.60
442.51	861.60
442.64	801.20
442.77	850.40
442.90	831.80
443.03	800.00
443.16	813.60
443.29	858.80
443.42	923.40
443.55	823.60
443.68	845.20
443.82	803.80
443.95	828.20
444.08	826.00
444.21	832.40
444.34	817.60
444.47	846.20
444.60	835.20
444.73	850.80
444.86	856.40
444.99	921.40
445.12	861.80
445.25	853.20
445.38	859.40
445.51	896.00
445.64	848.20
445.78	816.00
445.91	787.40
446.04	967.60
446.17	886.40
446.30	783.20
446.43	872.40
446.56	852.80
446.69	812.80
446.82	807.20
446.95	896.60
447.08	901.60
447.21	846.60
447.34	816.00
447.47	909.60
447.60	892.80
447.73	839.20
447.86	862.60
447.99	848.00
448.13	866.60
448.26	880.60
448.39	827.80
448.52	881.60
448.65	894.60
448.78	835.60
448.91	828.20
449.04	882.60
449.17	831.20
449.30	862.60
449.43	846.00
449.56	845.20
449.69	915.40
449.82	837.60
449.95	801.00
450.08	909.60
450.21	879.60
450.34	841.00
450.47	837.40
450.60	894.20
450.73	861.60
450.87	830.60
451.00	863.40
451.13	897.20
451.26	1018.40
451.39	832.60
451.52	869.40
451.65	847.40
451.78	837.80
451.91	832.60
452.04	821.40
452.17	942.40
452.30	937.80
452.43	832.20
452.56	821.20
452.69	911.20
452.82	817.00
452.95	880.20
453.08	813.20
453.21	773.40
453.34	899.00
453.47	818.80
453.60	892.00
453.73	941.40
453.86	885.60
453.99	863.60
454.12	856.60
454.25	844.00
454.38	866.80
454.52	808.20
454.65	827.20
454.78	823.00
454.91	806.00
455.04	821.80
455.17	807.80
455.30	822.00
455.43	920.40
455.56	832.80
455.69	805.00
455.82	881.60
455.95	863.40
456.08	805.00
456.21	801.80
456.34	794.20
456.47	782.00
456.60	821.40
456.73	811.80
456.86	837.20
456.99	877.40
457.12	813.00
457.25	837.60
457.38	918.80
457.51	886.20
457.64	859.00
457.77	826.00
457.90	845.60
458.03	846.40
458.16	838.20
458.29	838.00
458.42	847.20
458.55	795.00
458.68	816.20
458.81	834.40
458.94	922.60
459.07	963.00
459.20	801.40
459.33	815.60
459.46	917.00
459.59	952.60
459.72	905.20
459.85	837.20
459.98	935.80
460.11	890.80
460.24	849.40
460.37	808.80
460.50	889.80
460.63	851.00
460.76	830.60
460.89	847.00
461.02	876.40
461.15	879.60
461.28	842.20
461.41	833.40
461.54	938.20
461.67	814.80
461.80	853.80
461.93	892.40
462.06	882.60
462.19	910.40
462.32	831.20
462.45	820.40
462.58	887.40
462.71	839.80
462.84	833.80
462.97	788.80
463.10	851.20
463.23	871.80
463.36	882.20
463.49	853.20
463.62	794.00
463.75	874.40
463.88	831.80
464.01	848.60
464.14	816.40
464.27	955.40
464.40	842.60
464.53	837.40
464.66	889.80
464.79	875.60
464.92	857.80
465.05	816.40
465.18	847.20
465.31	860.60
465.44	838.60
465.57	816.60
465.70	844.20
465.83	970.20
465.96	857.60
466.09	822.80
466.22	906.00
466.35	884.20
466.48	833.20
466.61	826.20
466.74	850.20
466.87	905.20
467.00	879.60
467.13	869.40
467.26	890.20
467.39	806.40
467.52	808.40
467.65	844.60
467.78	925.80
467.91	864.00
468.04	854.20
468.17	824.00
468.30	841.60
468.43	811.00
468.56	813.80
468.69	865.60
468.82	885.40
468.95	817.60
469.08	835.80
469.21	844.40
469.34	905.00
469.47	973.00
469.60	940.00
469.73	857.80
469.86	876.60
469.99	907.80
470.11	825.00
470.24	828.40
470.37	902.20
470.50	864.00
470.63	836.20
470.76	855.00
470.89	892.60
471.02	984.80
471.15	835.80
471.28	842.20
471.41	965.20
471.54	885.00
471.67	837.80
471.80	793.60
471.93	914.20
472.06	878.00
472.19	845.40
472.32	824.00
472.45	975.40
472.58	913.00
472.71	868.80
472.84	836.40
472.97	838.20
473.10	820.40
473.23	900.60
473.36	806.00
473.49	924.40
473.62	916.20
473.74	872.80
473.87	894.20
474.00	838.40
474.13	836.40
474.26	872.80
474.39	887.00
474.52	870.60
474.65	851.80
474.78	859.00
474.91	809.80
475.04	890.20
475.17	999.00
475.30	890.60
475.43	875.60
475.56	928.00
475.69	870.00
475.82	889.80
475.95	834.00
476.08	943.80
476.21	879.40
476.34	904.20
476.46	903.60
476.59	938.80
476.72	857.80
476.85	855.00
476.98	833.80
477.11	922.40
477.24	871.40
477.37	805.20
477.50	849.00
477.63	887.20
477.76	842.20
477.89	797.20
478.02	820.40
478.15	865.60
478.28	863.40
478.41	886.60
478.54	842.40
478.66	922.20
478.79	861.60
478.92	849.40
479.05	867.20
479.18	882.00
479.31	842.60
479.44	838.20
479.57	831.00
479.70	860.00
479.83	893.80
479.96	856.00
480.09	885.40
480.22	1013.20
480.35	996.80
480.48	921.60
480.60	878.80
480.73	857.80
480.86	904.20
480.99	862.80
481.12	869.80
481.25	878.60
481.38	945.40
481.51	856.00
481.64	868.00
481.77	890.80
481.90	866.80
482.03	860.80
482.16	860.00
482.29	945.00
482.41	886.60
482.54	890.40
482.67	848.20
482.80	876.20
482.93	924.40
483.06	849.00
483.19	940.00
483.32	910.00
483.45	888.00
483.58	885.20
483.71	904.40
483.84	927.60
483.97	903.80
484.09	876.40
484.22	866.00
484.35	853.60
484.48	822.20
484.61	847.60
484.74	860.80
484.87	898.20
485.00	839.20
485.13	892.60
485.26	838.40
485.39	906.80
485.52	882.60
485.64	944.00
485.77	904.60
485.90	925.80
486.03	840.00
486.16	898.20
486.29	850.60
486.42	881.80
486.55	891.80
486.68	869.00
486.81	905.20
486.94	899.40
487.06	868.60
487.19	911.60
487.32	906.00
487.45	889.20
487.58	869.20
487.71	884.20
487.84	847.60
487.97	922.80
488.10	936.60
488.23	871.40
488.35	828.60
488.48	875.80
488.61	844.00
488.74	853.60
488.87	855.80
489.00	898.80
489.13	984.80
489.26	914.60
489.39	924.40
489.52	923.60
489.64	917.20
489.77	890.60
489.90	883.60
490.03	889.80
490.16	872.80
490.29	865.60
490.42	870.00
490.55	909.00
490.68	856.80
490.81	868.80
490.93	829.40
491.06	958.20
491.19	923.00
491.32	899.80
491.45	912.00
491.58	842.80
491.71	896.80
491.84	871.40
491.97	868.40
492.09	962.40
492.22	918.60
492.35	906.60
492.48	926.80
492.61	914.20
492.74	891.00
492.87	905.00
493.00	885.20
493.12	870.40
493.25	895.80
493.38	881.80
493.51	859.80
493.64	848.40
493.77	898.60
493.90	903.80
494.03	914.40
494.16	958.80
494.28	974.80
494.41	879.00
494.54	885.00
494.67	1018.80
494.80	972.60
494.93	893.60
495.06	911.00
495.19	925.40
495.31	904.80
495.44	881.80
495.57	859.80
495.70	921.60
495.83	889.40
495.96	858.60
496.09	898.80
496.22	975.80
496.34	996.60
496.47	895.40
496.60	911.00
496.73	951.00
496.86	944.00
496.99	861.80
497.12	902.40
497.24	838.60
497.37	902.80
497.50	883.80
497.63	861.40
497.76	887.20
497.89	968.20
498.02	927.60
498.15	814.40
498.27	902.20
498.40	961.20
498.53	958.00
498.66	910.00
498.79	948.60
498.92	864.80
499.05	905.00
499.17	901.00
499.30	933.00
499.43	997.40
499.56	917.00
499.69	844.20
499.82	912.40
499.95	885.80
500.07	873.20
500.20	894.60
500.33	948.60
500.46	1050.20
500.59	909.40
500.72	921.20
500.85	959.60
500.97	956.60
501.10	951.60
501.23	866.20
501.36	915.80
501.49	986.80
501.62	927.00
501.75	895.00
501.87	969.80
502.00	858.00
502.13	919.20
502.26	919.20
502.39	887.60
502.52	902.00
502.64	855.20
502.77	874.80
502.90	942.60
503.03	921.40
503.16	886.20
503.29	885.00
503.42	966.20
503.54	923.60
503.67	901.60
503.80	917.40
503.93	958.80
504.06	879.40
504.19	896.80
504.31	965.60
504.44	930.20
504.57	940.00
504.70	912.80
504.83	856.00
504.96	934.80
505.08	914.80
505.21	914.60
505.34	1016.60
505.47	974.20
505.60	947.80
505.73	959.80
505.85	957.20
505.98	1059.60
506.11	910.60
506.24	874.40
506.37	880.20
506.50	927.00
506.62	963.40
506.75	896.40
506.88	897.40
507.01	935.60
507.14	877.80
507.27	898.00
507.39	860.20
507.52	892.60
507.65	891.40
507.78	921.00
507.91	877.20
508.04	981.60
508.16	989.80
508.29	932.00
508.42	895.80
508.55	885.80
508.68	899.60
508.81	957.00
508.93	895.60
509.06	905.40
509.19	965.00
509.32	941.00
509.45	919.20
509.57	937.00
509.70	893.40
509.83	915.20
509.96	874.00
510.09	926.60
510.22	922.20
510.34	919.40
510.47	916.00
510.60	1032.40
510.73	946.00
510.86	936.80
510.98	898.60
511.11	902.40
511.24	976.00
511.37	936.60
511.50	904.40
511.63	933.80
511.75	936.20
511.88	925.60
512.01	941.80
512.14	933.40
512.27	935.00
512.39	915.40
512.52	909.80
512.65	940.80
512.78	896.80
512.91	927.20
513.03	931.80
513.16	968.80
513.29	942.80
513.42	915.20
513.55	883.60
513.67	950.80
513.80	881.60
513.93	904.40
514.06	901.20
514.19	945.80
514.31	947.60
514.44	961.40
514.57	906.20
514.70	928.20
514.83	989.00
514.95	908.20
515.08	937.00
515.21	958.60
515.34	934.20
515.47	928.60
515.59	891.20
515.72	954.80
515.85	956.00
515.98	976.00
516.11	932.80
516.23	975.40
516.36	1004.60
516.49	954.00
516.62	940.80
516.75	1002.40
516.87	999.80
517.00	907.00
517.13	954.80
517.26	992.60
517.39	960.60
517.51	875.00
517.64	923.80
517.77	1016.60
517.90	895.00
518.02	926.20
518.15	891.00
518.28	858.40
518.41	933.80
518.54	936.00
518.66	941.20
518.79	896.80
518.92	922.20
519.05	903.40
519.18	914.60
519.30	962.60
519.43	893.60
519.56	905.60
519.69	911.80
519.81	982.20
519.94	920.00
520.07	864.40
520.20	902.80
520.33	944.40
520.45	1005.60
520.58	940.60
520.71	951.20
520.84	990.40
520.96	954.00
521.09	932.00
521.22	907.00
521.35	976.20
521.48	966.80
521.60	912.80
521.73	939.80
521.86	1009.60
521.99	1034.40
522.11	952.00
522.24	929.80
522.37	960.60
522.50	958.40
522.62	988.20
522.75	886.00
522.88	960.40
523.01	925.80
523.14	960.80
523.26	947.00
523.39	1020.40
523.52	928.60
523.65	1038.80
523.77	977.80
523.90	949.00
524.03	932.40
524.16	928.20
524.28	922.40
524.41	931.60
524.54	933.80
524.67	900.20
524.79	924.20
524.92	965.60
525.05	1022.20
525.18	903.20
525.31	973.20
525.43	900.60
525.56	1054.20
525.69	919.80
525.82	871.60
525.94	989.20
526.07	985.60
526.20	973.80
526.33	984.60
526.45	1074.60
526.58	1047.60
526.71	961.40
526.84	944.00
526.96	955.00
527.09	915.00
527.22	926.60
527.35	938.00
527.47	910.20
527.60	1023.80
527.73	911.80
527.86	965.00
527.98	968.60
528.11	978.40
528.24	908.80
528.37	933.60
528.49	900.40
528.62	949.20
528.75	974.40
528.88	913.40
529.00	979.40
529.13	1001.40
529.26	944.60
529.39	980.40
529.51	1086.40
529.64	1057.80
529.77	922.40
529.90	933.40
530.02	934.20
530.15	928.60
530.28	880.00
530.40	912.00
530.53	946.00
530.66	972.20
530.79	935.40
530.91	942.80
531.04	938.20
531.17	947.80
531.30	934.80
531.42	940.80
531.55	952.20
531.68	1017.40
531.81	917.60
531.93	940.80
532.06	975.40
532.19	913.40
532.31	939.60
532.44	944.20
532.57	973.40
532.70	928.00
532.82	943.20
532.95	975.20
533.08	1019.20
533.21	982.20
533.33	927.20
533.46	931.20
533.59	941.20
533.71	1067.20
533.84	957.20
533.97	931.60
534.10	934.60
534.22	919.80
534.35	943.60
534.48	950.60
534.61	986.40
534.73	888.60
534.86	919.60
534.99	955.80
535.11	1013.00
535.24	977.00
535.37	914.40
535.50	908.20
535.62	925.00
535.75	1015.20
535.88	960.00
536.00	929.40
536.13	939.00
536.26	943.80
536.39	924.20
536.51	896.20
536.64	980.80
536.77	962.20
536.89	940.80
537.02	957.00
537.15	968.40
537.28	963.80
537.40	963.80
537.53	928.40
537.66	1014.40
537.78	964.40
537.91	922.00
538.04	936.60
538.17	1004.20
538.29	985.00
538.42	1027.20
538.55	1008.40
538.67	995.00
538.80	941.40
538.93	969.80
539.05	960.00
539.18	1025.60
539.31	1000.20
539.44	968.80
539.56	885.80
539.69	956.80
539.82	944.80
539.94	926.20
540.07	924.60
540.20	1026.60
540.32	935.20
540.45	948.80
540.58	942.20
540.71	1013.00
540.83	913.00
540.96	940.00
541.09	948.00
541.21	1050.20
541.34	1022.00
541.47	926.20
541.59	957.20
541.72	1051.80
541.85	1114.00
541.98	1015.60
542.10	962.00
542.23	985.60
542.36	1089.60
542.48	975.20
542.61	958.20
542.74	937.40
542.86	950.80
542.99	957.00
543.12	930.60
543.24	980.80
543.37	912.80
543.50	955.20
543.62	937.80
543.75	957.00
543.88	956.60
544.01	971.20
544.13	984.00
544.26	992.80
544.39	946.20
544.51	939.60
544.64	925.20
544.77	995.20
544.89	953.60
545.02	972.20
545.15	945.20
545.27	1050.40
545.40	1035.80
545.53	995.80
545.65	985.20
545.78	890.80
545.91	926.00
546.03	953.20
546.16	957.20
546.29	943.40
546.41	920.00
546.54	945.80
546.67	931.20
546.79	1009.00
546.92	1040.80
547.05	913.80
547.17	963.40
547.30	944.00
547.43	1006.20
547.56	929.00
547.68	955.80
547.81	916.80
547.94	994.60
548.06	949.20
548.19	923.60
548.32	1037.80
548.44	985.00
548.57	986.20
548.70	1003.80
548.82	1012.00
548.95	1001.00
549.08	962.00
549.20	964.20
549.33	1066.00
549.45	972.20
549.58	952.40
549.71	918.40
549.83	1023.60
549.96	927.80
550.09	963.80
550.21	954.60
550.34	990.80
550.47	962.40
550.59	953.20
550.72	887.80
550.85	979.00
550.97	1036.20
551.10	945.20
551.23	958.00
551.35	1042.00
551.48	989.40
551.61	963.20
551.73	955.80
551.86	1040.80
551.99	1042.40
552.11	974.40
552.24	1004.20
552.37	996.00
552.49	950.40
552.62	954.80
552.75	1003.80
552.87	954.80
553.00	952.80
553.12	998.80
553.25	976.40
553.38	1008.00
553.50	1035.80
553.63	966.20
553.76	908.40
553.88	980.20
554.01	980.20
554.14	966.80
554.26	998.60
554.39	1060.40
554.52	971.60
554.64	974.60
554.77	946.00
554.89	1015.20
555.02	1031.00
555.15	979.60
555.27	971.60
555.40	985.00
555.53	1038.80
555.65	969.80
555.78	936.40
555.91	1009.00
556.03	1054.00
556.16	951.00
556.29	990.00
556.41	1056.20
556.54	1048.20
556.66	984.00
556.79	953.20
556.92	999.00
557.04	1007.40
557.17	960.80
557.30	961.40
557.42	974.60
557.55	985.00
557.67	1002.40
557.80	969.80
557.93	992.20
558.05	989.20
558.18	945.60
558.31	980.00
558.43	1034.20
558.56	1004.40
558.68	980.00
558.81	943.60
558.94	977.60
559.06	1097.00
559.19	964.60
559.32	961.00
559.44	943.80
559.57	989.80
559.69	952.40
559.82	952.00
559.95	961.60
560.07	961.00
560.20	903.00
560.33	969.20
560.45	1002.60
560.58	931.60
560.70	985.60
560.83	945.80
560.96	970.40
561.08	980.00
561.21	1009.80
561.33	959.80
561.46	937.40
561.59	1023.80
561.71	977.40
561.84	999.20
561.97	959.00
562.09	1029.40
562.22	963.80
562.34	952.60
562.47	1030.80
562.60	1005.80
562.72	985.60
562.85	991.20
562.97	986.00
563.10	977.80
563.23	951.00
563.35	947.20
563.48	1001.00
563.60	989.40
563.73	1006.80
563.86	944.20
563.98	964.00
564.11	992.60
564.23	977.40
564.36	1048.60
564.49	993.80
564.61	1057.00
564.74	993.00
564.86	972.20
564.99	1042.80
565.12	1028.40
565.24	1038.80
565.37	1033.20
565.49	1033.40
565.62	1062.80
565.75	1025.00
565.87	954.00
566.00	1128.20
566.12	1057.00
566.25	999.20
566.38	1017.00
566.50	1002.40
566.63	1054.60
566.75	983.20
566.88	962.80
567.01	959.80
567.13	987.00
567.26	983.00
567.38	963.80
567.51	1035.40
567.64	976.00
567.76	1013.60
567.89	997.60
568.01	966.60
568.14	956.00
568.26	993.00
568.39	991.80
568.52	1001.60
568.64	1040.20
568.77	988.20
568.89	971.40
569.02	973.00
569.15	999.40
569.27	976.60
569.40	1011.20
569.52	1030.60
569.65	976.80
569.77	992.60
569.90	960.20
570.03	951.40
570.15	1073.20
570.28	988.20
570.40	994.80
570.53	987.20
570.66	1065.40
570.78	1031.20
570.91	1005.00
571.03	966.80
571.16	1001.80
571.28	952.40
571.41	930.40
571.54	951.00
571.66	932.40
571.79	969.60
571.91	970.00
572.04	953.60
572.16	1010.20
572.29	1031.40
572.42	980.80
572.54	1021.60
572.67	978.60
572.79	1006.00
572.92	991.60
573.04	1028.20
573.17	1054.80
573.29	1005.20
573.42	979.60
573.55	1037.00
573.67	1027.40
573.80	991.80
573.92	962.40
574.05	1003.80
574.17	1060.20
574.30	994.20
574.43	985.00
574.55	983.80
574.68	1009.80
574.80	982.60
574.93	985.80
575.05	959.60
575.18	985.40
575.30	992.40
575.43	1026.80
575.56	1048.80
575.68	1030.80
575.81	989.20
575.93	962.00
576.06	1016.20
576.18	1033.40
576.31	987.60
576.43	970.80
576.56	1112.00
576.69	1066.40
576.81	1017.20
576.94	971.80
577.06	1003.20
577.19	1034.80
577.31	1007.60
577.44	1022.20
577.56	1060.80
577.69	1030.40
577.82	1025.00
577.94	971.60
578.07	954.20
578.19	1033.20
578.32	1035.20
578.44	983.60
578.57	989.20
578.69	1062.60
578.82	1017.60
578.94	1040.40
579.07	1067.20
579.19	1043.40
579.32	1020.80
579.45	1017.40
579.57	1006.40
579.70	977.40
579.82	1016.60
579.95	987.40
580.07	1075.20
580.20	1008.20
580.32	1003.00
580.45	1040.60
580.57	1048.60
580.70	1051.60
580.82	1033.20
580.95	1030.20
581.08	972.60
581.20	1061.80
581.33	994.40
581.45	1016.40
581.58	1021.80
581.70	1043.20
581.83	931.80
581.95	1020.60
582.08	1039.00
582.20	1011.00
582.33	1001.20
582.45	995.60
582.58	1007.40
582.70	1037.40
582.83	979.60
582.95	1002.20
583.08	1056.80
583.21	1066.00
583.33	1024.80
583.46	988.60
583.58	975.60
583.71	1045.20
583.83	1015.00
583.96	1031.60
584.08	1058.60
584.21	1057.00
584.33	1038.00
584.46	1004.80
584.58	976.40
584.71	1060.00
584.83	1038.60
584.96	1010.40
585.08	993.20
585.21	1122.00
585.33	1081.60
585.46	1034.60
585.58	1048.40
585.71	1002.20
585.83	1018.80
585.96	1042.60
586.08	1041.20
586.21	1042.00
586.33	1044.40
586.46	975.00
586.59	1053.20
586.71	996.00
586.84	1037.80
586.96	1020.20
587.09	957.80
587.21	1001.20
587.34	1042.60
587.46	993.40
587.59	978.80
587.71	1017.00
587.84	999.60
587.96	950.80
588.09	965.00
588.21	1041.60
588.34	1002.20
588.46	1031.00
588.59	1000.80
588.71	1034.20
588.84	1017.20
588.96	1012.80
589.09	1118.40
589.21	1022.60
589.34	998.20
589.46	1010.20
589.59	1020.40
589.71	1073.60
589.84	975.00
589.96	992.20
590.09	1012.60
590.21	1057.80
590.34	1028.40
590.46	1034.60
590.59	1000.80
590.71	1016.20
590.84	1053.80
590.96	979.80
591.09	1041.60
591.21	1021.60
591.34	999.60
591.46	1004.00
591.59	1095.00
591.71	1058.40
591.83	1015.60
591.96	961.40
592.08	1006.20
592.21	1055.80
592.33	1019.80
592.46	1006.20
592.58	1035.60
592.71	1065.80
592.83	1113.20
592.96	1060.60
593.08	1085.00
593.21	985.80
593.33	978.00
593.46	1013.20
593.58	1023.60
593.71	1066.40
593.83	1061.80
593.96	990.40
594.08	1136.00
594.21	1016.20
594.33	1002.20
594.46	992.00
594.58	973.60
594.71	955.80
594.83	1030.60
594.96	1021.80
595.08	1185.20
595.20	1062.00
595.33	1029.80
595.45	991.40
595.58	1112.00
595.70	1044.40
595.83	1010.80
595.95	1025.60
596.08	1036.20
596.20	982.60
596.33	975.80
596.45	1011.80
596.58	994.20
596.70	985.00
596.83	1009.40
596.95	1007.60
597.08	1036.20
597.20	985.00
597.32	1000.40
597.45	1027.40
597.57	1020.20
597.70	1059.00
597.82	1003.60
597.95	1025.40
598.07	1029.00
598.20	1048.20
598.32	1015.00
598.45	1019.60
598.57	1078.20
598.70	1091.80
598.82	1005.20
598.94	1006.80
599.07	1072.80
599.19	1026.00
599.32	1007.40
599.44	938.00
599.57	1068.60
599.69	1042.80
599.82	1009.00
599.94	985.60
600.07	1084.40
600.19	1050.80
600.31	1004.80
600.44	1065.60
600.56	1157.60
600.69	1123.20
600.81	1007.20
600.94	1014.80
601.06	1042.20
601.19	1069.80
601.31	1068.80
601.44	988.00
601.56	1092.20
601.68	1070.60
601.81	1042.40
601.93	1038.40
602.06	1074.60
602.18	997.80
602.31	1017.60
602.43	1081.60
602.56	1073.60
602.68	1034.20
602.80	1025.20
602.93	1039.40
603.05	1022.20
603.18	1046.20
603.30	994.00
603.43	999.60
603.55	1035.00
603.68	1055.00
603.80	1042.00
603.92	1029.80
604.05	1009.60
604.17	1015.20
604.30	994.20
604.42	1008.00
604.55	1019.40
604.67	1075.00
604.79	1019.40
604.92	1018.40
605.04	1017.20
605.17	1019.00
605.29	1011.00
605.42	1012.60
605.54	1108.20
605.66	1043.60
605.79	1047.80
605.91	1028.60
606.04	1028.40
606.16	1009.80
606.29	1041.60
606.41	1000.40
606.53	1036.00
606.66	983.40
606.78	1020.20
606.91	1008.20
607.03	1012.60
607.16	1013.60
607.28	999.80
607.40	1024.00
607.53	1056.80
607.65	1002.60
607.78	1005.60
607.90	1033.00
608.03	1144.80
608.15	1052.00
608.27	1047.40
608.40	992.20
608.52	1050.80
608.65	1039.20
608.77	1067.40
608.89	1034.00
609.02	1117.40
609.14	1121.60
609.27	1070.40
609.39	1076.40
609.52	1013.80
609.64	970.80
609.76	1007.40
609.89	1022.20
610.01	1102.00
610.14	1069.00
610.26	1027.80
610.38	994.60
610.51	1091.20
610.63	1024.40
610.76	992.80
610.88	1061.00
611.01	1105.00
611.13	1153.40
611.25	1076.00
611.38	1003.00
611.50	1045.80
611.63	1059.40
611.75	1040.80
611.87	1046.80
612.00	1030.20
612.12	1099.40
612.25	1025.60
612.37	1011.20
612.49	1109.80
612.62	1099.20
612.74	1109.80
612.87	1044.80
612.99	1044.00
613.11	986.40
613.24	1020.40
613.36	1031.40
613.49	1065.00
613.61	1057.00
613.73	1029.60
613.86	1075.60
613.98	1018.00
614.11	1084.40
614.23	1088.80
614.35	1091.20
614.48	1086.80
614.60	1054.20
614.72	1043.80
614.85	1060.80
614.97	1056.20
615.10	1050.80
615.22	1027.80
615.34	1044.80
615.47	1106.40
615.59	1016.60
615.72	1036.80
615.84	1058.00
615.96	1016.80
616.09	1140.80
616.21	1035.00
616.34	1023.60
616.46	1045.20
616.58	1084.20
616.71	1074.40
616.83	1077.60
616.95	1080.20
617.08	1077.80
617.20	1042.80
617.33	1010.40
617.45	1031.60
617.57	1077.20
617.70	1053.00
617.82	1030.20
617.95	1058.00
618.07	1122.60
618.19	1063.40
618.32	1055.40
618.44	1025.80
618.56	1012.80
618.69	983.40
618.81	987.60
618.94	1080.60
619.06	1043.00
619.18	1037.40
619.31	1005.80
619.43	1016.60
619.55	1077.40
619.68	1059.20
619.80	1003.60
619.92	1063.20
620.05	1183.20
620.17	1096.20
620.30	1040.80
620.42	1064.80
620.54	1107.00
620.67	1032.20
620.79	1050.80
620.91	1074.20
621.04	1123.60
621.16	1038.60
621.29	1024.20
621.41	990.80
621.53	1030.60
621.66	1042.60
621.78	1029.00
621.90	1092.20
622.03	1151.80
622.15	1048.80
622.27	1048.60
622.40	1062.00
622.52	1029.20
622.64	1027.80
622.77	1006.00
622.89	1066.60
623.02	1097.20
623.14	1067.60
623.26	1079.20
623.39	1061.20
623.51	1113.00
623.63	1037.80
623.76	1015.40
623.88	1121.60
624.00	1060.40
624.13	1019.20
624.25	1009.80
624.37	1010.00
624.50	1092.20
624.62	1072.20
624.75	1004.20
624.87	1010.60
624.99	1043.20
625.12	1018.60
625.24	1041.00
625.36	1139.20
625.49	1090.60
625.61	1069.00
625.73	1058.20
625.86	1101.20
625.98	1062.80
626.10	1011.20
626.23	996.00
626.35	1086.40
626.47	1040.40
626.60	1011.60
626.72	1028.00
626.84	1033.00
626.97	1069.20
627.09	1049.80
627.21	1044.40
627.34	1159.40
627.46	1153.60
627.58	1047.80
627.71	1066.80
627.83	1094.40
627.95	1013.80
628.08	1046.40
628.20	1088.80
628.32	998.20
628.45	981.80
628.57	992.60
628.69	1023.80
628.82	1077.20
628.94	1117.80
629.06	1052.80
629.19	1036.80
629.31	1096.60
629.43	1018.60
629.56	1063.60
629.68	1060.20
629.80	1110.60
629.93	1019.80
630.05	1012.80
630.17	1020.20
630.30	1053.00
630.42	1033.80
630.54	1074.80
630.67	1054.60
630.79	1038.40
630.91	1190.80
631.04	1075.00
631.16	1064.40
631.28	1071.60
631.41	1029.00
631.53	1012.00
631.65	1051.00
631.78	1080.60
631.90	1070.40
632.02	1047.00
632.14	978.60
632.27	1123.80
632.39	1065.80
632.51	1030.80
632.64	1102.20
632.76	1060.80
632.88	1046.40
633.01	1067.80
633.13	1039.00
633.25	1063.40
633.38	1168.20
633.50	1004.20
633.62	1001.40
633.75	1002.00
633.87	982.60
633.99	1070.00
634.11	1008.00
634.24	1036.60
634.36	1048.80
634.48	1038.20
634.61	1036.60
634.73	1083.20
634.85	1033.00
634.98	1023.60
635.10	1041.40
635.22	1062.60
635.35	1175.80
635.47	1067.80
635.59	1046.60
635.71	1091.00
635.84	1098.40
635.96	1044.40
636.08	1103.00
636.21	1045.20
636.33	1073.60
636.45	1055.80
636.58	1038.20
636.70	1008.60
636.82	1085.00
636.94	1033.60
637.07	999.40
637.19	1096.00
637.31	1087.60
637.44	1081.80
637.56	1000.60
637.68	1078.40
637.81	1085.80
637.93	1060.00
638.05	1011.80
638.17	1121.20
638.30	1191.00
638.42	1062.40
638.54	1028.80
638.67	1054.80
638.79	1062.60
638.91	1025.40
639.03	1034.80
639.16	1044.60
639.28	1063.40
639.40	1050.60
639.53	1033.60
639.65	1098.60
639.77	1063.60
639.89	1062.20
640.02	1046.60
640.14	1071.60
640.26	1026.80
640.39	1090.80
640.51	1035.60
640.63	1085.00
640.75	1102.20
640.88	1058.60
641.00	1039.80
641.12	1025.60
641.24	1143.60
641.37	1044.60
641.49	1013.60
641.61	1169.80
641.74	1046.60
641.86	1076.40
641.98	1018.60
642.10	1076.80
642.23	1093.80
642.35	1040.60
642.47	1073.60
642.60	1080.00
642.72	1104.20
642.84	1005.80
642.96	1021.60
643.09	1022.00
643.21	1020.40
643.33	1019.00
643.45	1036.60
643.58	1112.60
643.70	1141.80
643.82	1055.60
643.94	1051.00
644.07	1075.80
644.19	1084.80
644.31	1071.40
644.44	1073.00
644.56	1051.00
644.68	1031.20
644.80	1021.60
644.93	1021.40
645.05	1031.20
645.17	1081.60
645.29	1071.40
645.42	1075.60
645.54	1056.60
645.66	1085.20
645.78	1049.80
645.91	1045.00
646.03	1092.80
646.15	1142.60
646.27	1045.00
646.40	1070.00
646.52	1110.00
646.64	1121.00
646.76	1062.60
646.89	1001.80
647.01	1103.40
647.13	1090.80
647.25	1096.00
647.38	1054.20
647.50	1035.60
647.62	1112.40
647.74	1014.40
647.87	1023.00
647.99	1081.60
648.11	1099.20
648.23	1057.20
648.36	1010.20
648.48	1133.40
648.60	1080.20
648.72	1050.20
648.85	1039.20
648.97	1123.20
649.09	1089.20
649.21	1040.40
649.34	1074.80
649.46	1086.80
649.58	1081.20
649.70	1089.60
649.83	1044.60
649.95	1117.20
650.07	1106.60
650.19	1100.00
650.32	1070.40
650.44	1130.80
650.56	1101.40
650.68	1054.00
650.81	1054.40
650.93	1057.80
651.05	1142.20
651.17	1038.80
651.29	1084.00
651.42	1068.60
651.54	1104.20
651.66	1042.20
651.78	1043.80
651.91	1099.40
652.03	1194.80
652.15	1098.40
652.27	1050.20
652.40	1090.20
652.52	1067.20
652.64	1074.40
652.76	1059.20
652.88	1181.40
653.01	1086.60
653.13	1031.00
653.25	1004.60
653.37	1104.40
653.50	1118.80
653.62	1093.40
653.74	1016.40
653.86	1127.80
653.98	1108.60
654.11	1033.60
654.23	1061.60
654.35	1065.80
654.47	1207.60
654.60	1061.00
654.72	1057.00
654.84	1042.20
654.96	1126.80
655.08	1052.20
655.21	1085.00
655.33	1071.40
655.45	1129.80
655.57	1075.40
655.70	1079.20
655.82	1127.40
655.94	1165.60
656.06	1105.40
656.18	1041.40
656.31	1138.60
656.43	1115.80
656.55	1045.40
656.67	1070.60
656.79	1089.80
656.92	1140.80
657.04	1092.60
657.16	1064.60
657.28	1212.00
657.40	1105.80
657.53	1103.20
657.65	1064.00
657.77	1145.00
657.89	1144.20
658.01	1068.40
658.14	1043.20
658.26	1115.80
658.38	1065.40
658.50	1034.20
658.62	1029.20
658.75	1215.00
658.87	1131.20
658.99	1113.20
659.11	1043.80
659.23	1138.60
659.36	1193.20
659.48	1139.40
659.60	1106.40
659.72	1101.80
659.84	1089.60
659.97	1109.00
660.09	1117.60
660.21	1209.80
660.33	1142.00
660.45	1029.40
660.58	1009.80
660.70	1063.60
660.82	1075.20
660.94	1027.20
661.06	1069.80
661.19	1154.80
661.31	1132.40
661.43	1083.60
661.55	1077.20
661.67	1136.60
661.80	1161.60
661.92	1080.00
662.04	1088.00
662.16	1091.80
662.28	1156.20
662.40	1084.80
662.53	1093.80
662.65	1124.40
662.77	1061.60
662.89	1099.00
663.01	1065.60
663.14	1094.00
663.26	1115.80
663.38	1085.40
663.50	1047.60
663.62	1063.60
663.74	1084.00
663.87	1066.00
663.99	1098.80
664.11	1115.60
664.23	1218.80
664.35	1086.40
664.48	1076.20
664.60	1088.60
664.72	1079.60
664.84	1042.60
664.96	1075.00
665.08	1148.20
665.21	1123.00
665.33	1126.20
665.45	1032.80
665.57	1089.80
665.69	1174.20
665.81	1089.00
665.94	1054.20
666.06	1069.80
666.18	1121.40
666.30	1075.40
666.42	1064.60
666.54	1114.00
666.67	1134.60
666.79	1062.80
666.91	1128.20
667.03	1099.40
667.15	1052.00
667.27	1088.80
667.40	1056.40
667.52	1092.80
667.64	1139.80
667.76	1075.40
667.88	1053.00
668.00	1144.20
668.13	1142.40
668.25	1062.40
668.37	1067.20
668.49	1079.20
668.61	1148.60
668.73	1097.60
668.85	1103.60
668.98	1118.80
669.10	1113.60
669.22	1076.60
669.34	1090.00
669.46	1147.20
669.58	1091.80
669.71	1107.00
669.83	1098.20
669.95	1082.60
670.07	1120.40
670.19	1080.00
670.31	1088.80
670.43	1090.00
670.56	1126.20
670.68	1154.80
670.80	1110.20
670.92	1119.80
671.04	1171.60
671.16	1086.20
671.28	1084.60
671.41	1097.00
671.53	1142.80
671.65	1083.00
671.77	1088.40
671.89	1251.20
672.01	1207.20
672.13	1137.60
672.26	1067.60
672.38	1109.60
672.50	1077.20
672.62	1101.20
672.74	1122.00
672.86	1101.80
672.98	1115.60
673.11	1098.40
673.23	1111.20
673.35	1178.80
673.47	1109.20
673.59	1099.20
673.71	1057.20
673.83	1125.00
673.96	1220.20
674.08	1102.20
674.20	1066.80
674.32	1104.20
674.44	1116.00
674.56	1121.20
674.68	1121.40
674.80	1145.00
674.93	1110.40
675.05	1085.80
675.17	1103.20
675.29	1148.20
675.41	1161.40
675.53	1107.20
675.65	1092.80
675.77	1105.40
675.90	1158.40
676.02	1085.40
676.14	1070.40
676.26	1197.60
676.38	1229.80
676.50	1112.20
676.62	1133.20
676.74	1071.20
676.87	1092.00
676.99	1122.00
677.11	1150.00
677.23	1125.80
677.35	1141.60
677.47	1057.40
677.59	1085.60
677.71	1135.40
677.83	1149.00
677.96	1117.80
678.08	1107.40
678.20	1110.20
678.32	1071.60
678.44	1106.00
678.56	1105.20
678.68	1262.20
678.80	1158.00
678.93	1099.40
679.05	1114.40
679.17	1121.40
679.29	1182.20
679.41	1113.60
679.53	1084.20
679.65	1088.20
679.77	1120.80
679.89	1101.20
680.01	1138.00
680.14	1158.20
680.26	1065.40
680.38	1102.00
680.50	1141.40
680.62	1215.00
680.74	1146.40
680.86	1104.00
680.98	1115.20
681.10	1134.40
681.22	1231.80
681.35	1106.80
681.47	1106.80
681.59	1089.80
681.71	1208.00
681.83	1116.20
681.95	1082.20
682.07	1188.20
682.19	1147.20
682.31	1101.20
682.43	1075.20
682.56	1153.00
682.68	1083.60
682.80	1086.20
682.92	1131.00
683.04	1112.60
683.16	1109.40
683.28	1079.60
683.40	1137.60
683.52	1118.60
683.64	1157.00
683.76	1077.60
683.89	1093.40
684.01	1114.60
684.13	1177.00
684.25	1121.20
684.37	1121.60
684.49	1161.00
684.61	1119.60
684.73	1113.20
684.85	1113.20
684.97	1087.00
685.09	1188.00
685.21	1090.40
685.34	1112.00
685.46	1249.40
685.58	1152.60
685.70	1138.80
685.82	1152.80
685.94	1093.20
686.06	1093.80
686.18	1078.00
686.30	1104.60
686.42	1090.00
686.54	1165.80
686.66	1090.80
686.79	1202.40
686.91	1135.40
687.03	1243.00
687.15	1151.60
687.27	1108.20
687.39	1111.60
687.51	1205.60
687.63	1144.60
687.75	1168.60
687.87	1153.40
687.99	1202.40
688.11	1089.40
688.23	1153.20
688.35	1178.80
688.48	1163.20
688.60	1092.40
688.72	1105.40
688.84	1136.00
688.96	1168.20
689.08	1127.60
689.20	1121.00
689.32	1246.40
689.44	1145.40
689.56	1082.20
689.68	1094.20
689.80	1118.40
689.92	1094.40
690.04	1112.60
690.16	1160.40
690.28	1153.40
690.41	1151.40
690.53	1095.00
690.65	1157.40
690.77	1178.40
690.89	1172.60
691.01	1129.40
691.13	1101.00
691.25	1086.20
691.37	1117.80
691.49	1074.60
691.61	1075.40
691.73	1213.20
691.85	1141.00
691.97	1106.80
692.09	1089.80
692.21	1178.40
692.33	1205.40
692.45	1135.80
692.57	1105.60
692.70	1131.00
692.82	1162.20
692.94	1062.40
693.06	1100.20
693.18	1135.00
693.30	1117.00
693.42	1098.00
693.54	1135.80
693.66	1147.40
693.78	1155.80
693.90	1113.40
694.02	1132.80
694.14	1164.60
694.26	1121.60
694.38	1148.40
694.50	1133.20
694.62	1157.00
694.74	1093.20
694.86	1093.20
694.98	1135.80
695.10	1151.20
695.22	1185.80
695.34	1093.40
695.46	1103.80
695.58	1121.80
695.71	1156.00
695.83	1112.20
695.95	1118.80
696.07	1204.60
696.19	1094.40
696.31	1107.40
696.43	1089.40
696.55	1224.00
696.67	1152.00
696.79	1111.40
696.91	1135.60
697.03	1116.20
697.15	1226.40
697.27	1138.20
697.39	1119.80
697.51	1178.20
697.63	1108.20
697.75	1103.20
697.87	1135.60
697.99	1086.40
698.11	1060.60
698.23	1092.20
698.35	1107.00
698.47	1109.20
698.59	1148.00
698.71	1115.60
698.83	1175.00
698.95	1102.20
699.07	1150.20
699.19	1112.20
699.31	1132.80
699.43	1110.00
699.55	1167.00
699.67	1118.00
699.79	1123.00
699.91	1118.20
700.03	1142.40
700.15	1127.80
700.27	1091.00
700.39	1124.80
700.51	1087.20
700.63	1116.00
700.75	1116.80
700.87	1159.40
700.99	1120.00
701.11	1156.40
701.24	1129.80
701.36	1177.00
701.48	1178.40
701.60	1155.60
701.72	1098.00
701.84	1207.00
701.96	1162.60
702.08	1137.20
702.20	1217.20
702.32	1173.60
702.44	1173.80
702.56	1126.00
702.68	1134.80
702.80	1154.20
702.92	1246.00
703.04	1195.20
703.16	1145.60
703.28	1146.80
703.40	1135.80
703.52	1150.40
703.64	1156.60
703.76	1164.80
703.88	1125.40
704.00	1111.80
704.12	1122.20
704.24	1199.00
704.36	1158.80
704.48	1155.20
704.60	1090.20
704.72	1143.20
704.84	1133.00
704.96	1171.20
705.07	1151.60
705.19	1109.40
705.31	1133.40
705.43	1174.80
705.55	1108.80
705.67	1171.20
705.79	1149.40
705.91	1077.00
706.03	1137.80
706.15	1159.20
706.27	1132.60
706.39	1124.40
706.51	1114.80
706.63	1141.60
706.75	1183.80
706.87	1158.40
706.99	1214.00
707.11	1150.40
707.23	1137.60
707.35	1167.60
707.47	1138.20
707.59	1186.60
707.71	1200.80
707.83	1134.40
707.95	1183.20
708.07	1140.60
708.19	1288.40
708.31	1164.60
708.43	1107.60
708.55	1166.80
708.67	1214.40
708.79	1153.00
708.91	1176.60
709.03	1178.80
709.15	1204.20
709.27	1118.20
709.39	1146.40
709.51	1149.20
709.63	1172.60
709.75	1169.00
709.87	1111.00
709.99	1201.40
710.11	1132.80
710.23	1128.00
710.35	1107.00
710.47	1270.40
710.58	1211.80
710.70	1197.00
710.82	1209.60
710.94	1153.60
711.06	1158.60
711.18	1162.80
711.30	1137.60
711.42	1189.40
711.54	1153.20
711.66	1177.40
711.78	1125.40
711.90	1194.80
712.02	1224.20
712.14	1129.80
712.26	1106.40
712.38	1209.20
712.50	1227.80
712.62	1137.60
712.74	1146.60
712.86	1131.40
712.98	1203.20
713.10	1123.80
713.22	1117.80
713.34	1167.60
713.45	1138.20
713.57	1160.60
713.69	1119.00
713.81	1138.40
713.93	1176.20
714.05	1149.20
714.17	1100.40
714.29	1232.60
714.41	1215.00
714.53	1128.60
714.65	1163.60
714.77	1170.40
714.89	1121.20
715.01	1214.00
715.13	1137.80
715.25	1179.40
715.37	1127.40
715.49	1110.00
715.61	1174.20
715.72	1193.40
715.84	1218.00
715.96	1147.40
716.08	1146.20
716.20	1233.00
716.32	1217.80
716.44	1149.80
716.56	1150.20
716.68	1179.00
716.80	1255.20
716.92	1209.40
717.04	1170.20
717.16	1186.60
717.28	1152.20
717.40	1157.80
717.52	1161.80
717.63	1151.40
717.75	1169.40
717.87	1169.80
717.99	1177.60
718.11	1151.80
718.23	1224.60
718.35	1187.80
718.47	1170.80
718.59	1100.60
718.71	1163.00
718.83	1143.40
718.95	1184.60
719.07	1121.40
719.19	1158.40
719.30	1144.40
719.42	1179.20
719.54	1160.60
719.66	1171.40
719.78	1164.60
719.90	1097.40
720.02	1161.40
720.14	1185.60
720.26	1203.00
720.38	1188.00
720.50	1145.00
720.62	1081.80
720.74	1163.80
720.85	1161.40
720.97	1225.00
721.09	1264.60
721.21	1152.20
721.33	1232.80
721.45	1188.20
721.57	1187.00
721.69	1135.00
721.81	1101.80
721.93	1231.20
722.05	1180.00
722.16	1128.60
722.28	1118.80
722.40	1146.80
722.52	1228.60
722.64	1225.60
722.76	1126.20
722.88	1187.20
723.00	1192.60
723.12	1146.60
723.24	1166.00
723.36	1101.40
723.47	1213.20
723.59	1177.20
723.71	1151.80
723.83	1196.60
723.95	1159.60
724.07	1160.80
724.19	1176.20
724.31	1257.80
724.43	1145.40
724.55	1099.40
724.66	1131.80
724.78	1310.60
724.90	1134.80
725.02	1129.40
725.14	1139.80
725.26	1173.40
725.38	1105.20
725.50	1158.60
725.62	1172.40
725.74	1163.60
725.85	1150.00
725.97	1171.40
726.09	1224.80
726.21	1489.20
726.33	1214.60
726.45	1164.00
726.57	1134.60
726.69	1175.00
726.81	1179.00
726.92	1162.00
727.04	1174.40
727.16	1193.40
727.28	1159.80
727.40	1157.80
727.52	1163.20
727.64	1303.80
727.76	1265.60
727.88	1198.80
727.99	1130.60
728.11	1140.00
728.23	1159.40
728.35	1149.40
728.47	1149.00
728.59	1165.00
728.71	1195.80
728.83	1171.40
728.94	1199.60
729.06	1271.60
729.18	1242.40
729.30	1197.00
729.42	1177.20
729.54	1274.60
729.66	1277.80
729.78	1168.00
729.90	1179.00
730.01	1147.80
730.13	1096.80
730.25	1160.40
730.37	1143.40
730.49	1199.40
730.61	1207.20
730.73	1191.40
730.84	1209.60
730.96	1190.40
731.08	1201.20
731.20	1187.60
731.32	1185.60
731.44	1341.00
731.56	1184.40
731.68	1144.80
731.79	1184.00
731.91	1152.60
732.03	1155.60
732.15	1168.40
732.27	1149.20
732.39	1159.40
732.51	1213.20
732.62	1152.80
732.74	1171.20
732.86	1239.60
732.98	1193.20
733.10	1173.60
733.22	1172.20
733.34	1208.40
733.45	1122.40
733.57	1172.00
733.69	1129.20
733.81	1172.80
733.93	1190.40
734.05	1103.40
734.17	1163.60
734.28	1190.20
734.40	1175.00
734.52	1156.20
734.64	1170.60
734.76	1255.40
734.88	1188.40
735.00	1140.20
735.11	1176.40
735.23	1226.20
735.35	1166.00
735.47	1117.20
735.59	1207.20
735.71	1172.20
735.83	1193.80
735.94	1195.20
736.06	1189.60
736.18	1240.40
736.30	1231.80
736.42	1205.80
736.54	1195.00
736.65	1221.80
736.77	1339.40
736.89	1242.00
737.01	1181.60
737.13	1302.20
737.25	1103.80
737.36	1137.00
737.48	1168.20
737.60	1189.80
737.72	1169.40
737.84	1168.20
737.96	1228.80
738.08	1183.60
738.19	1292.00
738.31	1171.60
738.43	1182.00
738.55	1177.40
738.67	1193.20
738.79	1151.20
738.90	1167.80
739.02	1193.80
739.14	1170.40
739.26	1181.40
739.38	1174.60
739.50	1203.00
739.61	1170.60
739.73	1173.20
739.85	1162.00
739.97	1188.60
740.09	1253.80
740.20	1134.00
740.32	1197.00
740.44	1214.40
740.56	1141.60
740.68	1166.80
740.80	1177.20
740.91	1194.80
741.03	1232.60
741.15	1215.00
741.27	1164.40
741.39	1231.80
741.51	1196.00
741.62	1221.20
741.74	1183.80
741.86	1188.20
741.98	1158.60
742.10	1185.00
742.21	1192.60
742.33	1194.40
742.45	1154.00
742.57	1237.40
742.69	1173.00
742.80	1215.80
742.92	1176.40
743.04	1179.40
743.16	1166.60
743.28	1242.80
743.40	1157.00
743.51	1140.80
743.63	1149.20
743.75	1198.00
743.87	1198.00
743.99	1198.40
744.10	1162.60
744.22	1185.40
744.34	1159.40
744.46	1200.40
744.58	1180.60
744.69	1112.00
744.81	1191.80
744.93	1146.00
745.05	1137.40
745.17	1270.20
745.28	1257.80
745.40	1198.00
745.52	1169.00
745.64	1190.20
745.76	1235.40
745.87	1169.20
745.99	1153.00
746.11	1193.00
746.23	1147.60
746.35	1179.60
746.46	1159.60
746.58	1303.20
746.70	1206.20
746.82	1196.60
746.94	1171.20
747.05	1152.00
747.17	1132.40
747.29	1126.20
747.41	1163.40
747.53	1322.80
747.64	1165.20
747.76	1233.80
747.88	1233.00
748.00	1235.00
748.12	1198.40
748.23	1182.40
748.35	1190.60
748.47	1222.60
748.59	1237.40
748.70	1169.60
748.82	1148.40
748.94	1145.80
749.06	1172.00
749.18	1166.80
749.29	1140.80
749.41	1192.80
749.53	1187.40
749.65	1164.20
749.76	1213.40
749.88	1173.00
750.00	1200.80
750.12	1219.00
750.24	1199.40
750.35	1186.00
750.47	1145.80
750.59	1190.80
750.71	1169.40
750.82	1220.80
750.94	1156.60
751.06	1171.00
751.18	1150.60
751.30	1219.60
751.41	1218.60
751.53	1199.40
751.65	1157.20
751.77	1162.40
751.88	1189.40
752.00	1203.80
752.12	1123.40
752.24	1226.00
752.35	1207.20
752.47	1202.60
752.59	1214.20
752.71	1263.60
752.83	1154.60
752.94	1235.40
753.06	1156.00
753.18	1187.40
753.30	1152.60
753.41	1111.00
753.53	1154.80
753.65	1155.60
753.77	1235.60
753.88	1146.20
754.00	1182.60
754.12	1186.40
754.24	1255.40
754.35	1154.80
754.47	1113.00
754.59	1204.80
754.71	1205.00
754.82	1170.00
754.94	1164.80
755.06	1234.60
755.18	1197.20
755.29	1203.40
755.41	1164.40
755.53	1202.60
755.65	1155.40
755.76	1189.40
755.88	1169.40
756.00	1246.80
756.12	1167.00
756.23	1082.60
756.35	1132.20
756.47	1219.60
756.59	1153.00
756.70	1147.40
756.82	1159.00
756.94	1159.00
757.06	1185.00
757.17	1181.80
757.29	1149.80
757.41	1118.40
757.53	1186.60
757.64	1178.00
757.76	1171.80
757.88	1194.00
758.00	1200.20
758.11	1145.60
758.23	1130.80
758.35	1193.40
758.47	1131.80
758.58	1191.60
758.70	1120.60
758.82	1148.80
758.94	1136.60
759.05	1163.20
759.17	1120.00
759.29	1162.40
759.40	1236.60
759.52	1151.60
759.64	1154.20
759.76	1183.00
759.87	1194.80
759.99	1188.60
760.11	1144.00
760.23	1176.40
760.34	1204.40
760.46	1178.40
760.58	1150.80
760.70	1179.80
760.81	1220.80
760.93	1176.60
761.05	1198.00
761.16	1184.60
761.28	1159.40
761.40	1139.40
761.52	1132.60
761.63	1224.00
761.75	1173.20
761.87	1147.60
761.98	1115.20
762.10	1182.80
762.22	1176.40
762.34	1192.60
762.45	1156.40
762.57	1206.40
762.69	1300.20
762.81	1149.20
762.92	1177.00
763.04	1115.00
763.16	1195.60
763.27	1197.80
763.39	1144.00
763.51	1195.20
763.63	1191.20
763.74	1137.00
763.86	1108.20
763.98	1130.60
764.09	1151.40
764.21	1167.40
764.33	1118.00
764.44	1139.40
764.56	1169.20
764.68	1127.60
764.80	1159.20
764.91	1107.00
765.03	1235.00
765.15	1162.80
765.26	1151.60
765.38	1120.60
765.50	1194.40
765.62	1167.00
765.73	1158.00
765.85	1166.40
765.97	1115.40
766.08	1138.80
766.20	1162.20
766.32	1174.80
766.43	1207.80
766.55	1186.20
766.67	1148.00
766.79	1157.20
766.90	1132.00
767.02	1095.20
767.14	1114.20
767.25	1115.40
767.37	1248.00
767.49	1167.80
767.60	1143.20
767.72	1214.00
767.84	1182.20
767.95	1133.60
768.07	1112.20
768.19	1182.60
768.31	1182.20
768.42	1160.00
768.54	1133.60
768.66	1146.40
768.77	1183.40
768.89	1154.40
769.01	1127.40
769.12	1191.20
769.24	1169.60
769.36	1116.20
769.47	1113.60
769.59	1102.40
769.71	1164.60
769.82	1129.80
769.94	1137.00
770.06	1102.60
770.17	1179.60
770.29	1145.40
770.41	1169.40
770.53	1172.60
770.64	1110.00
770.76	1154.40
770.88	1161.00
770.99	1184.00
771.11	1110.80
771.23	1157.40
771.34	1145.80
771.46	1238.20
771.58	1209.40
771.69	1165.80
771.81	1148.20
771.93	1191.40
772.04	1120.20
772.16	1169.00
772.28	1140.00
772.39	1192.40
772.51	1136.60
772.63	1150.20
772.74	1128.40
772.86	1135.40
772.98	1275.80
773.09	1120.20
773.21	1121.00
773.33	1161.80
773.44	1166.40
773.56	1137.00
773.68	1127.80
773.79	1183.20
773.91	1126.80
774.03	1145.60
774.14	1136.60
774.26	1197.40
774.38	1112.60
774.49	1093.80
774.61	1135.20
774.73	1141.60
774.84	1125.60
774.96	1105.80
775.08	1133.20
775.19	1160.80
775.31	1193.20
775.43	1140.20
775.54	1121.60
775.66	1091.00
775.77	1191.80
775.89	1100.80
776.01	1171.40
776.12	1189.40
776.24	1143.80
776.36	1085.80
776.47	1101.40
776.59	1153.60
776.71	1188.80
776.82	1062.40
776.94	1082.00
777.06	1121.40
777.17	1202.40
777.29	1093.80
777.41	1095.20
777.52	1158.80
777.64	1140.80
777.75	1153.80
777.87	1068.80
777.99	1101.00
778.10	1178.40
778.22	1115.40
778.34	1136.80
778.45	1124.40
778.57	1180.00
778.69	1166.00
778.80	1126.00
778.92	1230.20
779.04	1161.20
779.15	1123.60
779.27	1159.00
779.38	1165.60
779.50	1186.20
779.62	1065.80
779.73	1108.20
779.85	1067.00
779.97	1234.20
780.08	1129.40
780.20	1123.80
780.31	1159.60
780.43	1174.80
780.55	1107.20
780.66	1128.60
780.78	1148.60
780.90	1236.80
781.01	1094.00
781.13	1120.80
781.25	1116.20
781.36	1174.00
781.48	1094.40
781.59	1111.40
781.71	1155.80
781.83	1150.40
781.94	1092.20
782.06	1095.00
782.18	1166.20
782.29	1114.40
782.41	1065.40
782.52	1155.20
782.64	1172.80
782.76	1137.20
782.87	1142.00
782.99	1105.40
783.10	1258.60
783.22	1279.00
783.34	1126.20
783.45	1119.80
783.57	1127.60
783.69	1107.40
783.80	1130.60
783.92	1144.60
784.03	1118.80
784.15	1090.20
784.27	1109.80
784.38	1096.20
784.50	1122.80
784.61	1122.80
784.73	1079.80
784.85	1096.00
784.96	1090.20
785.08	1169.20
785.19	1149.80
785.31	1097.80
785.43	1068.00
785.54	1074.00
785.66	1133.80
785.77	1121.00
785.89	1140.00
786.01	1058.20
786.12	1096.20
786.24	1109.00
786.35	1189.00
786.47	1129.80
786.59	1083.00
786.70	1057.60
786.82	1109.60
786.93	1121.20
787.05	1097.80
787.17	1123.80
787.28	1099.00
787.40	1127.40
787.51	1129.20
787.63	1130.40
787.75	1055.60
787.86	1112.00
787.98	1119.60
788.09	1098.60
788.21	1135.40
788.33	1143.80
788.44	1129.40
788.56	1084.40
788.67	1135.00
788.79	1087.40
788.91	1099.20
789.02	1077.80
789.14	1094.20
789.25	1207.20
789.37	1138.40
789.48	1078.00
789.60	1128.80
789.72	1070.60
789.83	1127.60
789.95	1105.40
790.06	1049.20
790.18	1062.80
790.30	1132.00
790.41	1114.00
790.53	1081.40
790.64	1045.80
790.76	1056.60
790.87	1094.80
790.99	1086.60
791.11	1112.20
791.22	1071.80
791.34	1091.80
791.45	1132.80
791.57	1124.00
791.68	1081.80
791.80	1063.60
791.92	1125.00
792.03	1068.40
792.15	1038.60
792.26	1070.20
792.38	1046.20
792.49	1122.80
792.61	1082.40
792.73	1097.20
792.84	1087.60
792.96	1194.60
793.07	1078.60
793.19	1921.60
793.30	1173.40
793.42	1131.20
793.54	1020.60
793.65	1034.00
793.77	1224.60
793.88	1087.00
794.00	1029.60
794.11	1085.80
794.23	1030.00
794.34	1100.00
794.46	1022.40
794.58	1042.20
794.69	1179.20
794.81	1170.40
794.92	1048.20
795.04	1047.60
795.15	1172.60
795.27	1123.00
795.39	1084.80
795.50	1054.60
795.62	1057.80
795.73	1064.20
795.85	1045.80
795.96	1098.40
796.08	1135.20
796.19	1061.20
796.31	1064.20
796.42	1028.60
796.54	1057.80
796.66	1117.00
796.77	1034.40
796.89	1033.40
797.00	1130.80
797.12	994.40
797.23	1048.60
797.35	1088.60
797.46	1116.60
797.58	1143.60
797.69	1083.40
797.81	1060.00
797.93	1058.40
798.04	1042.60
798.16	1047.60
798.27	1076.40
798.39	1031.60
798.50	1028.20
798.62	1025.00
798.73	1034.00
798.85	1158.40
798.96	1083.20
799.08	1100.00
799.19	1100.40
799.31	1078.00
799.43	1072.80
799.54	1039.20
799.66	1070.00
799.77	1112.80
799.89	1037.40
800.00	995.60
800.12	1041.60
800.23	1117.60
800.35	1157.80
800.46	1001.60
800.58	991.80
800.69	1063.80
800.81	1049.20
800.92	1016.60
801.04	1057.60
801.16	995.80
801.27	1003.80
801.39	1024.60
801.50	1041.60
801.62	1051.80
801.73	1115.40
801.85	1093.40
801.96	1014.80
802.08	1114.40
802.19	1117.80
802.31	1030.60
802.42	1059.60
802.54	1152.20
802.65	1119.60
802.77	1022.40
802.88	1078.60
803.00	1005.00
803.11	1167.20
803.23	1060.60
803.34	1053.40
803.46	1078.60
803.57	1023.80
803.69	1083.60
803.80	1011.40
803.92	1115.00
804.03	1048.00
804.15	1057.40
804.26	1078.60
804.38	1091.00
804.50	1024.40
804.61	1053.40
804.73	1048.00
804.84	1056.80
804.96	979.80
805.07	1049.00
805.19	1016.40
805.30	1076.40
805.42	1102.20
805.53	1043.20
805.65	1016.60
805.76	995.00
805.88	1021.00
805.99	1048.20
806.11	1065.80
806.22	1024.00
806.34	1032.60
806.45	1043.00
806.57	1021.40
806.68	1074.20
806.80	962.80
806.91	1000.00
807.03	994.80
807.14	974.00
807.26	978.40
807.37	974.40
807.49	1032.40
807.60	1011.20
807.72	1095.80
807.83	1109.60
807.95	1030.40
808.06	1052.60
808.17	1039.40
808.29	1053.40
808.40	990.20
808.52	1020.20
808.63	1033.20
808.75	1032.00
808.86	1013.80
808.98	1044.00
809.09	989.60
809.21	1035.20
809.32	991.60
809.44	1048.40
809.55	968.20
809.67	1012.20
809.78	971.80
809.90	1045.00
810.01	1076.80
810.13	987.40
810.24	1022.00
810.36	947.80
810.47	968.00
810.59	990.80
810.70	1018.80
810.82	1046.00
810.93	958.60
811.05	968.60
811.16	965.80
811.27	961.20
811.39	996.00
811.50	1027.60
811.62	934.20
811.73	910.80
811.85	1002.80
811.96	980.00
812.08	1002.00
812.19	982.60
812.31	1008.40
812.42	970.60
812.54	953.60
812.65	1025.20
812.77	1026.20
812.88	1011.20
813.00	1011.40
813.11	996.20
813.22	939.20
813.34	949.60
813.45	974.60
813.57	1062.00
813.68	1061.60
813.80	977.80
813.91	938.00
814.03	962.60
814.14	1055.00
814.26	943.00
814.37	966.20
814.49	962.40
814.60	939.40
814.71	928.00
814.83	945.20
814.94	915.60
815.06	939.40
815.17	956.00
815.29	937.40
815.40	912.80
815.52	1036.00
815.63	937.20
815.75	920.20
815.86	961.80
815.97	910.00
816.09	935.60
816.20	966.00
816.32	964.00
816.43	892.80
816.55	938.80
816.66	919.80
816.78	1038.20
816.89	948.20
817.00	934.20
817.12	915.00
817.23	907.60
817.35	981.00
817.46	939.00
817.58	889.00
817.69	1053.80
817.81	935.20
817.92	966.20
818.03	927.80
818.15	933.00
818.26	890.40
818.38	872.20
818.49	906.20
818.61	931.80
818.72	880.80
818.83	2022.20
818.95	1056.20
819.06	895.20
819.18	900.80
819.29	922.20
819.41	895.40
819.52	922.20
819.64	918.60
819.75	884.60
819.86	855.40
819.98	891.60
820.09	939.40
820.21	904.60
820.32	872.00
820.44	919.40
820.55	980.80
820.66	881.60
820.78	928.40
820.89	896.40
821.01	923.20
821.12	902.80
821.23	909.00
821.35	886.20
821.46	946.40
821.58	893.00
821.69	877.00
821.81	867.20
821.92	956.20
822.03	883.20
822.15	898.00
822.26	852.60
822.38	857.00
822.49	894.40
822.61	890.20
822.72	898.60
822.83	940.60
822.95	880.40
823.06	888.20
823.18	945.20
823.29	959.40
823.40	906.60
823.52	871.80
823.63	836.80
823.75	981.40
823.86	877.60
823.97	819.00
824.09	911.00
824.20	842.80
824.32	879.80
824.43	857.40
824.55	913.80
824.66	963.40
824.77	865.80
824.89	886.40
825.00	942.00
825.12	885.60
825.23	890.80
825.34	813.20
825.46	833.20
825.57	893.60
825.69	846.80
825.80	788.00
825.91	833.60
826.03	809.60
826.14	875.20
826.26	818.40
826.37	866.40
826.48	849.00
826.60	866.20
826.71	829.60
826.83	867.40
826.94	876.80
827.05	892.80
827.17	884.20
827.28	842.20
827.39	842.00
827.51	814.00
827.62	840.60
827.74	850.80
827.85	837.40
827.96	824.20
828.08	834.40
828.19	946.60
828.31	849.00
828.42	791.20
828.53	862.00
828.65	904.60
828.76	914.80
828.87	870.40
828.99	811.40
