Wavelength (nm)	Intensity
377.35	815.60
377.48	598.00
377.62	601.50
377.75	623.80
377.88	852.90
378.02	829.00
378.15	830.30
378.28	794.50
378.41	877.70
378.55	853.20
378.68	824.70
378.81	808.90
378.95	839.20
379.08	837.10
379.21	795.40
379.35	852.20
379.48	854.40
379.61	916.80
379.74	823.70
379.88	813.00
380.01	896.10
380.14	960.40
380.28	880.60
380.41	797.50
380.54	855.50
380.68	870.30
380.81	775.40
380.94	854.60
381.07	911.80
381.21	916.60
381.34	832.50
381.47	774.10
381.61	990.00
381.74	843.90
381.87	793.90
382.00	852.20
382.14	933.00
382.27	877.10
382.40	799.30
382.54	895.30
382.67	898.40
382.80	805.30
382.93	808.80
383.07	831.30
383.20	837.40
383.33	870.00
383.47	809.10
383.60	788.00
383.73	992.30
383.86	869.70
384.00	822.60
384.13	822.30
384.26	874.40
384.40	891.60
384.53	829.60
384.66	873.90
384.79	852.50
384.93	823.10
385.06	820.40
385.19	844.50
385.33	963.90
385.46	871.90
385.59	802.20
385.72	846.80
385.86	793.50
385.99	825.00
386.12	819.70
386.25	795.10
386.39	886.40
386.52	900.40
386.65	827.70
386.79	814.80
386.92	816.80
387.05	927.50
387.18	788.50
387.32	796.50
387.45	871.40
387.58	850.20
387.71	818.90
387.85	808.90
387.98	857.40
388.11	873.30
388.25	848.90
388.38	834.00
388.51	876.90
388.64	887.60
388.78	813.40
388.91	789.10
389.04	836.20
389.17	962.20
389.31	841.30
389.44	869.30
389.57	907.00
389.70	868.50
389.84	818.60
389.97	808.30
390.10	822.30
390.24	869.40
390.37	827.80
390.50	810.40
390.63	909.70
390.77	842.60
390.90	840.30
391.03	827.20
391.16	785.70
391.30	823.10
391.43	821.40
391.56	813.90
391.69	809.50
391.83	892.80
391.96	842.90
392.09	824.10
392.22	932.40
392.36	865.00
392.49	802.80
392.62	821.20
392.75	865.10
392.89	904.50
393.02	802.30
393.15	800.80
393.28	792.90
393.42	931.20
393.55	789.70
393.68	813.60
393.81	763.90
393.95	823.70
394.08	806.70
394.21	804.90
394.34	878.80
394.48	875.50
394.61	865.70
394.74	845.90
394.87	885.70
395.01	857.30
395.14	859.00
395.27	809.00
395.40	938.00
395.54	940.90
395.67	835.00
395.80	821.70
395.93	867.70
396.07	817.50
396.20	808.80
396.33	765.30
396.46	819.10
396.59	838.70
396.73	823.60
396.86	801.30
396.99	893.80
397.12	859.10
397.26	847.80
397.39	828.10
397.52	1160.20
397.65	953.80
397.79	834.80
397.92	821.80
398.05	891.10
398.18	815.60
398.32	826.90
398.45	858.30
398.58	861.70
398.71	865.90
398.84	783.60
398.98	823.50
399.11	872.40
399.24	866.70
399.37	825.00
399.51	793.50
399.64	842.90
399.77	842.00
399.90	829.60
400.03	829.20
400.17	796.90
400.30	904.80
400.43	863.70
400.56	830.10
400.70	840.30
400.83	814.40
400.96	799.60
401.09	841.80
401.23	849.80
401.36	912.30
401.49	809.70
401.62	846.10
401.75	831.70
401.89	807.30
402.02	822.90
402.15	829.80
402.28	865.70
402.41	851.50
402.55	809.00
402.68	820.60
402.81	912.40
402.94	887.80
403.08	802.80
403.21	792.30
403.34	881.40
403.47	874.20
403.60	818.00
403.74	860.40
403.87	875.30
404.00	811.80
404.13	808.80
404.26	786.50
404.40	799.40
404.53	854.50
404.66	821.40
404.79	789.30
404.93	882.10
405.06	848.90
405.19	784.30
405.32	837.30
405.45	865.20
405.59	881.80
405.72	833.80
405.85	793.80
405.98	1017.50
406.11	808.00
406.25	803.00
406.38	825.60
406.51	871.50
406.64	839.20
406.77	790.40
406.91	786.00
407.04	863.50
407.17	829.70
407.30	847.20
407.43	824.50
407.57	918.10
407.70	904.30
407.83	806.20
407.96	829.20
408.09	799.00
408.23	935.60
408.36	829.80
408.49	819.20
408.62	963.90
408.75	860.60
408.89	813.30
409.02	849.50
409.15	841.50
409.28	923.90
409.41	859.70
409.55	809.60
409.68	966.50
409.81	861.40
409.94	808.90
410.07	838.10
410.20	852.60
410.34	838.10
410.47	838.40
410.60	844.40
410.73	875.20
410.86	813.60
411.00	836.00
411.13	806.70
411.26	853.00
411.39	845.00
411.52	853.20
411.66	817.30
411.79	823.80
411.92	811.70
412.05	825.50
412.18	820.20
412.31	863.40
412.45	877.80
412.58	865.70
412.71	793.60
412.84	860.70
412.97	930.40
413.11	837.60
413.24	846.60
413.37	884.10
413.50	946.40
413.63	847.50
413.76	823.60
413.90	878.50
414.03	826.80
414.16	823.10
414.29	852.70
414.42	845.70
414.56	955.00
414.69	817.30
414.82	830.70
414.95	847.80
415.08	864.50
415.21	829.10
415.35	850.90
415.48	763.90
415.61	896.00
415.74	888.20
415.87	789.80
416.00	860.70
416.14	965.60
416.27	841.00
416.40	812.30
416.53	839.90
416.66	872.70
416.79	843.10
416.93	801.80
417.06	903.10
417.19	851.40
417.32	825.80
417.45	811.10
417.58	794.90
417.72	907.50
417.85	816.90
417.98	833.70
418.11	879.00
418.24	829.60
418.37	815.00
418.51	833.30
418.64	850.00
418.77	930.80
418.90	851.80
419.03	801.70
419.16	863.70
419.29	894.70
419.43	820.90
419.56	796.90
419.69	956.30
419.82	897.30
419.95	832.40
420.08	875.90
420.22	917.40
420.35	980.80
420.48	877.90
420.61	824.50
420.74	786.20
420.87	881.80
421.00	796.30
421.14	820.80
421.27	888.50
421.40	926.40
421.53	860.30
421.66	833.20
421.79	837.50
421.93	844.90
422.06	833.50
422.19	811.80
422.32	899.10
422.45	902.50
422.58	851.60
422.71	824.90
422.85	892.60
422.98	895.50
423.11	791.20
423.24	790.80
423.37	813.30
423.50	819.90
423.63	836.10
423.77	803.80
423.90	811.00
424.03	861.40
424.16	860.20
424.29	831.30
424.42	787.20
424.55	813.60
424.69	798.80
424.82	834.50
424.95	858.70
425.08	810.80
425.21	860.40
425.34	818.20
425.47	847.30
425.60	866.40
425.74	784.30
425.87	818.50
426.00	842.20
426.13	862.30
426.26	804.60
426.39	803.30
426.52	834.30
426.66	918.40
426.79	865.80
426.92	813.60
427.05	952.10
427.18	900.80
427.31	826.90
427.44	824.00
427.57	813.50
427.71	844.50
427.84	798.70
427.97	832.80
428.10	907.20
428.23	848.20
428.36	815.60
428.49	744.20
428.62	979.90
428.76	951.00
428.89	849.40
429.02	791.20
429.15	841.40
429.28	951.00
429.41	819.60
429.54	830.00
429.67	828.90
429.81	875.50
429.94	837.80
430.07	818.00
430.20	891.90
430.33	916.70
430.46	804.70
430.59	801.60
430.72	845.10
430.85	793.30
430.99	826.40
431.12	805.90
431.25	903.90
431.38	924.30
431.51	842.60
431.64	841.80
431.77	930.10
431.90	921.20
432.03	839.10
432.17	807.80
432.30	853.30
432.43	872.30
432.56	838.30
432.69	860.40
432.82	858.60
432.95	907.50
433.08	837.00
433.21	834.40
433.35	833.20
433.48	842.30
433.61	801.30
433.74	822.50
433.87	817.40
434.00	881.10
434.13	812.50
434.26	863.90
434.39	869.70
434.53	881.30
434.66	833.50
434.79	827.40
434.92	824.00
435.05	914.40
435.18	811.70
435.31	857.50
435.44	915.10
435.57	857.40
435.70	831.60
435.84	805.10
435.97	918.60
436.10	972.00
436.23	822.40
436.36	805.80
436.49	836.60
436.62	863.10
436.75	825.70
436.88	859.20
437.01	821.40
437.14	814.00
437.28	784.30
437.41	817.00
437.54	911.70
437.67	883.70
437.80	814.20
437.93	790.80
438.06	974.40
438.19	899.50
438.32	805.90
438.45	805.90
438.58	869.60
438.72	926.20
438.85	882.70
438.98	830.90
439.11	867.80
439.24	927.20
439.37	905.10
439.50	863.10
439.63	903.70
439.76	823.80
439.89	813.70
440.02	823.00
440.15	873.60
440.29	919.20
440.42	838.80
440.55	833.20
440.68	931.40
440.81	983.80
440.94	850.40
441.07	841.00
441.20	955.90
441.33	865.90
441.46	828.70
441.59	818.70
441.72	849.70
441.85	863.40
441.99	879.80
442.12	874.00
442.25	937.90
442.38	875.70
442.51	862.50
442.64	796.00
442.77	852.80
442.90	832.70
443.03	798.10
443.16	816.10
443.29	855.60
443.42	924.50
443.55	824.50
443.68	848.30
443.82	801.40
443.95	826.30
444.08	825.60
444.21	829.70
444.34	818.20
444.47	845.10
444.60	837.00
444.73	849.60
444.86	857.00
444.99	924.20
445.12	864.20
445.25	849.80
445.38	859.30
445.51	892.00
445.64	848.80
445.78	814.80
445.91	788.80
446.04	965.40
446.17	883.10
446.30	784.20
446.43	873.20
446.56	856.40
446.69	813.60
446.82	812.20
446.95	898.90
447.08	904.20
447.21	850.00
447.34	820.90
447.47	905.70
447.60	893.40
447.73	841.00
447.86	865.40
447.99	848.70
448.13	868.20
448.26	882.90
448.39	832.20
448.52	883.70
448.65	893.90
448.78	836.60
448.91	832.30
449.04	884.40
449.17	829.90
449.30	860.40
449.43	845.70
449.56	843.60
449.69	915.90
449.82	836.50
449.95	796.50
450.08	911.30
450.21	883.40
450.34	840.70
450.47	835.90
450.60	890.40
450.73	858.50
450.87	831.60
451.00	860.70
451.13	897.60
451.26	1016.20
451.39	835.60
451.52	864.50
451.65	846.70
451.78	839.20
451.91	830.90
452.04	820.30
452.17	943.30
452.30	940.80
452.43	830.10
452.56	826.20
452.69	910.00
452.82	817.80
452.95	880.40
453.08	812.90
453.21	773.80
453.34	899.80
453.47	822.80
453.60	886.90
453.73	946.30
453.86	891.70
453.99	863.50
454.12	854.80
454.25	845.90
454.38	870.70
454.52	811.60
454.65	827.50
454.78	827.40
454.91	805.20
455.04	822.00
455.17	809.10
455.30	819.70
455.43	914.80
455.56	830.90
455.69	806.10
455.82	882.10
455.95	865.60
456.08	804.40
456.21	802.30
456.34	797.20
456.47	782.60
456.60	825.10
456.73	815.90
456.86	838.60
456.99	877.80
457.12	817.90
457.25	838.30
457.38	918.10
457.51	886.60
457.64	858.40
457.77	824.20
457.90	847.50
458.03	844.20
458.16	837.80
458.29	838.20
458.42	844.20
458.55	794.00
458.68	816.00
458.81	836.60
458.94	925.10
459.07	963.60
459.20	802.40
459.33	815.50
459.46	917.50
459.59	952.90
459.72	910.20
459.85	836.80
459.98	938.40
460.11	889.70
460.24	848.80
460.37	807.90
460.50	895.20
460.63	855.30
460.76	831.30
460.89	845.50
461.02	877.90
461.15	883.10
461.28	841.80
461.41	832.30
461.54	940.80
461.67	818.80
461.80	855.20
461.93	894.30
462.06	878.10
462.19	910.40
462.32	834.10
462.45	821.50
462.58	890.80
462.71	839.80
462.84	836.20
462.97	787.90
463.10	850.70
463.23	869.10
463.36	878.40
463.49	851.50
463.62	799.10
463.75	876.40
463.88	829.20
464.01	847.90
464.14	814.80
464.27	951.60
464.40	838.90
464.53	838.00
464.66	890.70
464.79	874.80
464.92	857.40
465.05	814.80
465.18	850.70
465.31	859.20
465.44	840.20
465.57	823.80
465.70	843.60
465.83	971.80
465.96	858.70
466.09	822.50
466.22	904.80
466.35	882.60
466.48	830.40
466.61	827.80
466.74	851.10
466.87	905.60
467.00	878.60
467.13	870.20
467.26	894.40
467.39	802.70
467.52	804.10
467.65	843.20
467.78	924.30
467.91	861.60
468.04	851.40
468.17	827.40
468.30	838.90
468.43	814.20
468.56	822.80
468.69	866.40
468.82	887.50
468.95	818.20
469.08	835.50
469.21	847.10
469.34	898.90
469.47	974.50
469.60	938.30
469.73	856.10
469.86	879.10
469.99	908.90
470.11	823.70
470.24	833.60
470.37	901.80
470.50	865.70
470.63	832.60
470.76	851.80
470.89	896.60
471.02	983.70
471.15	834.70
471.28	841.00
471.41	963.80
471.54	885.70
471.67	839.90
471.80	795.30
471.93	914.00
472.06	881.10
472.19	845.20
472.32	823.50
472.45	975.40
472.58	911.70
472.71	863.00
472.84	835.70
472.97	835.00
473.10	817.10
473.23	899.70
473.36	805.90
473.49	927.80
473.62	913.00
473.74	875.80
473.87	895.80
474.00	833.20
474.13	835.70
474.26	872.60
474.39	888.10
474.52	867.40
474.65	854.20
474.78	862.20
474.91	809.60
475.04	890.60
475.17	997.60
475.30	890.80
475.43	876.60
475.56	930.90
475.69	869.00
475.82	888.80
475.95	830.90
476.08	942.00
476.21	875.50
476.34	907.30
476.46	904.80
476.59	942.80
476.72	856.30
476.85	852.80
476.98	831.70
477.11	923.90
477.24	873.20
477.37	807.00
477.50	847.10
477.63	885.40
477.76	843.00
477.89	799.10
478.02	819.80
478.15	870.70
478.28	860.50
478.41	881.60
478.54	842.50
478.66	918.30
478.79	862.60
478.92	857.20
479.05	866.20
479.18	881.90
479.31	842.80
479.44	837.20
479.57	831.40
479.70	856.50
479.83	890.30
479.96	856.10
480.09	886.50
480.22	1010.40
480.35	998.10
480.48	923.10
480.60	881.70
480.73	861.40
480.86	906.40
480.99	859.60
481.12	863.90
481.25	879.00
481.38	946.60
481.51	856.20
481.64	871.00
481.77	902.40
481.90	867.10
482.03	861.80
482.16	862.80
482.29	941.70
482.41	885.40
482.54	898.10
482.67	849.90
482.80	879.30
482.93	927.80
483.06	843.10
483.19	932.70
483.32	913.20
483.45	885.60
483.58	884.40
483.71	902.60
483.84	927.10
483.97	902.90
484.09	875.80
484.22	859.80
484.35	854.10
484.48	823.20
484.61	850.30
484.74	863.50
484.87	900.90
485.00	837.30
485.13	891.50
485.26	833.20
485.39	906.30
485.52	882.60
485.64	944.30
485.77	903.00
485.90	928.10
486.03	839.40
486.16	892.10
486.29	846.40
486.42	880.80
486.55	894.40
486.68	869.20
486.81	903.80
486.94	902.50
487.06	869.50
487.19	907.10
487.32	902.90
487.45	893.40
487.58	866.80
487.71	880.30
487.84	843.80
487.97	924.70
488.10	938.40
488.23	869.60
488.35	830.70
488.48	872.90
488.61	846.00
488.74	855.20
488.87	859.40
489.00	904.20
489.13	985.50
489.26	913.60
489.39	917.90
489.52	920.10
489.64	921.60
489.77	894.40
489.90	883.60
490.03	888.80
490.16	871.20
490.29	865.40
490.42	867.10
490.55	904.30
490.68	857.50
490.81	864.70
490.93	832.90
491.06	959.50
491.19	918.50
491.32	902.60
491.45	913.90
491.58	841.90
491.71	894.40
491.84	871.60
491.97	871.10
492.09	959.20
492.22	921.40
492.35	902.70
492.48	922.10
492.61	912.80
492.74	891.90
492.87	906.30
493.00	886.00
493.12	866.60
493.25	896.00
493.38	884.30
493.51	862.60
493.64	849.80
493.77	900.10
493.90	903.90
494.03	913.80
494.16	960.70
494.28	972.00
494.41	879.00
494.54	888.80
494.67	1014.70
494.80	971.40
494.93	893.50
495.06	908.60
495.19	924.30
495.31	905.30
495.44	880.70
495.57	860.10
495.70	919.70
495.83	892.60
495.96	854.10
496.09	900.90
496.22	974.00
496.34	997.00
496.47	892.10
496.60	911.10
496.73	950.60
496.86	940.80
496.99	864.20
497.12	901.60
497.24	839.50
497.37	905.00
497.50	883.60
497.63	865.50
497.76	888.70
497.89	971.80
498.02	925.30
498.15	815.90
498.27	904.30
498.40	959.70
498.53	963.20
498.66	909.80
498.79	954.10
498.92	866.70
499.05	904.70
499.17	899.10
499.30	932.00
499.43	996.40
499.56	920.50
499.69	847.50
499.82	918.60
499.95	889.60
500.07	870.90
500.20	896.20
500.33	954.10
500.46	1051.60
500.59	910.20
500.72	916.00
500.85	963.70
500.97	956.90
501.10	950.50
501.23	867.20
501.36	912.30
501.49	984.80
501.62	932.20
501.75	902.40
501.87	970.10
502.00	855.70
502.13	921.00
502.26	914.80
502.39	887.10
502.52	899.00
502.64	852.40
502.77	878.30
502.90	942.40
503.03	917.80
503.16	886.70
503.29	882.00
503.42	967.70
503.54	925.90
503.67	901.30
503.80	918.50
503.93	961.90
504.06	878.90
504.19	896.80
504.31	961.90
504.44	930.70
504.57	943.30
504.70	912.90
504.83	858.30
504.96	941.10
505.08	914.70
505.21	912.70
505.34	1014.50
505.47	979.90
505.60	949.60
505.73	962.90
505.85	954.20
505.98	1055.80
506.11	910.30
506.24	877.70
506.37	880.50
506.50	931.50
506.62	963.90
506.75	897.00
506.88	891.60
507.01	932.90
507.14	870.60
507.27	897.70
507.39	862.10
507.52	890.70
507.65	892.70
507.78	918.40
507.91	876.10
508.04	981.20
508.16	986.60
508.29	929.90
508.42	897.30
508.55	884.20
508.68	894.90
508.81	958.30
508.93	895.20
509.06	906.10
509.19	960.70
509.32	939.70
509.45	922.20
509.57	941.10
509.70	894.30
509.83	914.80
509.96	875.10
510.09	924.50
510.22	922.60
510.34	916.60
510.47	912.70
510.60	1035.00
510.73	940.90
510.86	939.50
510.98	908.10
511.11	903.80
511.24	975.30
511.37	943.70
511.50	900.50
511.63	933.90
511.75	937.30
511.88	920.60
512.01	940.30
512.14	935.80
512.27	940.80
512.39	912.80
512.52	906.70
512.65	937.80
512.78	896.00
512.91	926.40
513.03	927.00
513.16	969.30
513.29	937.30
513.42	911.20
513.55	883.10
513.67	948.10
513.80	877.40
513.93	902.50
514.06	901.20
514.19	946.10
514.31	942.50
514.44	961.50
514.57	912.00
514.70	938.10
514.83	987.00
514.95	907.30
515.08	934.20
515.21	959.70
515.34	929.50
515.47	928.70
515.59	893.10
515.72	953.80
515.85	956.30
515.98	978.60
516.11	936.10
516.23	971.00
516.36	1002.00
516.49	954.70
516.62	937.90
516.75	1006.70
516.87	999.80
517.00	903.90
517.13	954.80
517.26	991.00
517.39	963.30
517.51	874.00
517.64	926.60
517.77	1016.90
517.90	899.10
518.02	928.80
518.15	890.90
518.28	853.00
518.41	935.10
518.54	931.30
518.66	938.60
518.79	899.80
518.92	920.90
519.05	903.30
519.18	917.10
519.30	969.10
519.43	895.00
519.56	903.70
519.69	916.20
519.81	984.00
519.94	928.10
520.07	865.40
520.20	910.20
520.33	946.20
520.45	1006.50
520.58	943.00
520.71	952.40
520.84	990.90
520.96	959.40
521.09	931.00
521.22	905.10
521.35	976.30
521.48	971.30
521.60	908.60
521.73	938.20
521.86	1006.90
521.99	1029.40
522.11	948.80
522.24	929.00
522.37	967.00
522.50	955.10
522.62	990.90
522.75	885.80
522.88	958.80
523.01	929.80
523.14	958.70
523.26	950.20
523.39	1023.30
523.52	926.80
523.65	1040.80
523.77	978.40
523.90	949.10
524.03	933.80
524.16	930.90
524.28	922.70
524.41	927.80
524.54	939.10
524.67	904.40
524.79	925.40
524.92	968.80
525.05	1025.00
525.18	906.90
525.31	975.60
525.43	899.70
525.56	1057.60
525.69	924.70
525.82	873.80
525.94	990.50
526.07	988.40
526.20	971.00
526.33	986.00
526.45	1075.10
526.58	1043.20
526.71	962.00
526.84	944.50
526.96	957.80
527.09	913.30
527.22	926.30
527.35	936.90
527.47	902.90
527.60	1026.30
527.73	907.70
527.86	965.90
527.98	969.50
528.11	975.80
528.24	908.00
528.37	929.90
528.49	904.20
528.62	949.20
528.75	975.30
528.88	913.10
529.00	981.10
529.13	998.00
529.26	946.30
529.39	977.80
529.51	1089.10
529.64	1058.70
529.77	922.50
529.90	930.50
530.02	930.40
530.15	929.60
530.28	877.80
530.40	909.40
530.53	946.20
530.66	975.70
530.79	934.40
530.91	943.10
531.04	935.10
531.17	944.60
531.30	938.10
531.42	945.70
531.55	952.50
531.68	1022.60
531.81	921.30
531.93	938.50
532.06	966.60
532.19	910.30
532.31	942.90
532.44	942.60
532.57	979.70
532.70	929.30
532.82	943.00
532.95	976.80
533.08	1020.00
533.21	984.80
533.33	925.00
533.46	928.40
533.59	943.20
533.71	1064.50
533.84	957.20
533.97	928.10
534.10	932.30
534.22	921.30
534.35	943.00
534.48	954.10
534.61	983.10
534.73	888.70
534.86	919.90
534.99	958.60
535.11	1011.90
535.24	975.70
535.37	923.60
535.50	913.80
535.62	924.70
535.75	1022.30
535.88	959.70
536.00	926.10
536.13	941.60
536.26	944.20
536.39	923.50
536.51	898.70
536.64	982.90
536.77	964.10
536.89	942.80
537.02	959.20
537.15	973.50
537.28	964.50
537.40	960.60
537.53	931.90
537.66	1011.40
537.78	965.30
537.91	920.50
538.04	933.60
538.17	1000.80
538.29	985.20
538.42	1028.10
538.55	1011.80
538.67	994.80
538.80	938.60
538.93	965.60
539.05	960.40
539.18	1029.70
539.31	1003.10
539.44	967.70
539.56	888.30
539.69	955.80
539.82	943.10
539.94	922.70
540.07	927.70
540.20	1028.90
540.32	937.10
540.45	954.50
540.58	946.50
540.71	1012.00
540.83	916.80
540.96	944.00
541.09	955.10
541.21	1048.50
541.34	1025.70
541.47	926.60
541.59	959.50
541.72	1047.90
541.85	1116.00
541.98	1012.00
542.10	959.70
542.23	989.30
542.36	1091.90
542.48	978.30
542.61	960.90
542.74	929.20
542.86	949.60
542.99	958.60
543.12	935.40
543.24	979.10
543.37	911.50
543.50	958.80
543.62	940.60
543.75	961.80
543.88	954.50
544.01	969.60
544.13	987.10
544.26	993.80
544.39	945.40
544.51	939.70
544.64	925.50
544.77	997.00
544.89	953.40
545.02	975.50
545.15	942.50
545.27	1055.80
545.40	1033.90
545.53	993.60
545.65	985.80
545.78	896.40
545.91	925.50
546.03	949.80
546.16	960.00
546.29	948.50
546.41	926.90
546.54	948.80
546.67	933.20
546.79	1009.20
546.92	1041.80
547.05	912.90
547.17	965.10
547.30	943.50
547.43	1007.00
547.56	929.80
547.68	949.30
547.81	921.00
547.94	994.70
548.06	950.70
548.19	925.60
548.32	1034.40
548.44	984.40
548.57	987.70
548.70	1007.20
548.82	1018.00
548.95	998.80
549.08	961.30
549.20	965.60
549.33	1068.00
549.45	974.90
549.58	954.40
549.71	920.40
549.83	1024.20
549.96	925.90
550.09	969.00
550.21	953.50
550.34	985.40
550.47	960.90
550.59	953.80
550.72	887.00
550.85	975.70
550.97	1036.20
551.10	948.10
551.23	953.60
551.35	1043.80
551.48	985.10
551.61	966.00
551.73	957.60
551.86	1048.70
551.99	1044.70
552.11	972.80
552.24	1002.20
552.37	995.90
552.49	952.40
552.62	958.50
552.75	1004.00
552.87	957.90
553.00	954.20
553.12	992.40
553.25	968.30
553.38	1006.00
553.50	1037.60
553.63	966.30
553.76	911.70
553.88	979.80
554.01	979.90
554.14	967.20
554.26	996.90
554.39	1059.50
554.52	978.20
554.64	974.50
554.77	948.90
554.89	1010.60
555.02	1035.00
555.15	979.40
555.27	970.00
555.40	985.50
555.53	1042.70
555.65	970.10
555.78	938.00
555.91	1017.30
556.03	1054.10
556.16	950.80
556.29	991.00
556.41	1057.20
556.54	1050.00
556.66	978.00
556.79	955.80
556.92	993.40
557.04	1001.60
557.17	964.20
557.30	961.90
557.42	973.50
557.55	981.80
557.67	999.00
557.80	969.60
557.93	986.90
558.05	992.40
558.18	947.30
558.31	982.50
558.43	1036.10
558.56	1005.90
558.68	976.30
558.81	943.20
558.94	975.40
559.06	1104.00
559.19	972.10
559.32	968.10
559.44	944.80
559.57	991.60
559.69	953.80
559.82	954.20
559.95	965.60
560.07	965.60
560.20	903.70
560.33	974.60
560.45	999.60
560.58	930.30
560.70	987.20
560.83	943.80
560.96	966.70
561.08	981.10
561.21	1005.20
561.33	954.80
561.46	939.40
561.59	1026.90
561.71	969.70
561.84	998.20
561.97	959.30
562.09	1028.50
562.22	958.50
562.34	949.60
562.47	1025.30
562.60	1006.70
562.72	982.80
562.85	984.80
562.97	984.30
563.10	984.10
563.23	950.90
563.35	949.70
563.48	1000.80
563.60	989.10
563.73	1006.10
563.86	939.00
563.98	961.00
564.11	991.10
564.23	978.60
564.36	1046.70
564.49	993.10
564.61	1060.50
564.74	999.10
564.86	971.30
564.99	1039.90
565.12	1027.20
565.24	1040.60
565.37	1029.90
565.49	1037.80
565.62	1066.00
565.75	1021.80
565.87	956.20
566.00	1133.00
566.12	1057.80
566.25	999.60
566.38	1023.80
566.50	1002.40
566.63	1056.20
566.75	985.90
566.88	967.20
567.01	956.40
567.13	987.40
567.26	985.20
567.38	964.70
567.51	1041.20
567.64	975.50
567.76	1013.40
567.89	997.20
568.01	964.40
568.14	954.50
568.26	996.30
568.39	991.10
568.52	1000.90
568.64	1036.70
568.77	985.40
568.89	971.60
569.02	975.60
569.15	996.60
569.27	977.90
569.40	1012.30
569.52	1031.00
569.65	976.30
569.77	991.80
569.90	955.70
570.03	955.30
570.15	1072.40
570.28	992.20
570.40	996.70
570.53	991.30
570.66	1065.80
570.78	1035.70
570.91	1007.40
571.03	961.80
571.16	1001.50
571.28	952.70
571.41	933.70
571.54	947.80
571.66	932.80
571.79	967.20
571.91	971.10
572.04	950.50
572.16	1007.70
572.29	1031.90
572.42	979.00
572.54	1016.00
572.67	974.40
572.79	1007.80
572.92	988.70
573.04	1030.30
573.17	1051.80
573.29	1004.50
573.42	985.00
573.55	1040.10
573.67	1027.40
573.80	992.20
573.92	963.00
574.05	1009.30
574.17	1062.00
574.30	995.30
574.43	988.00
574.55	984.50
574.68	1011.70
574.80	985.20
574.93	988.50
575.05	966.10
575.18	989.60
575.30	989.40
575.43	1026.10
575.56	1053.70
575.68	1036.70
575.81	987.50
575.93	958.50
576.06	1019.80
576.18	1038.40
576.31	989.90
576.43	972.80
576.56	1110.10
576.69	1064.30
576.81	1015.90
576.94	976.60
577.06	1006.20
577.19	1037.50
577.31	1013.80
577.44	1017.20
577.56	1058.90
577.69	1025.20
577.82	1024.20
577.94	970.30
578.07	953.40
578.19	1028.40
578.32	1035.30
578.44	977.70
578.57	991.30
578.69	1062.80
578.82	1013.30
578.94	1042.20
579.07	1063.30
579.19	1042.80
579.32	1022.00
579.45	1020.50
579.57	1004.30
579.70	973.20
579.82	1016.60
579.95	988.20
580.07	1079.50
580.20	1007.60
580.32	1000.60
580.45	1038.90
580.57	1048.60
580.70	1052.60
580.82	1034.40
580.95	1036.40
581.08	974.50
581.20	1061.60
581.33	992.30
581.45	1016.60
581.58	1021.60
581.70	1037.90
581.83	932.30
581.95	1017.90
582.08	1040.00
582.20	1007.80
582.33	1000.10
582.45	993.90
582.58	1001.80
582.70	1033.20
582.83	979.20
582.95	1002.10
583.08	1057.10
583.21	1064.40
583.33	1024.40
583.46	985.50
583.58	972.90
583.71	1045.20
583.83	1016.60
583.96	1032.10
584.08	1052.60
584.21	1051.10
584.33	1037.50
584.46	1002.90
584.58	976.50
584.71	1056.90
584.83	1043.30
584.96	1014.20
585.08	993.50
585.21	1123.40
585.33	1082.20
585.46	1038.30
585.58	1053.40
585.71	996.20
585.83	1021.30
585.96	1048.10
586.08	1045.60
586.21	1043.50
586.33	1048.80
586.46	972.10
586.59	1053.60
586.71	988.80
586.84	1034.80
586.96	1020.80
587.09	963.00
587.21	1000.40
587.34	1044.50
587.46	990.80
587.59	976.10
587.71	1014.30
587.84	999.00
587.96	955.00
588.09	971.00
588.21	1042.80
588.34	1004.50
588.46	1026.20
588.59	997.00
588.71	1042.50
588.84	1027.20
588.96	1011.80
589.09	1121.60
589.21	1019.40
589.34	993.70
589.46	1009.80
589.59	1025.80
589.71	1075.40
589.84	974.20
589.96	991.00
590.09	1012.50
590.21	1055.10
590.34	1032.60
590.46	1031.70
590.59	994.70
590.71	1009.40
590.84	1054.90
590.96	979.10
591.09	1041.50
591.21	1027.60
591.34	1004.60
591.46	1004.50
591.59	1094.50
591.71	1057.30
591.83	1016.50
591.96	963.00
592.08	1004.70
592.21	1057.00
592.33	1027.00
592.46	1006.00
592.58	1037.00
592.71	1066.40
592.83	1111.50
592.96	1061.60
593.08	1083.80
593.21	987.60
593.33	979.30
593.46	1012.70
593.58	1019.70
593.71	1067.80
593.83	1068.00
593.96	989.40
594.08	1139.40
594.21	1019.60
594.33	1000.70
594.46	989.70
594.58	976.60
594.71	956.10
594.83	1030.90
594.96	1018.30
595.08	1191.70
595.20	1063.00
595.33	1033.10
595.45	988.90
595.58	1115.90
595.70	1044.10
595.83	1011.00
595.95	1022.10
596.08	1037.90
596.20	983.60
596.33	973.20
596.45	1013.70
596.58	993.00
596.70	982.00
596.83	1011.70
596.95	1003.50
597.08	1032.20
597.20	982.60
597.32	1000.00
597.45	1031.60
597.57	1019.50
597.70	1059.00
597.82	1007.20
597.95	1024.00
598.07	1028.80
598.20	1043.40
598.32	1017.30
598.45	1013.30
598.57	1073.90
598.70	1092.40
598.82	1006.10
598.94	1008.60
599.07	1074.90
599.19	1029.50
599.32	1008.40
599.44	937.80
599.57	1069.00
599.69	1043.80
599.82	1013.20
599.94	989.20
600.07	1080.60
600.19	1052.80
600.31	1005.60
600.44	1061.50
600.56	1152.00
600.69	1126.10
600.81	1008.30
600.94	1017.90
601.06	1036.50
601.19	1063.40
601.31	1068.00
601.44	982.90
601.56	1091.50
601.68	1068.70
601.81	1041.50
601.93	1037.00
602.06	1067.80
602.18	996.30
602.31	1017.70
602.43	1084.30
602.56	1075.50
602.68	1033.50
602.80	1030.00
602.93	1037.30
603.05	1019.90
603.18	1050.90
603.30	996.70
603.43	1000.00
603.55	1032.80
603.68	1052.60
603.80	1044.00
603.92	1030.10
604.05	1007.60
604.17	1014.20
604.30	990.90
604.42	1007.00
604.55	1025.20
604.67	1077.20
604.79	1017.60
604.92	1026.50
605.04	1015.60
605.17	1017.60
605.29	1015.20
605.42	1010.70
605.54	1107.80
605.66	1046.50
605.79	1050.00
605.91	1029.00
606.04	1030.50
606.16	1007.10
606.29	1035.90
606.41	997.50
606.53	1032.10
606.66	987.90
606.78	1019.30
606.91	1009.40
607.03	1016.10
607.16	1012.90
607.28	996.20
607.40	1026.60
607.53	1059.90
607.65	1001.50
607.78	1001.60
607.90	1036.40
608.03	1147.70
608.15	1051.40
608.27	1044.00
608.40	990.90
608.52	1057.10
608.65	1041.20
608.77	1064.20
608.89	1030.60
609.02	1113.90
609.14	1130.70
609.27	1065.10
609.39	1074.30
609.52	1011.90
609.64	971.10
609.76	1008.30
609.89	1023.70
610.01	1098.50
610.14	1067.30
610.26	1031.80
610.38	996.00
610.51	1091.50
610.63	1025.30
610.76	996.60
610.88	1057.10
611.01	1103.40
611.13	1149.70
611.25	1074.80
611.38	1005.90
611.50	1040.10
611.63	1062.80
611.75	1042.70
611.87	1048.70
612.00	1028.30
612.12	1094.10
612.25	1027.20
612.37	1009.70
612.49	1110.50
612.62	1099.20
612.74	1106.00
612.87	1041.70
612.99	1043.10
613.11	986.60
613.24	1022.60
613.36	1029.40
613.49	1061.80
613.61	1054.70
613.73	1026.40
613.86	1073.80
613.98	1020.10
614.11	1084.90
614.23	1085.80
614.35	1085.60
614.48	1086.80
614.60	1058.00
614.72	1037.40
614.85	1060.90
614.97	1059.00
615.10	1052.50
615.22	1027.70
615.34	1048.30
615.47	1110.30
615.59	1022.60
615.72	1039.10
615.84	1061.90
615.96	1019.30
616.09	1139.20
616.21	1035.40
616.34	1022.70
616.46	1039.40
616.58	1079.20
616.71	1069.80
616.83	1077.70
616.95	1078.90
617.08	1075.60
617.20	1042.70
617.33	1010.40
617.45	1037.80
617.57	1069.50
617.70	1054.90
617.82	1028.30
617.95	1056.10
618.07	1120.10
618.19	1061.00
618.32	1053.00
618.44	1029.70
618.56	1009.30
618.69	982.60
618.81	990.70
618.94	1079.70
619.06	1042.90
619.18	1038.10
619.31	1004.80
619.43	1016.00
619.55	1074.60
619.68	1064.00
619.80	1003.70
619.92	1065.60
620.05	1181.00
620.17	1096.00
620.30	1043.00
620.42	1069.20
620.54	1106.40
620.67	1033.60
620.79	1049.00
620.91	1072.80
621.04	1124.80
621.16	1038.00
621.29	1019.90
621.41	993.50
621.53	1033.90
621.66	1044.00
621.78	1024.10
621.90	1092.40
622.03	1154.30
622.15	1047.50
622.27	1047.10
622.40	1064.90
622.52	1027.70
622.64	1028.70
622.77	1005.70
622.89	1068.50
623.02	1096.50
623.14	1064.90
623.26	1078.10
623.39	1068.50
623.51	1113.40
623.63	1038.00
623.76	1015.80
623.88	1116.40
624.00	1061.70
624.13	1021.70
624.25	1015.90
624.37	1010.40
624.50	1096.20
624.62	1069.20
624.75	1004.40
624.87	1008.90
624.99	1043.30
625.12	1023.80
625.24	1040.50
625.36	1137.90
625.49	1090.90
625.61	1068.50
625.73	1057.00
625.86	1105.60
625.98	1063.60
626.10	1016.90
626.23	997.20
626.35	1075.50
626.47	1039.70
626.60	1012.70
626.72	1026.30
626.84	1035.00
626.97	1067.90
627.09	1047.90
627.21	1045.80
627.34	1161.00
627.46	1156.60
627.58	1049.20
627.71	1062.50
627.83	1096.40
627.95	1019.00
628.08	1053.70
628.20	1091.40
628.32	1000.80
628.45	977.60
628.57	991.80
628.69	1017.50
628.82	1074.00
628.94	1122.30
629.06	1052.50
629.19	1034.70
629.31	1092.30
629.43	1026.00
629.56	1069.00
629.68	1057.90
629.80	1110.30
629.93	1020.20
630.05	1017.30
630.17	1018.00
630.30	1051.10
630.42	1031.10
630.54	1072.40
630.67	1054.60
630.79	1035.20
630.91	1189.50
631.04	1075.30
631.16	1062.50
631.28	1076.10
631.41	1032.80
631.53	1011.00
631.65	1049.70
631.78	1079.20
631.90	1060.00
632.02	1047.30
632.14	972.10
632.27	1126.20
632.39	1064.50
632.51	1033.60
632.64	1101.00
632.76	1067.00
632.88	1042.40
633.01	1071.80
633.13	1041.50
633.25	1064.10
633.38	1175.40
633.50	1004.50
633.62	1001.30
633.75	998.80
633.87	981.50
633.99	1069.20
634.11	1005.80
634.24	1036.20
634.36	1051.20
634.48	1041.80
634.61	1036.40
634.73	1082.40
634.85	1037.20
634.98	1027.60
635.10	1039.40
635.22	1062.30
635.35	1176.80
635.47	1068.10
635.59	1044.70
635.71	1088.80
635.84	1108.40
635.96	1046.70
636.08	1093.80
636.21	1042.20
636.33	1075.90
636.45	1057.80
636.58	1036.30
636.70	1002.80
636.82	1085.80
636.94	1034.70
637.07	999.10
637.19	1092.70
637.31	1092.00
637.44	1083.90
637.56	999.20
637.68	1079.20
637.81	1083.50
637.93	1061.90
638.05	1009.60
638.17	1115.80
638.30	1185.70
638.42	1057.90
638.54	1025.70
638.67	1052.80
638.79	1069.20
638.91	1026.90
639.03	1041.50
639.16	1050.00
639.28	1065.60
639.40	1052.60
639.53	1030.80
639.65	1096.30
639.77	1063.40
639.89	1065.60
640.02	1052.80
640.14	1073.10
640.26	1025.50
640.39	1090.90
640.51	1035.80
640.63	1089.60
640.75	1106.10
640.88	1059.50
641.00	1036.60
641.12	1028.10
641.24	1142.90
641.37	1042.80
641.49	1017.40
641.61	1171.80
641.74	1044.10
641.86	1076.60
641.98	1024.10
642.10	1081.60
642.23	1092.40
642.35	1040.40
642.47	1069.40
642.60	1080.00
642.72	1099.90
642.84	1002.30
642.96	1021.60
643.09	1023.10
643.21	1022.60
643.33	1019.80
643.45	1035.80
643.58	1115.00
643.70	1138.50
643.82	1053.60
643.94	1047.30
644.07	1071.20
644.19	1083.70
644.31	1072.10
644.44	1073.50
644.56	1052.70
644.68	1026.20
644.80	1019.90
644.93	1022.60
645.05	1037.80
645.17	1078.50
645.29	1069.20
645.42	1072.70
645.54	1063.20
645.66	1089.30
645.78	1052.80
645.91	1047.70
646.03	1094.00
646.15	1142.00
646.27	1044.30
646.40	1068.80
646.52	1101.80
646.64	1119.50
646.76	1057.60
646.89	1003.20
647.01	1106.30
647.13	1094.20
647.25	1099.60
647.38	1050.30
647.50	1037.70
647.62	1113.90
647.74	1015.10
647.87	1020.40
647.99	1078.70
648.11	1098.00
648.23	1057.50
648.36	1007.70
648.48	1136.40
648.60	1079.80
648.72	1044.50
648.85	1033.30
648.97	1120.60
649.09	1088.80
649.21	1041.00
649.34	1077.40
649.46	1094.70
649.58	1084.90
649.70	1088.90
649.83	1045.70
649.95	1121.00
650.07	1109.20
650.19	1106.50
650.32	1070.70
650.44	1129.10
650.56	1097.80
650.68	1053.80
650.81	1050.00
650.93	1060.30
651.05	1146.20
651.17	1042.60
651.29	1087.20
651.42	1066.80
651.54	1103.10
651.66	1041.00
651.78	1040.60
651.91	1097.10
652.03	1199.40
652.15	1096.90
652.27	1049.40
652.40	1088.00
652.52	1065.40
652.64	1073.10
652.76	1055.00
652.88	1182.10
653.01	1086.40
653.13	1036.60
653.25	1005.90
653.37	1108.00
653.50	1121.80
653.62	1093.50
653.74	1020.20
653.86	1126.10
653.98	1112.90
654.11	1036.30
654.23	1059.60
654.35	1059.50
654.47	1203.90
654.60	1062.40
654.72	1064.50
654.84	1040.20
654.96	1121.70
655.08	1051.80
655.21	1083.60
655.33	1069.30
655.45	1133.70
655.57	1081.10
655.70	1075.90
655.82	1127.60
655.94	1171.00
656.06	1106.20
656.18	1042.60
656.31	1139.30
656.43	1114.80
656.55	1047.70
656.67	1069.70
656.79	1087.00
656.92	1138.40
657.04	1094.60
657.16	1059.20
657.28	1209.20
657.40	1103.90
657.53	1109.00
657.65	1064.20
657.77	1139.90
657.89	1141.80
658.01	1070.70
658.14	1047.60
658.26	1119.60
658.38	1067.60
658.50	1030.90
658.62	1033.10
658.75	1211.70
658.87	1129.90
658.99	1113.80
659.11	1045.60
659.23	1141.00
659.36	1192.10
659.48	1134.30
659.60	1106.80
659.72	1106.20
659.84	1095.10
659.97	1111.60
660.09	1114.90
660.21	1211.30
660.33	1143.20
660.45	1032.90
660.58	1008.80
660.70	1059.30
660.82	1077.90
660.94	1033.10
661.06	1076.20
661.19	1157.60
661.31	1130.20
661.43	1079.80
661.55	1074.70
661.67	1130.90
661.80	1167.60
661.92	1087.70
662.04	1090.80
662.16	1090.80
662.28	1159.20
662.40	1085.80
662.53	1090.20
662.65	1125.00
662.77	1062.60
662.89	1102.20
663.01	1064.40
663.14	1094.80
663.26	1119.50
663.38	1087.50
663.50	1048.90
663.62	1067.40
663.74	1091.30
663.87	1065.00
663.99	1100.20
664.11	1116.10
664.23	1221.80
664.35	1088.10
664.48	1077.00
664.60	1087.90
664.72	1082.50
664.84	1042.80
664.96	1076.40
665.08	1151.70
665.21	1120.40
665.33	1128.90
665.45	1035.10
665.57	1100.30
665.69	1176.30
665.81	1089.50
665.94	1056.10
666.06	1067.40
666.18	1115.60
666.30	1075.40
666.42	1063.80
666.54	1114.40
666.67	1133.40
666.79	1066.80
666.91	1130.30
667.03	1091.10
667.15	1053.70
667.27	1090.10
667.40	1057.60
667.52	1087.60
667.64	1142.60
667.76	1072.00
667.88	1050.10
668.00	1135.50
668.13	1146.00
668.25	1067.10
668.37	1064.40
668.49	1083.60
668.61	1148.40
668.73	1092.60
668.85	1100.70
668.98	1123.30
669.10	1109.40
669.22	1082.40
669.34	1089.10
669.46	1147.30
669.58	1083.90
669.71	1108.10
669.83	1095.30
669.95	1085.30
670.07	1114.80
670.19	1072.50
670.31	1087.30
670.43	1089.80
670.56	1126.70
670.68	1150.10
670.80	1109.40
670.92	1116.90
671.04	1168.90
671.16	1087.30
671.28	1085.50
671.41	1091.80
671.53	1142.30
671.65	1082.30
671.77	1089.70
671.89	1253.00
672.01	1209.60
672.13	1137.10
672.26	1068.30
672.38	1107.60
672.50	1078.70
672.62	1098.10
672.74	1119.70
672.86	1104.50
672.98	1118.80
673.11	1100.20
673.23	1107.80
673.35	1174.70
673.47	1102.40
673.59	1096.80
673.71	1058.20
673.83	1130.90
673.96	1222.80
674.08	1100.70
674.20	1064.70
674.32	1101.90
674.44	1113.50
674.56	1122.10
674.68	1117.30
674.80	1142.80
674.93	1115.30
675.05	1087.90
675.17	1100.20
675.29	1147.70
675.41	1159.00
675.53	1106.40
675.65	1095.50
675.77	1104.40
675.90	1162.20
676.02	1085.00
676.14	1067.60
676.26	1190.50
676.38	1224.90
676.50	1112.80
676.62	1128.30
676.74	1071.90
676.87	1094.50
676.99	1117.10
677.11	1150.00
677.23	1127.40
677.35	1145.40
677.47	1061.90
677.59	1085.80
677.71	1136.60
677.83	1146.80
677.96	1114.40
678.08	1102.40
678.20	1114.00
678.32	1078.80
678.44	1107.30
678.56	1106.00
678.68	1264.60
678.80	1163.00
678.93	1102.20
679.05	1115.10
679.17	1122.30
679.29	1177.60
679.41	1113.10
679.53	1083.40
679.65	1092.50
679.77	1123.30
679.89	1102.10
680.01	1141.20
680.14	1150.40
680.26	1056.50
680.38	1097.50
680.50	1143.80
680.62	1216.60
680.74	1139.00
680.86	1106.90
680.98	1114.30
681.10	1142.20
681.22	1230.40
681.35	1105.10
681.47	1101.10
681.59	1087.00
681.71	1205.10
681.83	1112.80
681.95	1086.60
682.07	1183.80
682.19	1143.20
682.31	1102.10
682.43	1076.80
682.56	1157.50
682.68	1077.50
682.80	1088.30
682.92	1132.90
683.04	1119.70
683.16	1113.30
683.28	1082.90
683.40	1134.10
683.52	1118.90
683.64	1152.50
683.76	1076.00
683.89	1087.40
684.01	1112.60
684.13	1181.40
684.25	1122.70
684.37	1119.80
684.49	1165.40
684.61	1114.40
684.73	1113.90
684.85	1110.70
684.97	1086.30
685.09	1185.30
685.21	1088.60
685.34	1114.60
685.46	1256.80
685.58	1156.40
685.70	1134.40
685.82	1155.50
685.94	1095.10
686.06	1090.90
686.18	1081.00
686.30	1107.00
686.42	1087.80
686.54	1167.20
686.66	1085.90
686.79	1197.60
686.91	1135.00
687.03	1244.70
687.15	1153.90
687.27	1115.60
687.39	1116.50
687.51	1201.60
687.63	1139.40
687.75	1170.20
687.87	1154.30
687.99	1208.10
688.11	1089.70
688.23	1150.40
688.35	1179.60
688.48	1159.40
688.60	1096.50
688.72	1107.70
688.84	1136.60
688.96	1167.50
689.08	1131.80
689.20	1119.70
689.32	1251.60
689.44	1144.00
689.56	1079.80
689.68	1097.10
689.80	1119.30
689.92	1101.10
690.04	1108.60
690.16	1161.50
690.28	1152.50
690.41	1150.70
690.53	1092.20
690.65	1154.90
690.77	1186.80
690.89	1177.40
691.01	1123.50
691.13	1102.50
691.25	1089.50
691.37	1118.60
691.49	1073.30
691.61	1074.10
691.73	1215.30
691.85	1138.60
691.97	1107.80
692.09	1094.90
692.21	1182.60
692.33	1208.60
692.45	1139.60
692.57	1103.20
692.70	1135.30
692.82	1159.70
692.94	1066.30
693.06	1104.40
693.18	1133.60
693.30	1113.70
693.42	1098.20
693.54	1137.90
693.66	1148.60
693.78	1153.90
693.90	1114.00
694.02	1132.80
694.14	1164.00
694.26	1121.90
694.38	1144.50
694.50	1138.40
694.62	1148.90
694.74	1091.30
694.86	1091.90
694.98	1134.10
695.10	1150.40
695.22	1187.70
695.34	1098.30
695.46	1105.60
695.58	1117.80
695.71	1152.90
695.83	1112.00
695.95	1112.60
696.07	1200.70
696.19	1094.70
696.31	1107.80
696.43	1089.30
696.55	1223.20
696.67	1152.50
696.79	1114.90
696.91	1133.20
697.03	1115.10
697.15	1226.10
697.27	1137.30
697.39	1114.20
697.51	1180.40
697.63	1105.50
697.75	1104.20
697.87	1137.00
697.99	1087.40
698.11	1057.70
698.23	1091.70
698.35	1104.00
698.47	1112.50
698.59	1149.90
698.71	1120.40
698.83	1172.70
698.95	1103.00
699.07	1150.00
699.19	1108.90
699.31	1132.70
699.43	1107.10
699.55	1165.70
699.67	1116.40
699.79	1116.30
699.91	1117.60
700.03	1137.90
700.15	1130.90
700.27	1095.10
700.39	1129.70
700.51	1091.70
700.63	1115.90
700.75	1115.70
700.87	1157.20
700.99	1119.50
701.11	1154.90
701.24	1128.00
701.36	1180.70
701.48	1183.50
701.60	1158.10
701.72	1104.00
701.84	1208.60
701.96	1158.80
702.08	1135.20
702.20	1220.50
702.32	1177.10
702.44	1172.50
702.56	1131.30
702.68	1133.30
702.80	1150.40
702.92	1247.30
703.04	1200.20
703.16	1146.60
703.28	1150.40
703.40	1140.10
703.52	1155.30
703.64	1158.00
703.76	1160.40
703.88	1129.50
704.00	1116.10
704.12	1130.60
704.24	1199.80
704.36	1155.90
704.48	1157.20
704.60	1095.20
704.72	1138.20
704.84	1132.50
704.96	1164.60
705.07	1149.60
705.19	1109.80
705.31	1138.20
705.43	1172.20
705.55	1108.00
705.67	1168.10
705.79	1148.30
705.91	1078.40
706.03	1140.30
706.15	1157.10
706.27	1135.00
706.39	1130.60
706.51	1113.30
706.63	1137.00
706.75	1182.30
706.87	1152.80
706.99	1209.70
707.11	1149.70
707.23	1135.90
707.35	1166.20
707.47	1137.90
707.59	1183.20
707.71	1198.00
707.83	1136.70
707.95	1181.50
708.07	1140.20
708.19	1282.40
708.31	1158.40
708.43	1111.00
708.55	1167.70
708.67	1222.40
708.79	1156.90
708.91	1177.90
709.03	1172.40
709.15	1201.20
709.27	1124.80
709.39	1151.10
709.51	1144.20
709.63	1177.90
709.75	1171.20
709.87	1106.80
709.99	1192.60
710.11	1129.90
710.23	1130.70
710.35	1104.50
710.47	1268.00
710.58	1214.80
710.70	1202.90
710.82	1205.00
710.94	1159.20
711.06	1153.00
711.18	1162.90
711.30	1136.40
711.42	1197.10
711.54	1151.30
711.66	1179.50
711.78	1129.90
711.90	1190.60
712.02	1229.10
712.14	1129.90
712.26	1102.80
712.38	1210.90
712.50	1228.80
712.62	1140.60
712.74	1152.50
712.86	1136.90
712.98	1206.00
713.10	1127.60
713.22	1110.60
713.34	1168.70
713.45	1141.40
713.57	1161.20
713.69	1121.70
713.81	1141.40
713.93	1173.80
714.05	1149.20
714.17	1103.30
714.29	1230.30
714.41	1216.20
714.53	1138.90
714.65	1171.40
714.77	1168.40
714.89	1120.80
715.01	1214.70
715.13	1133.40
715.25	1173.40
715.37	1129.30
715.49	1103.60
715.61	1177.60
715.72	1189.80
715.84	1215.70
715.96	1146.90
716.08	1144.30
716.20	1234.20
716.32	1214.90
716.44	1151.30
716.56	1151.30
716.68	1177.80
716.80	1256.50
716.92	1215.70
717.04	1169.90
717.16	1193.20
717.28	1162.30
717.40	1156.40
717.52	1166.30
717.63	1152.10
717.75	1176.80
717.87	1167.60
717.99	1178.60
718.11	1154.20
718.23	1230.90
718.35	1186.10
718.47	1170.80
718.59	1102.90
718.71	1165.00
718.83	1140.30
718.95	1183.70
719.07	1118.10
719.19	1161.50
719.30	1150.60
719.42	1178.80
719.54	1159.60
719.66	1174.30
719.78	1166.40
719.90	1097.00
720.02	1160.30
720.14	1185.00
720.26	1195.10
720.38	1181.80
720.50	1141.40
720.62	1089.00
720.74	1163.80
720.85	1162.20
720.97	1230.20
721.09	1266.20
721.21	1158.10
721.33	1228.90
721.45	1184.20
721.57	1190.90
721.69	1135.20
721.81	1103.60
721.93	1235.20
722.05	1177.50
722.16	1128.90
722.28	1114.50
722.40	1147.80
722.52	1224.30
722.64	1224.70
722.76	1125.50
722.88	1189.40
723.00	1195.50
723.12	1146.10
723.24	1166.10
723.36	1099.90
723.47	1208.20
723.59	1174.10
723.71	1149.30
723.83	1197.20
723.95	1156.70
724.07	1161.90
724.19	1176.90
724.31	1255.90
724.43	1143.40
724.55	1093.40
724.66	1134.50
724.78	1315.80
724.90	1132.50
725.02	1130.20
725.14	1141.70
725.26	1172.60
725.38	1104.50
725.50	1156.90
725.62	1172.80
725.74	1162.60
725.85	1157.30
725.97	1168.30
726.09	1223.20
726.21	1491.90
726.33	1211.70
726.45	1165.20
726.57	1136.50
726.69	1177.30
726.81	1179.30
726.92	1159.80
727.04	1177.20
727.16	1196.40
727.28	1166.10
727.40	1162.40
727.52	1166.90
727.64	1303.70
727.76	1264.80
727.88	1196.60
727.99	1128.10
728.11	1139.10
728.23	1161.30
728.35	1145.50
728.47	1145.50
728.59	1162.90
728.71	1185.60
728.83	1173.30
728.94	1205.30
729.06	1271.20
729.18	1243.20
729.30	1199.20
729.42	1178.10
729.54	1269.20
729.66	1270.60
729.78	1170.10
729.90	1178.90
730.01	1155.10
730.13	1094.70
730.25	1155.90
730.37	1146.70
730.49	1206.40
730.61	1206.20
730.73	1192.00
730.84	1213.60
730.96	1197.50
731.08	1199.00
731.20	1186.70
731.32	1180.30
731.44	1340.90
731.56	1180.70
731.68	1143.80
731.79	1186.30
731.91	1153.30
732.03	1161.90
732.15	1170.00
732.27	1153.40
732.39	1160.80
732.51	1216.60
732.62	1155.40
732.74	1173.10
732.86	1236.70
732.98	1197.80
733.10	1172.50
733.22	1176.20
733.34	1205.10
733.45	1118.30
733.57	1171.80
733.69	1129.50
733.81	1172.10
733.93	1190.90
734.05	1102.80
734.17	1164.20
734.28	1186.30
734.40	1177.00
734.52	1156.90
734.64	1163.90
734.76	1257.40
734.88	1191.80
735.00	1141.80
735.11	1171.80
735.23	1227.70
735.35	1164.30
735.47	1118.70
735.59	1208.60
735.71	1173.10
735.83	1193.50
735.94	1192.00
736.06	1184.70
736.18	1237.90
736.30	1231.10
736.42	1205.10
736.54	1196.00
736.65	1218.20
736.77	1342.30
736.89	1236.80
737.01	1183.50
737.13	1298.00
737.25	1111.00
737.36	1137.60
737.48	1168.80
737.60	1191.40
737.72	1161.30
737.84	1167.00
737.96	1225.10
738.08	1183.50
738.19	1288.70
738.31	1171.60
738.43	1182.40
738.55	1178.90
738.67	1188.00
738.79	1150.30
738.90	1172.60
739.02	1201.90
739.14	1167.60
739.26	1180.60
739.38	1175.30
739.50	1203.20
739.61	1175.10
739.73	1173.50
739.85	1161.00
739.97	1186.20
740.09	1251.20
740.20	1132.50
740.32	1196.50
740.44	1215.60
740.56	1146.00
740.68	1167.50
740.80	1178.80
740.91	1189.50
741.03	1236.30
741.15	1212.40
741.27	1162.10
741.39	1230.50
741.51	1197.20
741.62	1225.40
741.74	1184.70
741.86	1186.20
741.98	1167.70
742.10	1186.30
742.21	1194.30
742.33	1191.10
742.45	1154.90
742.57	1237.90
742.69	1171.00
742.80	1218.80
742.92	1178.80
743.04	1182.00
743.16	1168.50
743.28	1245.60
743.40	1149.30
743.51	1143.30
743.63	1151.00
743.75	1194.00
743.87	1185.00
743.99	1198.60
744.10	1171.10
744.22	1185.10
744.34	1160.90
744.46	1200.50
744.58	1187.90
744.69	1113.10
744.81	1184.30
744.93	1136.80
745.05	1139.50
745.17	1266.80
745.28	1260.40
745.40	1196.60
745.52	1171.50
745.64	1185.80
745.76	1228.30
745.87	1173.20
745.99	1154.90
746.11	1191.90
746.23	1149.50
746.35	1176.80
746.46	1159.60
746.58	1302.30
746.70	1205.40
746.82	1195.60
746.94	1170.50
747.05	1155.70
747.17	1128.60
747.29	1121.30
747.41	1163.10
747.53	1320.30
747.64	1164.80
747.76	1228.70
747.88	1231.20
748.00	1237.10
748.12	1199.30
748.23	1184.70
748.35	1194.50
748.47	1225.30
748.59	1234.20
748.70	1162.30
748.82	1145.50
748.94	1150.50
749.06	1171.50
749.18	1168.50
749.29	1141.40
749.41	1195.60
749.53	1188.40
749.65	1162.70
749.76	1214.80
749.88	1172.70
750.00	1198.30
750.12	1215.50
750.24	1198.30
750.35	1186.50
750.47	1140.10
750.59	1191.10
750.71	1170.80
750.82	1218.20
750.94	1157.40
751.06	1167.80
751.18	1155.60
751.30	1221.10
751.41	1219.90
751.53	1200.40
751.65	1155.40
751.77	1161.00
751.88	1192.70
752.00	1211.60
752.12	1129.30
752.24	1230.10
752.35	1208.60
752.47	1211.50
752.59	1217.00
752.71	1265.50
752.83	1157.10
752.94	1229.70
753.06	1152.50
753.18	1187.40
753.30	1158.90
753.41	1109.90
753.53	1155.20
753.65	1161.50
753.77	1234.80
753.88	1147.90
754.00	1183.90
754.12	1188.30
754.24	1253.20
754.35	1156.40
754.47	1119.10
754.59	1207.10
754.71	1201.80
754.82	1173.00
754.94	1162.00
755.06	1232.80
755.18	1195.20
755.29	1200.20
755.41	1160.30
755.53	1204.30
755.65	1151.10
755.76	1186.30
755.88	1173.20
756.00	1239.90
756.12	1160.50
756.23	1075.70
756.35	1129.30
756.47	1220.50
756.59	1157.70
756.70	1147.00
756.82	1154.80
756.94	1160.90
757.06	1192.00
757.17	1188.90
757.29	1157.60
757.41	1120.90
757.53	1192.00
757.64	1174.90
757.76	1171.20
757.88	1193.20
758.00	1204.50
758.11	1149.90
758.23	1129.40
758.35	1194.90
758.47	1133.10
758.58	1190.90
758.70	1123.70
758.82	1151.90
758.94	1133.40
759.05	1161.60
759.17	1120.00
759.29	1165.30
759.40	1234.80
759.52	1151.80
759.64	1156.00
759.76	1182.80
759.87	1196.00
759.99	1181.70
760.11	1145.70
760.23	1181.40
760.34	1202.80
760.46	1177.80
760.58	1151.60
760.70	1174.00
760.81	1224.20
760.93	1175.20
761.05	1192.60
761.16	1182.30
761.28	1154.30
761.40	1143.30
761.52	1131.70
761.63	1220.60
761.75	1175.40
761.87	1143.50
761.98	1114.90
762.10	1192.40
762.22	1174.60
762.34	1195.00
762.45	1154.70
762.57	1201.70
762.69	1305.40
762.81	1154.20
762.92	1175.50
763.04	1108.70
763.16	1195.70
763.27	1200.60
763.39	1144.80
763.51	1191.50
763.63	1190.60
763.74	1137.90
763.86	1107.80
763.98	1127.00
764.09	1147.90
764.21	1167.20
764.33	1115.40
764.44	1134.80
764.56	1164.80
764.68	1131.30
764.80	1159.60
764.91	1101.20
765.03	1230.30
765.15	1162.40
765.26	1152.70
765.38	1124.50
765.50	1195.70
765.62	1160.60
765.73	1153.30
765.85	1169.90
765.97	1111.20
766.08	1148.10
766.20	1170.80
766.32	1174.10
766.43	1203.60
766.55	1183.70
766.67	1141.70
766.79	1149.80
766.90	1135.80
767.02	1091.40
767.14	1112.70
767.25	1112.10
767.37	1246.40
767.49	1166.50
767.60	1141.50
767.72	1212.50
767.84	1180.30
767.95	1132.90
768.07	1109.80
768.19	1180.20
768.31	1176.20
768.42	1158.30
768.54	1138.60
768.66	1149.00
768.77	1188.10
768.89	1147.70
769.01	1123.10
769.12	1186.70
769.24	1166.70
769.36	1112.20
769.47	1111.70
769.59	1106.20
769.71	1172.90
769.82	1139.20
769.94	1131.80
770.06	1099.50
770.17	1184.80
770.29	1150.90
770.41	1170.60
770.53	1174.10
770.64	1111.30
770.76	1152.60
770.88	1162.70
770.99	1181.30
771.11	1112.40
771.23	1154.10
771.34	1143.70
771.46	1241.30
771.58	1207.70
771.69	1169.30
771.81	1147.60
771.93	1196.70
772.04	1119.80
772.16	1164.80
772.28	1136.90
772.39	1192.50
772.51	1139.60
772.63	1159.80
772.74	1125.90
772.86	1136.80
772.98	1269.40
773.09	1118.30
773.21	1121.30
773.33	1165.30
773.44	1163.40
773.56	1131.80
773.68	1135.30
773.79	1188.90
773.91	1131.70
774.03	1146.60
774.14	1136.40
774.26	1200.00
774.38	1113.70
774.49	1094.20
774.61	1134.30
774.73	1144.90
774.84	1126.80
774.96	1110.90
775.08	1130.60
775.19	1164.90
775.31	1196.30
775.43	1136.40
775.54	1117.20
775.66	1082.40
775.77	1183.80
775.89	1098.90
776.01	1171.30
776.12	1185.80
776.24	1151.00
776.36	1086.80
776.47	1098.70
776.59	1148.50
776.71	1183.80
776.82	1064.20
776.94	1085.30
777.06	1117.50
777.17	1204.90
777.29	1099.60
777.41	1099.20
777.52	1161.40
777.64	1141.20
777.75	1152.50
777.87	1069.20
777.99	1109.50
778.10	1177.50
778.22	1118.20
778.34	1128.10
778.45	1122.10
778.57	1179.90
778.69	1164.80
778.80	1135.30
778.92	1231.90
779.04	1151.00
779.15	1120.80
779.27	1165.00
779.38	1164.50
779.50	1183.50
779.62	1069.90
779.73	1115.00
779.85	1062.50
779.97	1236.60
780.08	1132.70
780.20	1122.40
780.31	1159.60
780.43	1170.00
780.55	1105.70
780.66	1129.50
780.78	1151.80
780.90	1237.30
781.01	1095.90
781.13	1120.30
781.25	1117.40
781.36	1177.20
781.48	1096.30
781.59	1112.90
781.71	1159.10
781.83	1149.50
781.94	1094.20
782.06	1094.30
782.18	1169.40
782.29	1117.10
782.41	1064.90
782.52	1156.20
782.64	1174.40
782.76	1130.90
782.87	1139.40
782.99	1108.50
783.10	1256.00
783.22	1273.10
783.34	1120.60
783.45	1117.50
783.57	1125.20
783.69	1103.30
783.80	1128.90
783.92	1141.30
784.03	1115.40
784.15	1094.60
784.27	1112.60
784.38	1091.10
784.50	1124.90
784.61	1118.00
784.73	1082.30
784.85	1094.10
784.96	1091.60
785.08	1171.30
785.19	1151.60
785.31	1096.50
785.43	1070.00
785.54	1075.30
785.66	1129.40
785.77	1119.60
785.89	1139.00
786.01	1058.20
786.12	1094.90
786.24	1107.10
786.35	1188.80
786.47	1126.30
786.59	1085.20
786.70	1059.90
786.82	1113.00
786.93	1124.50
787.05	1099.00
787.17	1124.50
787.28	1103.20
787.40	1129.80
787.51	1125.80
787.63	1126.60
787.75	1059.10
787.86	1115.30
787.98	1126.60
788.09	1097.00
788.21	1129.40
788.33	1145.70
788.44	1126.70
788.56	1075.50
788.67	1136.70
788.79	1090.40
788.91	1102.60
789.02	1081.50
789.14	1094.60
789.25	1205.50
789.37	1135.80
789.48	1076.30
789.60	1123.80
789.72	1071.60
789.83	1127.50
789.95	1104.80
790.06	1046.80
790.18	1060.40
790.30	1127.40
790.41	1108.40
790.53	1075.90
790.64	1048.70
790.76	1055.90
790.87	1091.10
790.99	1093.60
791.11	1116.20
791.22	1076.20
791.34	1092.80
791.45	1135.10
791.57	1126.60
791.68	1082.60
791.80	1066.10
791.92	1125.00
792.03	1072.30
792.15	1039.70
792.26	1067.40
792.38	1050.60
792.49	1120.20
792.61	1078.80
792.73	1093.40
792.84	1087.80
792.96	1196.00
793.07	1079.60
793.19	1922.50
793.30	1175.90
793.42	1133.40
793.54	1021.50
793.65	1039.40
793.77	1225.90
793.88	1081.20
794.00	1031.10
794.11	1083.00
794.23	1029.70
794.34	1102.30
794.46	1020.30
794.58	1036.60
794.69	1175.00
794.81	1165.90
794.92	1049.80
795.04	1045.40
795.15	1166.90
795.27	1122.60
795.39	1083.00
795.50	1053.00
795.62	1057.70
795.73	1070.40
795.85	1051.00
795.96	1098.50
796.08	1145.90
796.19	1061.70
796.31	1063.50
796.42	1032.20
796.54	1058.90
796.66	1120.60
796.77	1034.40
796.89	1025.50
797.00	1131.30
797.12	998.10
797.23	1052.70
797.35	1087.20
797.46	1111.50
797.58	1141.80
797.69	1081.10
797.81	1057.40
797.93	1063.70
798.04	1044.70
798.16	1050.00
798.27	1077.20
798.39	1033.30
798.50	1027.70
798.62	1026.70
798.73	1031.90
798.85	1154.60
798.96	1079.10
799.08	1098.60
799.19	1097.70
799.31	1077.10
799.43	1073.00
799.54	1036.50
799.66	1074.50
799.77	1110.90
799.89	1038.60
800.00	997.70
800.12	1044.30
800.23	1118.80
800.35	1153.20
800.46	1002.30
800.58	991.80
800.69	1064.80
800.81	1046.00
800.92	1020.10
801.04	1062.10
801.16	997.80
801.27	1007.20
801.39	1022.10
801.50	1040.50
801.62	1049.10
801.73	1110.20
801.85	1091.40
801.96	1019.20
802.08	1116.80
802.19	1114.60
802.31	1037.00
802.42	1058.10
802.54	1141.20
802.65	1116.80
802.77	1027.90
802.88	1078.80
803.00	1007.20
803.11	1170.90
803.23	1064.80
803.34	1055.00
803.46	1080.20
803.57	1019.30
803.69	1083.10
803.80	1008.10
803.92	1111.70
804.03	1045.20
804.15	1059.10
804.26	1078.10
804.38	1094.30
804.50	1021.50
804.61	1052.60
804.73	1049.70
804.84	1063.10
804.96	983.00
805.07	1045.10
805.19	1016.60
805.30	1073.90
805.42	1099.40
805.53	1041.20
805.65	1012.70
805.76	993.90
805.88	1024.00
805.99	1050.30
806.11	1063.60
806.22	1020.70
806.34	1030.90
806.45	1036.80
806.57	1020.60
806.68	1078.30
806.80	963.80
806.91	997.30
807.03	992.80
807.14	969.90
807.26	976.40
807.37	975.00
807.49	1034.70
807.60	1008.90
807.72	1096.00
807.83	1107.40
807.95	1033.40
808.06	1048.70
808.17	1038.80
808.29	1053.70
808.40	986.20
808.52	1020.30
808.63	1026.50
808.75	1026.80
808.86	1012.40
808.98	1046.80
809.09	991.40
809.21	1030.00
809.32	992.40
809.44	1046.50
809.55	970.60
809.67	1016.00
809.78	974.20
809.90	1039.40
810.01	1077.80
810.13	984.00
810.24	1018.60
810.36	948.60
810.47	971.70
810.59	988.80
810.70	1016.00
810.82	1043.10
810.93	957.30
811.05	967.80
811.16	969.40
811.27	955.00
811.39	995.30
811.50	1026.80
811.62	933.10
811.73	918.20
811.85	1007.20
811.96	984.50
812.08	1006.90
812.19	985.30
812.31	1008.00
812.42	969.80
812.54	951.70
812.65	1029.40
812.77	1027.70
812.88	1009.80
813.00	1008.00
813.11	999.20
813.22	944.60
813.34	950.90
813.45	971.10
813.57	1063.20
813.68	1064.50
813.80	977.70
813.91	933.40
814.03	961.80
814.14	1052.40
814.26	944.80
814.37	967.20
814.49	962.80
814.60	939.00
814.71	928.20
814.83	946.90
814.94	914.40
815.06	943.10
815.17	954.40
815.29	941.50
815.40	910.90
815.52	1036.70
815.63	935.90
815.75	919.40
815.86	961.20
815.97	908.50
816.09	936.70
816.20	964.20
816.32	964.80
816.43	894.60
816.55	945.40
816.66	920.00
816.78	1038.20
816.89	945.10
817.00	931.90
817.12	914.30
817.23	904.60
817.35	977.80
817.46	937.60
817.58	892.60
817.69	1054.80
817.81	938.60
817.92	963.60
818.03	926.60
818.15	931.40
818.26	887.20
818.38	876.60
818.49	907.10
818.61	930.10
818.72	879.20
818.83	2017.70
818.95	1059.00
819.06	896.00
819.18	898.70
819.29	925.50
819.41	900.60
819.52	926.70
819.64	919.00
819.75	879.70
819.86	854.40
819.98	893.40
820.09	933.20
820.21	906.40
820.32	866.40
820.44	919.60
820.55	983.00
820.66	882.90
820.78	932.20
820.89	898.40
821.01	923.50
821.12	903.70
821.23	908.10
821.35	881.60
821.46	950.70
821.58	894.80
821.69	876.40
821.81	869.50
821.92	957.10
822.03	883.50
822.15	897.10
822.26	849.40
822.38	857.30
822.49	892.90
822.61	891.10
822.72	899.60
822.83	946.90
822.95	884.60
823.06	889.10
823.18	941.30
823.29	959.80
823.40	906.20
823.52	871.80
823.63	836.00
823.75	977.80
823.86	876.90
823.97	819.60
824.09	911.50
824.20	842.60
824.32	877.60
824.43	855.30
824.55	915.50
824.66	968.60
824.77	868.70
824.89	885.20
825.00	940.60
825.12	882.80
825.23	889.40
825.34	817.30
825.46	830.50
825.57	901.20
825.69	845.90
825.80	790.50
825.91	834.50
826.03	811.80
826.14	876.90
826.26	820.80
826.37	860.40
826.48	843.90
826.60	862.40
826.71	828.40
826.83	868.80
826.94	875.20
827.05	895.00
827.17	891.90
827.28	843.20
827.39	844.60
827.51	813.00
827.62	841.00
827.74	849.40
827.85	834.40
827.96	824.10
828.08	837.00
828.19	947.80
828.31	846.60
828.42	787.20
828.53	860.40
828.65	900.60
828.76	916.00
828.87	866.20
828.99	809.00
