Wavelength (nm)	Intensity
377.35	825.40
377.48	598.20
377.62	608.20
377.75	621.80
377.88	850.00
378.02	832.60
378.15	819.40
378.28	797.20
378.41	871.40
378.55	845.60
378.68	824.20
378.81	806.00
378.95	831.60
379.08	827.40
379.21	787.00
379.35	845.80
379.48	857.00
379.61	924.20
379.74	845.80
379.88	836.60
380.01	914.00
380.14	973.40
380.28	890.80
380.41	814.00
380.54	873.60
380.68	888.20
380.81	796.60
380.94	882.80
381.07	929.60
381.21	939.80
381.34	848.80
381.47	797.00
381.61	1004.00
381.74	864.40
381.87	818.00
382.00	875.00
382.14	962.40
382.27	905.20
382.40	845.20
382.54	922.00
382.67	924.80
382.80	828.20
382.93	830.40
383.07	854.00
383.20	861.40
383.33	896.40
383.47	830.40
383.60	818.20
383.73	1007.20
383.86	897.00
384.00	854.60
384.13	855.00
384.26	899.60
384.40	923.40
384.53	861.60
384.66	915.20
384.79	890.40
384.93	857.40
385.06	851.80
385.19	874.60
385.33	985.20
385.46	895.40
385.59	834.60
385.72	885.40
385.86	809.80
385.99	856.40
386.12	847.40
386.25	827.80
386.39	913.60
386.52	934.60
386.65	866.20
386.79	846.00
386.92	842.80
387.05	951.20
387.18	824.20
387.32	829.80
387.45	908.40
387.58	876.00
387.71	843.80
387.85	837.40
387.98	887.40
388.11	905.20
388.25	877.60
388.38	864.80
388.51	909.20
388.64	919.00
388.78	847.20
388.91	819.80
389.04	868.00
389.17	987.00
389.31	871.20
389.44	895.20
389.57	936.40
389.70	908.60
389.84	852.40
389.97	844.60
390.10	851.40
390.24	906.00
390.37	859.20
390.50	842.60
390.63	946.40
390.77	885.00
390.90	879.60
391.03	866.40
391.16	831.60
391.30	856.60
391.43	858.20
391.56	862.00
391.69	850.20
391.83	930.40
391.96	885.00
392.09	862.20
392.22	970.80
392.36	902.40
392.49	846.00
392.62	874.60
392.75	904.20
392.89	951.80
393.02	854.00
393.15	848.00
393.28	827.60
393.42	970.60
393.55	824.60
393.68	853.80
393.81	807.00
393.95	867.00
394.08	853.00
394.21	856.60
394.34	924.80
394.48	910.60
394.61	917.80
394.74	888.00
394.87	932.40
395.01	905.40
395.14	907.40
395.27	846.80
395.40	982.40
395.54	978.20
395.67	876.60
395.80	866.60
395.93	919.60
396.07	870.20
396.20	861.60
396.33	817.20
396.46	862.00
396.59	882.80
396.73	877.80
396.86	847.20
396.99	944.20
397.12	903.80
397.26	891.80
397.39	875.40
397.52	1189.00
397.65	1011.60
397.79	887.80
397.92	877.60
398.05	949.80
398.18	872.60
398.32	880.60
398.45	903.60
398.58	908.20
398.71	908.80
398.84	843.00
398.98	875.20
399.11	924.40
399.24	911.20
399.37	876.80
399.51	845.80
399.64	896.20
399.77	903.20
399.90	885.60
400.03	889.60
400.17	855.20
400.30	955.00
400.43	914.00
400.56	891.00
400.70	896.60
400.83	866.80
400.96	856.80
401.09	897.80
401.23	905.60
401.36	967.20
401.49	877.60
401.62	894.00
401.75	888.40
401.89	864.60
402.02	868.40
402.15	891.60
402.28	922.40
402.41	917.60
402.55	869.60
402.68	884.60
402.81	975.00
402.94	949.20
403.08	873.20
403.21	850.80
403.34	935.80
403.47	948.00
403.60	884.20
403.74	914.40
403.87	947.00
404.00	881.00
404.13	874.20
404.26	851.60
404.40	870.20
404.53	921.40
404.66	888.40
404.79	865.40
404.93	946.40
405.06	924.40
405.19	846.20
405.32	903.80
405.45	931.20
405.59	953.40
405.72	895.60
405.85	873.00
405.98	1073.40
406.11	878.20
406.25	875.40
406.38	893.80
406.51	934.80
406.64	905.60
406.77	863.20
406.91	861.60
407.04	931.40
407.17	898.80
407.30	919.80
407.43	909.20
407.57	992.20
407.70	978.60
407.83	890.00
407.96	910.80
408.09	879.40
408.23	1011.00
408.36	903.00
408.49	895.00
408.62	1035.60
408.75	936.20
408.89	883.40
409.02	924.80
409.15	921.40
409.28	1013.40
409.41	941.60
409.55	892.40
409.68	1043.40
409.81	940.60
409.94	894.60
410.07	926.20
410.20	940.60
410.34	919.00
410.47	918.00
410.60	926.60
410.73	959.60
410.86	899.40
411.00	922.40
411.13	892.60
411.26	935.40
411.39	931.20
411.52	938.20
411.66	902.00
411.79	917.80
411.92	894.80
412.05	918.20
412.18	900.00
412.31	950.80
412.45	964.60
412.58	950.00
412.71	887.20
412.84	945.00
412.97	1018.00
413.11	927.80
413.24	941.00
413.37	976.60
413.50	1046.20
413.63	936.80
413.76	914.80
413.90	969.60
414.03	918.40
414.16	910.00
414.29	945.80
414.42	939.20
414.56	1041.80
414.69	912.60
414.82	938.00
414.95	944.00
415.08	961.40
415.21	925.80
415.35	948.80
415.48	864.00
415.61	985.00
415.74	981.80
415.87	893.00
416.00	950.60
416.14	1058.60
416.27	931.20
416.40	907.00
416.53	939.80
416.66	970.40
416.79	940.80
416.93	905.80
417.06	1004.20
417.19	948.00
417.32	926.20
417.45	915.80
417.58	891.60
417.72	996.80
417.85	919.80
417.98	931.80
418.11	985.20
418.24	927.80
418.37	923.80
418.51	938.40
418.64	959.80
418.77	1033.20
418.90	963.80
419.03	907.40
419.16	966.60
419.29	997.20
419.43	927.80
419.56	907.60
419.69	1068.00
419.82	1020.00
419.95	951.40
420.08	987.00
420.22	1024.40
420.35	1084.80
420.48	987.80
420.61	940.60
420.74	904.20
420.87	1000.00
421.00	919.20
421.14	940.40
421.27	1001.00
421.40	1037.80
421.53	972.20
421.66	956.20
421.79	961.00
421.93	969.40
422.06	956.40
422.19	932.00
422.32	1007.40
422.45	1005.80
422.58	967.00
422.71	948.80
422.85	1015.20
422.98	1016.40
423.11	912.20
423.24	907.20
423.37	935.20
423.50	948.80
423.63	968.60
423.77	931.20
423.90	938.20
424.03	992.80
424.16	993.60
424.29	957.80
424.42	921.60
424.55	939.80
424.69	930.80
424.82	963.20
424.95	984.40
425.08	940.40
425.21	980.00
425.34	952.00
425.47	980.00
425.60	996.60
425.74	926.40
425.87	960.20
426.00	971.80
426.13	986.40
426.26	940.00
426.39	939.00
426.52	972.20
426.66	1055.00
426.79	1004.60
426.92	944.60
427.05	1087.20
427.18	1039.80
427.31	965.00
427.44	973.20
427.57	950.80
427.71	989.40
427.84	940.20
427.97	971.20
428.10	1049.80
428.23	999.40
428.36	969.00
428.49	895.60
428.62	1123.20
428.76	1093.80
428.89	1000.40
429.02	937.00
429.15	985.60
429.28	1083.60
429.41	963.60
429.54	976.80
429.67	973.40
429.81	1015.20
429.94	990.60
430.07	968.40
430.20	1043.40
430.33	1067.60
430.46	962.20
430.59	957.60
430.72	998.00
430.85	942.60
430.99	982.60
431.12	961.40
431.25	1051.60
431.38	1077.60
431.51	993.80
431.64	989.60
431.77	1084.80
431.90	1083.40
432.03	1007.60
432.17	970.20
432.30	1016.60
432.43	1027.40
432.56	994.20
432.69	1012.80
432.82	1025.60
432.95	1071.80
433.08	1011.80
433.21	1000.00
433.35	992.40
433.48	1008.80
433.61	961.80
433.74	990.20
433.87	987.00
434.00	1045.40
434.13	979.20
434.26	1028.20
434.39	1038.20
434.53	1053.20
434.66	1006.60
434.79	1008.60
434.92	998.40
435.05	1088.40
435.18	991.00
435.31	1039.40
435.44	1082.80
435.57	1032.80
435.70	1010.40
435.84	979.60
435.97	1100.80
436.10	1133.60
436.23	994.00
436.36	986.40
436.49	1020.20
436.62	1043.60
436.75	1021.20
436.88	1033.60
437.01	1001.80
437.14	990.00
437.28	970.60
437.41	999.60
437.54	1096.80
437.67	1067.00
437.80	1003.20
437.93	982.00
438.06	1161.20
438.19	1094.60
438.32	990.00
438.45	1002.20
438.58	1060.00
438.72	1120.60
438.85	1065.60
438.98	1024.40
439.11	1063.40
439.24	1115.20
439.37	1100.00
439.50	1064.60
439.63	1097.60
439.76	1026.20
439.89	1008.00
440.02	1020.40
440.15	1072.60
440.29	1120.80
440.42	1051.40
440.55	1050.60
440.68	1130.20
440.81	1188.80
440.94	1063.40
441.07	1044.80
441.20	1152.00
441.33	1079.20
441.46	1035.40
441.59	1028.20
441.72	1055.80
441.85	1068.20
441.99	1089.80
442.12	1088.60
442.25	1156.00
442.38	1086.60
442.51	1074.40
442.64	1021.20
442.77	1070.20
442.90	1055.20
443.03	1014.20
443.16	1033.80
443.29	1079.80
443.42	1143.40
443.55	1048.00
443.68	1067.20
443.82	1023.40
443.95	1056.20
444.08	1052.40
444.21	1050.80
444.34	1046.40
444.47	1071.20
444.60	1068.20
444.73	1085.80
444.86	1084.60
444.99	1148.40
445.12	1098.40
445.25	1079.40
445.38	1095.80
445.51	1132.00
445.64	1087.40
445.78	1057.60
445.91	1036.40
446.04	1206.20
446.17	1126.00
446.30	1033.60
446.43	1110.00
446.56	1098.20
446.69	1058.00
446.82	1063.40
446.95	1139.60
447.08	1153.40
447.21	1099.20
447.34	1071.20
447.47	1150.80
447.60	1139.40
447.73	1097.80
447.86	1130.60
447.99	1112.80
448.13	1123.60
448.26	1141.80
448.39	1083.40
448.52	1154.40
448.65	1145.60
448.78	1093.20
448.91	1096.20
449.04	1148.40
449.17	1098.80
449.30	1126.80
449.43	1114.60
449.56	1120.40
449.69	1181.80
449.82	1105.00
449.95	1065.60
450.08	1185.80
450.21	1166.80
450.34	1120.40
450.47	1125.60
450.60	1167.00
450.73	1134.20
450.87	1105.20
451.00	1144.80
451.13	1177.00
451.26	1306.00
451.39	1121.20
451.52	1145.80
451.65	1126.40
451.78	1115.40
451.91	1107.40
452.04	1102.40
452.17	1235.20
452.30	1226.00
452.43	1126.60
452.56	1123.40
452.69	1201.60
452.82	1117.00
452.95	1189.80
453.08	1122.40
453.21	1079.20
453.34	1200.60
453.47	1124.40
453.60	1192.00
453.73	1259.20
453.86	1193.00
453.99	1172.00
454.12	1174.00
454.25	1162.40
454.38	1170.00
454.52	1126.80
454.65	1139.40
454.78	1156.60
454.91	1131.60
455.04	1142.20
455.17	1129.40
455.30	1149.00
455.43	1243.60
455.56	1161.00
455.69	1133.00
455.82	1202.60
455.95	1199.20
456.08	1136.60
456.21	1135.60
456.34	1131.40
456.47	1123.00
456.60	1174.60
456.73	1156.20
456.86	1181.60
456.99	1222.80
457.12	1162.80
457.25	1188.20
457.38	1252.40
457.51	1245.00
457.64	1208.00
457.77	1170.60
457.90	1198.40
458.03	1182.40
458.16	1193.80
458.29	1197.40
458.42	1201.80
458.55	1163.60
458.68	1182.80
458.81	1199.40
458.94	1281.40
459.07	1334.60
459.20	1177.20
459.33	1187.60
459.46	1290.40
459.59	1334.60
459.72	1297.00
459.85	1212.80
459.98	1311.60
460.11	1267.00
460.24	1235.20
460.37	1199.40
460.50	1285.60
460.63	1265.40
460.76	1224.00
460.89	1249.80
461.02	1289.40
461.15	1290.20
461.28	1252.00
461.41	1237.80
461.54	1342.80
461.67	1226.20
461.80	1258.40
461.93	1297.80
462.06	1308.20
462.19	1337.20
462.32	1255.00
462.45	1238.20
462.58	1302.20
462.71	1267.40
462.84	1265.20
462.97	1214.00
463.10	1274.80
463.23	1311.20
463.36	1303.80
463.49	1294.80
463.62	1242.00
463.75	1319.40
463.88	1277.00
464.01	1296.80
464.14	1264.20
464.27	1407.40
464.40	1302.60
464.53	1289.60
464.66	1348.80
464.79	1336.40
464.92	1320.60
465.05	1278.60
465.18	1324.60
465.31	1339.40
465.44	1317.40
465.57	1293.60
465.70	1314.40
465.83	1458.00
465.96	1352.80
466.09	1324.80
466.22	1413.60
466.35	1388.40
466.48	1313.80
466.61	1330.60
466.74	1354.80
466.87	1413.40
467.00	1398.80
467.13	1384.00
467.26	1418.20
467.39	1330.80
467.52	1335.80
467.65	1363.60
467.78	1462.20
467.91	1389.00
468.04	1387.80
468.17	1367.20
468.30	1381.20
468.43	1355.00
468.56	1376.20
468.69	1413.80
468.82	1435.60
468.95	1377.20
469.08	1401.00
469.21	1418.20
469.34	1472.20
469.47	1535.40
469.60	1506.40
469.73	1441.00
469.86	1460.60
469.99	1499.80
470.11	1421.80
470.24	1435.00
470.37	1492.60
470.50	1456.20
470.63	1435.80
470.76	1456.80
470.89	1521.40
471.02	1590.60
471.15	1456.80
471.28	1462.40
471.41	1596.20
471.54	1530.40
471.67	1483.00
471.80	1440.00
471.93	1575.20
472.06	1534.80
472.19	1499.60
472.32	1488.80
472.45	1646.60
472.58	1590.00
472.71	1555.80
472.84	1518.20
472.97	1511.00
473.10	1492.00
473.23	1588.40
473.36	1513.20
473.49	1629.00
473.62	1616.40
473.74	1589.40
473.87	1606.00
474.00	1555.80
474.13	1557.40
474.26	1605.20
474.39	1631.20
474.52	1605.00
474.65	1603.00
474.78	1617.00
474.91	1564.40
475.04	1662.20
475.17	1761.40
475.30	1660.00
475.43	1646.00
475.56	1700.80
475.69	1651.40
475.82	1693.80
475.95	1616.80
476.08	1744.60
476.21	1673.60
476.34	1703.60
476.46	1711.20
476.59	1757.20
476.72	1683.40
476.85	1684.00
476.98	1666.80
477.11	1778.40
477.24	1725.40
477.37	1660.40
477.50	1705.40
477.63	1734.40
477.76	1715.40
477.89	1682.00
478.02	1701.60
478.15	1749.00
478.28	1744.00
478.41	1776.40
478.54	1742.60
478.66	1844.00
478.79	1777.20
478.92	1781.00
479.05	1789.40
479.18	1804.40
479.31	1777.40
479.44	1778.20
479.57	1778.60
479.70	1803.40
479.83	1836.20
479.96	1815.80
480.09	1860.40
480.22	1984.20
480.35	1985.20
480.48	1898.80
480.60	1869.40
480.73	1852.80
480.86	1905.00
480.99	1876.00
481.12	1889.20
481.25	1905.00
481.38	1975.60
481.51	1891.00
481.64	1903.40
481.77	1958.20
481.90	1917.20
482.03	1922.00
482.16	1916.80
482.29	2012.20
482.41	1961.00
482.54	1991.20
482.67	1933.00
482.80	1972.40
482.93	2023.80
483.06	1951.00
483.19	2035.80
483.32	2029.60
483.45	1996.60
483.58	2007.00
483.71	2029.00
483.84	2052.60
483.97	2054.20
484.09	2026.80
484.22	2021.60
484.35	2019.40
484.48	1997.20
484.61	2027.60
484.74	2058.20
484.87	2089.00
485.00	2040.00
485.13	2082.40
485.26	2062.40
485.39	2131.00
485.52	2091.60
485.64	2161.20
485.77	2129.60
485.90	2187.20
486.03	2083.40
486.16	2129.00
486.29	2097.80
486.42	2129.40
486.55	2168.60
486.68	2129.40
486.81	2179.60
486.94	2175.00
487.06	2158.20
487.19	2201.00
487.32	2191.80
487.45	2184.80
487.58	2170.80
487.71	2203.40
487.84	2150.40
487.97	2222.40
488.10	2269.00
488.23	2194.40
488.35	2168.80
488.48	2209.20
488.61	2191.60
488.74	2216.00
488.87	2230.00
489.00	2259.60
489.13	2350.20
489.26	2296.60
489.39	2291.80
489.52	2320.40
489.64	2325.40
489.77	2310.80
489.90	2289.40
490.03	2291.80
490.16	2297.00
490.29	2290.20
490.42	2283.60
490.55	2340.80
490.68	2309.60
490.81	2297.40
490.93	2290.80
491.06	2396.80
491.19	2381.20
491.32	2371.00
491.45	2384.80
491.58	2330.60
491.71	2382.20
491.84	2366.00
491.97	2354.20
492.09	2448.80
492.22	2422.20
492.35	2398.60
492.48	2431.40
492.61	2417.80
492.74	2412.60
492.87	2424.80
493.00	2418.80
493.12	2413.60
493.25	2444.20
493.38	2434.20
493.51	2415.80
493.64	2409.00
493.77	2456.40
493.90	2484.60
494.03	2496.60
494.16	2556.80
494.28	2550.00
494.41	2478.00
494.54	2498.80
494.67	2624.00
494.80	2570.80
494.93	2510.60
495.06	2519.00
495.19	2563.60
495.31	2535.80
495.44	2517.00
495.57	2495.20
495.70	2561.40
495.83	2548.20
495.96	2516.20
496.09	2573.20
496.22	2646.80
496.34	2678.60
496.47	2558.00
496.60	2602.20
496.73	2649.60
496.86	2650.60
496.99	2563.60
497.12	2590.40
497.24	2562.20
497.37	2649.20
497.50	2617.60
497.63	2599.80
497.76	2642.20
497.89	2711.40
498.02	2659.80
498.15	2570.80
498.27	2670.40
498.40	2729.40
498.53	2720.00
498.66	2689.40
498.79	2727.80
498.92	2636.60
499.05	2686.00
499.17	2693.60
499.30	2733.80
499.43	2803.40
499.56	2728.20
499.69	2661.20
499.82	2744.60
499.95	2715.60
500.07	2693.20
500.20	2712.40
500.33	2771.80
500.46	2897.40
500.59	2773.00
500.72	2766.60
500.85	2816.20
500.97	2832.80
501.10	2804.80
501.23	2737.60
501.36	2784.80
501.49	2873.20
501.62	2838.80
501.75	2788.60
501.87	2854.40
502.00	2755.80
502.13	2845.40
502.26	2830.20
502.39	2775.80
502.52	2812.00
502.64	2787.40
502.77	2804.00
502.90	2883.80
503.03	2858.40
503.16	2830.20
503.29	2830.00
503.42	2939.20
503.54	2880.20
503.67	2890.00
503.80	2894.80
503.93	2954.00
504.06	2869.00
504.19	2884.80
504.31	2950.40
504.44	2931.80
504.57	2958.00
504.70	2934.60
504.83	2904.00
504.96	2963.40
505.08	2948.20
505.21	2948.60
505.34	3047.40
505.47	3012.80
505.60	2987.80
505.73	3036.00
505.85	3010.60
505.98	3109.20
506.11	3007.60
506.24	2952.20
506.37	2981.60
506.50	2996.40
506.62	3073.00
506.75	3001.00
506.88	3003.40
507.01	3036.00
507.14	2976.40
507.27	3036.40
507.39	3013.40
507.52	3049.60
507.65	3027.60
507.78	3065.20
507.91	3020.20
508.04	3114.20
508.16	3110.00
508.29	3077.60
508.42	3060.20
508.55	3044.00
508.68	3055.80
508.81	3148.40
508.93	3060.60
509.06	3091.40
509.19	3176.80
509.32	3151.80
509.45	3128.40
509.57	3128.80
509.70	3115.80
509.83	3132.60
509.96	3097.00
510.09	3155.00
510.22	3157.60
510.34	3172.80
510.47	3146.20
510.60	3286.00
510.73	3201.20
510.86	3211.80
510.98	3179.40
511.11	3185.40
511.24	3259.20
511.37	3221.00
511.50	3192.60
511.63	3221.60
511.75	3235.60
511.88	3212.40
512.01	3241.60
512.14	3245.80
512.27	3236.60
512.39	3262.00
512.52	3232.20
512.65	3271.20
512.78	3232.20
512.91	3270.80
513.03	3259.40
513.16	3315.00
513.29	3292.60
513.42	3278.80
513.55	3227.80
513.67	3328.40
513.80	3265.60
513.93	3295.60
514.06	3289.40
514.19	3333.60
514.31	3336.00
514.44	3358.20
514.57	3323.60
514.70	3349.40
514.83	3407.00
514.95	3328.40
515.08	3359.40
515.21	3394.40
515.34	3386.80
515.47	3376.60
515.59	3345.20
515.72	3397.20
515.85	3404.00
515.98	3465.20
516.11	3405.40
516.23	3458.40
516.36	3484.80
516.49	3433.40
516.62	3418.20
516.75	3482.20
516.87	3495.60
517.00	3397.40
517.13	3466.00
517.26	3525.20
517.39	3483.40
517.51	3400.20
517.64	3477.40
517.77	3554.80
517.90	3464.60
518.02	3482.60
518.15	3446.40
518.28	3412.60
518.41	3491.20
518.54	3481.00
518.66	3508.80
518.79	3489.60
518.92	3473.40
519.05	3496.80
519.18	3503.00
519.30	3570.80
519.43	3492.80
519.56	3518.60
519.69	3550.60
519.81	3586.00
519.94	3554.80
520.07	3485.80
520.20	3527.60
520.33	3585.80
520.45	3623.40
520.58	3580.40
520.71	3600.80
520.84	3627.20
520.96	3611.80
521.09	3599.60
521.22	3568.00
521.35	3655.40
521.48	3671.00
521.60	3601.80
521.73	3632.60
521.86	3696.40
521.99	3730.60
522.11	3638.80
522.24	3636.20
522.37	3682.40
522.50	3667.00
522.62	3731.20
522.75	3610.60
522.88	3699.00
523.01	3652.80
523.14	3695.40
523.26	3686.80
523.39	3737.40
523.52	3664.80
523.65	3791.00
523.77	3702.80
523.90	3717.60
524.03	3689.00
524.16	3683.00
524.28	3692.00
524.41	3722.20
524.54	3728.60
524.67	3671.40
524.79	3721.00
524.92	3775.40
525.05	3822.80
525.18	3722.60
525.31	3785.60
525.43	3713.80
525.56	3875.00
525.69	3749.20
525.82	3701.60
525.94	3828.20
526.07	3840.20
526.20	3804.80
526.33	3803.60
526.45	3921.80
526.58	3895.00
526.71	3804.00
526.84	3792.00
526.96	3812.60
527.09	3777.80
527.22	3795.60
527.35	3803.80
527.47	3790.00
527.60	3899.80
527.73	3806.00
527.86	3857.00
527.98	3859.00
528.11	3881.20
528.24	3827.20
528.37	3828.20
528.49	3803.20
528.62	3866.60
528.75	3889.60
528.88	3839.00
529.00	3911.00
529.13	3950.20
529.26	3888.60
529.39	3923.00
529.51	4044.20
529.64	3985.40
529.77	3885.60
529.90	3879.20
530.02	3893.00
530.15	3892.00
530.28	3848.80
530.40	3887.60
530.53	3924.80
530.66	3962.20
530.79	3933.60
530.91	3950.00
531.04	3918.40
531.17	3953.00
531.30	3945.40
531.42	3971.80
531.55	4002.60
531.68	4059.20
531.81	3945.60
531.93	3956.00
532.06	4001.80
532.19	3940.20
532.31	3959.40
532.44	3994.40
532.57	4049.80
532.70	3971.00
532.82	4007.80
532.95	4029.60
533.08	4066.20
533.21	4066.00
533.33	3981.60
533.46	3983.80
533.59	4033.80
533.71	4140.00
533.84	4028.00
533.97	4004.60
534.10	4029.80
534.22	4042.20
534.35	4058.40
534.48	4056.20
534.61	4121.00
534.73	4021.00
534.86	4069.20
534.99	4100.60
535.11	4137.00
535.24	4114.20
535.37	4088.40
535.50	4059.20
535.62	4066.20
535.75	4167.80
535.88	4109.20
536.00	4094.80
536.13	4106.40
536.26	4135.40
536.39	4124.60
536.51	4087.60
536.64	4186.00
536.77	4121.60
536.89	4146.60
537.02	4160.00
537.15	4184.00
537.28	4133.80
537.40	4163.40
537.53	4136.40
537.66	4202.80
537.78	4175.00
537.91	4146.80
538.04	4148.40
538.17	4230.20
538.29	4220.20
538.42	4281.80
538.55	4277.80
538.67	4265.40
538.80	4198.20
538.93	4252.20
539.05	4223.60
539.18	4312.00
539.31	4269.40
539.44	4261.00
539.56	4194.40
539.69	4240.20
539.82	4214.20
539.94	4248.80
540.07	4238.80
540.20	4331.80
540.32	4227.20
540.45	4293.60
540.58	4262.40
540.71	4345.80
540.83	4222.00
540.96	4285.80
541.09	4278.80
541.21	4390.80
541.34	4337.60
541.47	4271.20
541.59	4327.60
541.72	4383.40
541.85	4469.00
541.98	4379.20
542.10	4312.00
542.23	4364.00
542.36	4464.60
542.48	4349.60
542.61	4347.80
542.74	4297.40
542.86	4348.00
542.99	4337.60
543.12	4336.20
543.24	4360.00
543.37	4314.40
543.50	4380.00
543.62	4354.80
543.75	4379.40
543.88	4373.40
544.01	4389.00
544.13	4404.80
544.26	4429.60
544.39	4382.80
544.51	4398.80
544.64	4378.20
544.77	4422.80
544.89	4384.20
545.02	4423.80
545.15	4425.00
545.27	4510.20
545.40	4528.40
545.53	4490.20
545.65	4464.00
545.78	4382.60
545.91	4402.80
546.03	4450.40
546.16	4444.20
546.29	4460.40
546.41	4448.20
546.54	4459.40
546.67	4450.60
546.79	4518.40
546.92	4565.40
547.05	4451.20
547.17	4513.80
547.30	4475.80
547.43	4525.60
547.56	4452.40
547.68	4470.40
547.81	4458.40
547.94	4519.60
548.06	4499.60
548.19	4491.20
548.32	4604.80
548.44	4521.00
548.57	4523.60
548.70	4570.00
548.82	4585.40
548.95	4575.60
549.08	4558.80
549.20	4547.40
549.33	4632.40
549.45	4586.60
549.58	4555.80
549.71	4505.00
549.83	4605.00
549.96	4508.60
550.09	4557.60
550.21	4571.00
550.34	4587.60
550.47	4559.00
550.59	4577.00
550.72	4498.80
550.85	4617.20
550.97	4693.00
551.10	4569.20
551.23	4603.00
551.35	4694.20
551.48	4648.00
551.61	4613.20
551.73	4638.20
551.86	4731.80
551.99	4719.60
552.11	4670.40
552.24	4673.40
552.37	4662.80
552.49	4637.80
552.62	4658.20
552.75	4716.20
552.87	4651.40
553.00	4653.00
553.12	4698.00
553.25	4672.00
553.38	4721.80
553.50	4767.20
553.63	4690.00
553.76	4666.40
553.88	4742.80
554.01	4729.20
554.14	4700.40
554.26	4741.00
554.39	4833.20
554.52	4730.80
554.64	4727.00
554.77	4749.60
554.89	4795.40
555.02	4826.40
555.15	4787.40
555.27	4767.20
555.40	4775.60
555.53	4850.80
555.65	4768.00
555.78	4749.40
555.91	4816.80
556.03	4917.60
556.16	4777.80
556.29	4807.20
556.41	4890.60
556.54	4892.60
556.66	4826.60
556.79	4805.60
556.92	4845.60
557.04	4876.20
557.17	4821.60
557.30	4814.40
557.42	4850.80
557.55	4840.20
557.67	4864.40
557.80	4853.40
557.93	4881.00
558.05	4889.20
558.18	4862.00
558.31	4874.40
558.43	4956.60
558.56	4928.20
558.68	4905.00
558.81	4859.60
558.94	4912.20
559.06	5030.00
559.19	4917.60
559.32	4913.80
559.44	4876.00
559.57	4930.60
559.69	4915.60
559.82	4947.00
559.95	4939.80
560.07	4925.80
560.20	4884.00
560.33	4957.00
560.45	4970.80
560.58	4945.60
560.70	5018.20
560.83	4958.80
560.96	4985.40
561.08	4990.80
561.21	5001.60
561.33	4969.20
561.46	4926.40
561.59	5056.40
561.71	4994.20
561.84	5028.60
561.97	5033.00
562.09	5094.60
562.22	5014.80
562.34	4986.40
562.47	5068.80
562.60	5101.80
562.72	5056.60
562.85	5046.40
562.97	5082.20
563.10	5051.80
563.23	5057.00
563.35	5026.80
563.48	5086.40
563.60	5097.60
563.73	5104.40
563.86	5063.60
563.98	5077.60
564.11	5095.00
564.23	5102.00
564.36	5183.60
564.49	5111.20
564.61	5174.00
564.74	5136.80
564.86	5102.40
564.99	5218.40
565.12	5197.00
565.24	5212.80
565.37	5203.00
565.49	5207.00
565.62	5220.40
565.75	5177.80
565.87	5132.20
566.00	5321.80
566.12	5216.60
566.25	5154.80
566.38	5200.80
566.50	5195.00
566.63	5221.00
566.75	5200.60
566.88	5169.20
567.01	5151.60
567.13	5169.80
567.26	5206.20
567.38	5180.40
567.51	5254.00
567.64	5189.20
567.76	5239.20
567.89	5199.40
568.01	5187.20
568.14	5175.20
568.26	5209.40
568.39	5222.00
568.52	5243.00
568.64	5308.40
568.77	5221.40
568.89	5209.80
569.02	5242.00
569.15	5233.00
569.27	5233.60
569.40	5274.80
569.52	5269.80
569.65	5227.00
569.77	5239.40
569.90	5208.80
570.03	5196.80
570.15	5296.80
570.28	5263.80
570.40	5256.20
570.53	5236.80
570.66	5325.40
570.78	5300.40
570.91	5264.60
571.03	5242.80
571.16	5299.60
571.28	5209.40
571.41	5214.40
571.54	5243.80
571.66	5198.00
571.79	5261.40
571.91	5254.40
572.04	5248.20
572.16	5288.60
572.29	5330.40
572.42	5273.80
572.54	5312.00
572.67	5263.40
572.79	5320.40
572.92	5284.60
573.04	5335.80
573.17	5347.80
573.29	5303.80
573.42	5293.20
573.55	5360.00
573.67	5318.20
573.80	5310.20
573.92	5286.00
574.05	5289.40
574.17	5388.80
574.30	5326.40
574.43	5301.60
574.55	5300.80
574.68	5345.80
574.80	5297.80
574.93	5309.60
575.05	5319.60
575.18	5304.60
575.30	5327.00
575.43	5360.80
575.56	5378.00
575.68	5357.40
575.81	5324.80
575.93	5279.80
576.06	5352.00
576.18	5385.80
576.31	5342.40
576.43	5314.00
576.56	5435.40
576.69	5360.80
576.81	5362.60
576.94	5346.60
577.06	5371.80
577.19	5395.20
577.31	5366.60
577.44	5372.00
577.56	5418.80
577.69	5353.60
577.82	5387.00
577.94	5355.60
578.07	5313.00
578.19	5395.20
578.32	5404.40
578.44	5355.00
578.57	5336.80
578.69	5408.00
578.82	5370.80
578.94	5397.80
579.07	5435.80
579.19	5431.40
579.32	5381.00
579.45	5371.80
579.57	5381.20
579.70	5377.60
579.82	5399.60
579.95	5376.00
580.07	5446.60
580.20	5369.00
580.32	5408.40
580.45	5413.20
580.57	5417.20
580.70	5402.80
580.82	5416.80
580.95	5454.60
581.08	5369.40
581.20	5474.60
581.33	5386.20
581.45	5410.40
581.58	5402.00
581.70	5440.80
581.83	5313.80
581.95	5413.40
582.08	5450.60
582.20	5430.00
582.33	5401.80
582.45	5380.60
582.58	5406.40
582.70	5417.00
582.83	5400.20
582.95	5377.40
583.08	5458.60
583.21	5447.60
583.33	5415.00
583.46	5419.40
583.58	5376.40
583.71	5447.40
583.83	5446.20
583.96	5412.00
584.08	5476.60
584.21	5473.60
584.33	5440.00
584.46	5390.00
584.58	5359.80
584.71	5463.60
584.83	5483.80
584.96	5415.40
585.08	5407.20
585.21	5500.00
585.33	5519.00
585.46	5473.60
585.58	5497.40
585.71	5425.60
585.83	5429.60
585.96	5466.60
586.08	5478.60
586.21	5476.80
586.33	5487.60
586.46	5411.80
586.59	5513.40
586.71	5412.20
586.84	5473.20
586.96	5432.00
587.09	5377.40
587.21	5408.60
587.34	5507.60
587.46	5418.00
587.59	5401.80
587.71	5446.20
587.84	5422.20
587.96	5408.20
588.09	5395.80
588.21	5469.00
588.34	5452.60
588.46	5462.80
588.59	5443.80
588.71	5479.80
588.84	5447.20
588.96	5452.40
589.09	5539.20
589.21	5484.60
589.34	5436.80
589.46	5476.60
589.59	5469.00
589.71	5532.60
589.84	5425.80
589.96	5453.40
590.09	5475.80
590.21	5513.60
590.34	5475.20
590.46	5474.00
590.59	5424.40
590.71	5482.00
590.84	5523.60
590.96	5478.40
591.09	5530.40
591.21	5504.80
591.34	5478.80
591.46	5441.40
591.59	5570.40
591.71	5539.60
591.83	5487.20
591.96	5435.60
592.08	5502.80
592.21	5540.60
592.33	5508.20
592.46	5487.20
592.58	5487.80
592.71	5558.60
592.83	5571.40
592.96	5536.60
593.08	5561.60
593.21	5472.00
593.33	5459.60
593.46	5501.80
593.58	5480.00
593.71	5513.80
593.83	5514.20
593.96	5466.40
594.08	5624.00
594.21	5549.60
594.33	5481.00
594.46	5492.40
594.58	5461.00
594.71	5435.00
594.83	5496.80
594.96	5487.00
595.08	5661.00
595.20	5566.00
595.33	5527.60
595.45	5483.00
595.58	5638.40
595.70	5550.60
595.83	5502.20
595.95	5530.00
596.08	5526.40
596.20	5483.00
596.33	5472.20
596.45	5509.00
596.58	5506.80
596.70	5510.60
596.83	5517.20
596.95	5511.00
597.08	5526.40
597.20	5490.00
597.32	5527.20
597.45	5560.00
597.57	5543.80
597.70	5563.80
597.82	5551.20
597.95	5552.40
598.07	5514.40
598.20	5546.40
598.32	5522.40
598.45	5533.40
598.57	5605.40
598.70	5608.80
598.82	5547.40
598.94	5501.20
599.07	5601.00
599.19	5571.20
599.32	5516.00
599.44	5425.80
599.57	5581.60
599.69	5529.40
599.82	5555.40
599.94	5492.80
600.07	5589.00
600.19	5571.60
600.31	5530.80
600.44	5584.60
600.56	5634.00
600.69	5624.40
600.81	5531.80
600.94	5535.80
601.06	5546.00
601.19	5565.40
601.31	5592.40
601.44	5510.80
601.56	5626.20
601.68	5585.60
601.81	5579.60
601.93	5564.00
602.06	5607.20
602.18	5509.00
602.31	5534.60
602.43	5644.80
602.56	5599.60
602.68	5575.20
602.80	5565.20
602.93	5558.00
603.05	5529.60
603.18	5581.00
603.30	5537.00
603.43	5526.80
603.55	5566.20
603.68	5612.40
603.80	5561.00
603.92	5561.40
604.05	5581.00
604.17	5555.00
604.30	5547.20
604.42	5540.20
604.55	5565.80
604.67	5603.20
604.79	5552.00
604.92	5546.00
605.04	5585.20
605.17	5545.80
605.29	5544.60
605.42	5554.00
605.54	5652.60
605.66	5586.20
605.79	5606.00
605.91	5570.60
606.04	5580.60
606.16	5523.20
606.29	5563.80
606.41	5539.20
606.53	5555.80
606.66	5532.60
606.78	5535.40
606.91	5512.00
607.03	5537.00
607.16	5537.00
607.28	5561.40
607.40	5582.80
607.53	5603.00
607.65	5549.20
607.78	5534.80
607.90	5579.00
608.03	5694.60
608.15	5595.60
608.27	5602.80
608.40	5546.40
608.52	5592.40
608.65	5592.20
608.77	5603.40
608.89	5567.60
609.02	5686.80
609.14	5679.20
609.27	5596.00
609.39	5633.80
609.52	5563.40
609.64	5510.00
609.76	5584.00
609.89	5579.20
610.01	5641.60
610.14	5614.60
610.26	5586.40
610.38	5547.00
610.51	5646.20
610.63	5575.40
610.76	5549.80
610.88	5590.20
611.01	5647.80
611.13	5695.80
611.25	5646.00
611.38	5573.00
611.50	5613.20
611.63	5632.20
611.75	5605.00
611.87	5634.00
612.00	5603.60
612.12	5664.80
612.25	5607.40
612.37	5575.00
612.49	5655.80
612.62	5595.40
612.74	5659.00
612.87	5583.80
612.99	5608.40
613.11	5543.20
613.24	5561.00
613.36	5575.80
613.49	5610.80
613.61	5603.80
613.73	5582.80
613.86	5608.40
613.98	5576.40
614.11	5643.00
614.23	5646.80
614.35	5636.40
614.48	5665.00
614.60	5609.60
614.72	5578.40
614.85	5607.80
614.97	5609.00
615.10	5633.40
615.22	5593.60
615.34	5616.20
615.47	5669.00
615.59	5613.20
615.72	5602.40
615.84	5620.00
615.96	5590.00
616.09	5714.20
616.21	5610.40
616.34	5582.00
616.46	5614.60
616.58	5618.20
616.71	5612.80
616.83	5631.60
616.95	5645.20
617.08	5642.80
617.20	5587.20
617.33	5565.00
617.45	5590.80
617.57	5633.80
617.70	5608.20
617.82	5585.40
617.95	5625.80
618.07	5679.20
618.19	5611.20
618.32	5612.80
618.44	5585.20
618.56	5551.80
618.69	5547.80
618.81	5517.20
618.94	5640.60
619.06	5576.60
619.18	5597.00
619.31	5530.20
619.43	5584.80
619.55	5631.80
619.68	5607.00
619.80	5570.40
619.92	5611.20
620.05	5745.20
620.17	5651.40
620.30	5564.60
620.42	5618.80
620.54	5644.60
620.67	5595.60
620.79	5607.40
620.91	5618.00
621.04	5664.40
621.16	5573.20
621.29	5584.80
621.41	5526.20
621.53	5587.00
621.66	5596.00
621.78	5565.80
621.90	5657.40
622.03	5687.40
622.15	5588.20
622.27	5582.40
622.40	5599.80
622.52	5564.60
622.64	5558.60
622.77	5508.00
622.89	5611.40
623.02	5619.40
623.14	5592.00
623.26	5622.80
623.39	5603.40
623.51	5653.40
623.63	5558.60
623.76	5539.60
623.88	5665.40
624.00	5586.60
624.13	5504.00
624.25	5558.80
624.37	5542.20
624.50	5603.20
624.62	5607.00
624.75	5547.60
624.87	5531.80
624.99	5607.40
625.12	5549.00
625.24	5548.60
625.36	5666.80
625.49	5582.20
625.61	5571.80
625.73	5585.80
625.86	5623.40
625.98	5551.80
626.10	5525.20
626.23	5500.20
626.35	5565.20
626.47	5536.80
626.60	5526.20
626.72	5518.20
626.84	5550.20
626.97	5589.20
627.09	5559.80
627.21	5552.40
627.34	5650.00
627.46	5656.40
627.58	5547.00
627.71	5549.40
627.83	5605.40
627.95	5501.40
628.08	5579.20
628.20	5564.80
628.32	5513.80
628.45	5460.40
628.57	5491.40
628.69	5505.00
628.82	5566.00
628.94	5579.60
629.06	5509.00
629.19	5519.40
629.31	5565.60
629.43	5498.60
629.56	5561.40
629.68	5509.00
629.80	5571.80
629.93	5518.40
630.05	5500.80
630.17	5470.00
630.30	5536.00
630.42	5486.00
630.54	5523.40
630.67	5542.40
630.79	5504.00
630.91	5666.40
631.04	5545.20
631.16	5567.40
631.28	5547.20
631.41	5492.40
631.53	5490.60
631.65	5490.40
631.78	5536.00
631.90	5516.20
632.02	5510.80
632.14	5397.60
632.27	5581.20
632.39	5510.80
632.51	5477.40
632.64	5536.60
632.76	5494.00
632.88	5484.60
633.01	5510.40
633.13	5466.40
633.25	5514.40
633.38	5616.00
633.50	5426.00
633.62	5421.60
633.75	5437.20
633.87	5423.80
633.99	5484.80
634.11	5428.80
634.24	5495.40
634.36	5493.40
634.48	5478.60
634.61	5452.40
634.73	5520.00
634.85	5451.60
634.98	5469.60
635.10	5452.20
635.22	5485.60
635.35	5585.00
635.47	5498.40
635.59	5472.20
635.71	5491.00
635.84	5515.20
635.96	5468.00
636.08	5513.60
636.21	5438.20
636.33	5492.60
636.45	5472.60
636.58	5428.60
636.70	5434.40
636.82	5512.00
636.94	5448.20
637.07	5396.20
637.19	5508.60
637.31	5487.80
637.44	5493.00
637.56	5418.20
637.68	5481.80
637.81	5457.40
637.93	5467.80
638.05	5420.00
638.17	5505.60
638.30	5575.60
638.42	5443.00
638.54	5419.00
638.67	5458.80
638.79	5471.40
638.91	5413.60
639.03	5402.80
639.16	5442.00
639.28	5433.60
639.40	5441.40
639.53	5438.20
639.65	5482.40
639.77	5436.00
639.89	5446.40
640.02	5441.60
640.14	5460.40
640.26	5395.40
640.39	5443.00
640.51	5391.00
640.63	5433.60
640.75	5480.00
640.88	5444.40
641.00	5389.60
641.12	5418.40
641.24	5493.80
641.37	5392.00
641.49	5365.60
641.61	5532.40
641.74	5388.60
641.86	5427.80
641.98	5369.00
642.10	5436.40
642.23	5437.80
642.35	5368.40
642.47	5411.80
642.60	5418.80
642.72	5450.80
642.84	5358.40
642.96	5354.00
643.09	5369.40
643.21	5398.20
643.33	5344.40
643.45	5369.80
643.58	5449.80
643.70	5471.80
643.82	5394.60
643.94	5382.60
644.07	5417.80
644.19	5408.00
644.31	5429.80
644.44	5416.40
644.56	5364.20
644.68	5359.60
644.80	5363.40
644.93	5356.40
645.05	5375.80
645.17	5408.00
645.29	5405.00
645.42	5368.80
645.54	5373.60
645.66	5417.60
645.78	5377.80
645.91	5336.60
646.03	5382.40
646.15	5450.40
646.27	5345.60
646.40	5372.20
646.52	5399.00
646.64	5411.00
646.76	5370.20
646.89	5326.40
647.01	5403.80
647.13	5401.80
647.25	5424.60
647.38	5354.00
647.50	5378.20
647.62	5422.80
647.74	5330.80
647.87	5317.60
647.99	5409.60
648.11	5416.60
648.23	5353.00
648.36	5301.20
648.48	5405.80
648.60	5386.60
648.72	5346.80
648.85	5294.60
648.97	5397.20
649.09	5342.00
649.21	5334.80
649.34	5363.40
649.46	5422.20
649.58	5376.20
649.70	5350.40
649.83	5329.00
649.95	5385.40
650.07	5389.20
650.19	5371.20
650.32	5351.80
650.44	5410.40
650.56	5374.20
650.68	5356.40
650.81	5346.20
650.93	5328.40
651.05	5400.60
651.17	5312.60
651.29	5353.00
651.42	5307.20
651.54	5342.40
651.66	5312.40
651.78	5301.80
651.91	5362.60
652.03	5462.80
652.15	5353.80
652.27	5305.80
652.40	5346.40
652.52	5313.80
652.64	5323.60
652.76	5327.80
652.88	5437.40
653.01	5325.40
653.13	5292.20
653.25	5250.60
653.37	5364.80
653.50	5367.80
653.62	5364.80
653.74	5270.00
653.86	5357.20
653.98	5351.00
654.11	5288.00
654.23	5281.40
654.35	5281.40
654.47	5412.80
654.60	5294.40
654.72	5279.00
654.84	5278.60
654.96	5351.60
655.08	5277.00
655.21	5323.40
655.33	5288.80
655.45	5363.20
655.57	5309.20
655.70	5277.80
655.82	5348.80
655.94	5350.60
656.06	5341.60
656.18	5236.40
656.31	5348.20
656.43	5316.00
656.55	5230.80
656.67	5274.40
656.79	5291.40
656.92	5339.80
657.04	5286.80
657.16	5240.40
657.28	5382.40
657.40	5255.60
657.53	5301.40
657.65	5246.00
657.77	5311.40
657.89	5318.80
658.01	5250.00
658.14	5237.00
658.26	5278.00
658.38	5265.80
658.50	5220.20
658.62	5204.40
658.75	5376.40
658.87	5261.60
658.99	5267.40
659.11	5207.40
659.23	5304.00
659.36	5353.80
659.48	5301.00
659.60	5261.20
659.72	5256.60
659.84	5234.00
659.97	5262.60
660.09	5242.60
660.21	5347.60
660.33	5259.20
660.45	5186.40
660.58	5137.40
660.70	5179.80
660.82	5225.60
660.94	5143.00
661.06	5229.20
661.19	5264.60
661.31	5245.20
661.43	5194.20
661.55	5192.80
661.67	5236.20
661.80	5259.80
661.92	5171.00
662.04	5196.00
662.16	5200.80
662.28	5237.60
662.40	5208.80
662.53	5196.80
662.65	5219.20
662.77	5152.60
662.89	5186.20
663.01	5160.60
663.14	5140.00
663.26	5193.80
663.38	5162.20
663.50	5110.00
663.62	5160.00
663.74	5161.40
663.87	5132.00
663.99	5162.40
664.11	5219.20
664.23	5284.80
664.35	5113.60
664.48	5118.40
664.60	5123.80
664.72	5123.80
664.84	5115.00
664.96	5088.40
665.08	5210.40
665.21	5142.00
665.33	5163.80
665.45	5077.20
665.57	5138.00
665.69	5193.00
665.81	5138.20
665.94	5081.80
666.06	5100.60
666.18	5133.60
666.30	5100.80
666.42	5057.00
666.54	5129.40
666.67	5133.40
666.79	5086.80
666.91	5137.60
667.03	5107.60
667.15	5051.20
667.27	5096.80
667.40	5046.00
667.52	5070.40
667.64	5118.40
667.76	5047.00
667.88	5028.20
668.00	5101.60
668.13	5078.40
668.25	5025.00
668.37	5028.40
668.49	5038.60
668.61	5119.40
668.73	5047.80
668.85	5063.00
668.98	5086.40
669.10	5066.00
669.22	5017.80
669.34	5023.80
669.46	5103.00
669.58	5008.60
669.71	5060.80
669.83	5026.40
669.95	5022.00
670.07	5049.40
670.19	4995.40
670.31	5031.80
670.43	4991.80
670.56	5073.00
670.68	5070.80
670.80	5059.00
670.92	5025.80
671.04	5100.80
671.16	5030.20
671.28	4988.80
671.41	4996.20
671.53	5069.20
671.65	5010.00
671.77	4997.80
671.89	5152.80
672.01	5091.60
672.13	5065.20
672.26	4968.80
672.38	5015.20
672.50	4994.60
672.62	4978.40
672.74	5013.40
672.86	4987.60
672.98	5040.40
673.11	4978.80
673.23	5007.40
673.35	5063.40
673.47	4989.60
673.59	4966.20
673.71	4934.00
673.83	5020.60
673.96	5118.60
674.08	4987.60
674.20	4937.80
674.32	4982.40
674.44	4978.20
674.56	4997.40
674.68	4976.60
674.80	5040.80
674.93	4966.60
675.05	4975.40
675.17	4941.80
675.29	5008.80
675.41	5021.20
675.53	4959.40
675.65	4952.60
675.77	4961.00
675.90	4996.60
676.02	4914.20
676.14	4918.40
676.26	5044.00
676.38	5054.60
676.50	4965.20
676.62	4987.00
676.74	4938.00
676.87	4919.00
676.99	4953.40
677.11	4963.80
677.23	4955.20
677.35	4956.00
677.47	4920.00
677.59	4922.20
677.71	4943.00
677.83	4990.00
677.96	4940.60
678.08	4920.60
678.20	4922.20
678.32	4915.60
678.44	4950.60
678.56	4933.20
678.68	5081.00
678.80	4992.80
678.93	4897.40
679.05	4922.40
679.17	4957.40
679.29	4971.40
679.41	4935.20
679.53	4878.80
679.65	4925.20
679.77	4916.20
679.89	4891.80
680.01	4923.40
680.14	4976.40
680.26	4858.60
680.38	4891.20
680.50	4942.40
680.62	5018.60
680.74	4929.20
680.86	4931.40
680.98	4910.20
681.10	4931.20
681.22	5038.80
681.35	4894.40
681.47	4893.20
681.59	4869.80
681.71	5021.20
681.83	4912.40
681.95	4892.60
682.07	4943.00
682.19	4922.40
682.31	4879.40
682.43	4888.80
682.56	4958.00
682.68	4854.60
682.80	4866.40
682.92	4928.20
683.04	4919.00
683.16	4894.40
683.28	4868.80
683.40	4910.00
683.52	4914.80
683.64	4928.40
683.76	4872.40
683.89	4887.20
684.01	4883.80
684.13	4959.20
684.25	4900.60
684.37	4875.40
684.49	4925.00
684.61	4883.00
684.73	4925.80
684.85	4884.60
684.97	4901.80
685.09	4960.60
685.21	4864.00
685.34	4888.60
685.46	5037.40
685.58	4933.00
685.70	4903.60
685.82	4918.00
685.94	4868.20
686.06	4851.80
686.18	4836.80
686.30	4857.80
686.42	4879.20
686.54	4922.40
686.66	4842.00
686.79	4975.20
686.91	4925.80
687.03	5015.80
687.15	4920.40
687.27	4899.40
687.39	4885.40
687.51	4965.40
687.63	4891.20
687.75	4901.20
687.87	4907.20
687.99	4972.80
688.11	4861.40
688.23	4892.20
688.35	4960.00
688.48	4905.60
688.60	4855.00
688.72	4880.40
688.84	4881.80
688.96	4919.00
689.08	4899.60
689.20	4883.60
689.32	4998.20
689.44	4892.60
689.56	4852.20
689.68	4856.20
689.80	4903.60
689.92	4842.40
690.04	4859.60
690.16	4924.40
690.28	4924.20
690.41	4933.80
690.53	4842.20
690.65	4926.40
690.77	4947.60
690.89	4965.40
691.01	4866.80
691.13	4869.40
691.25	4855.40
691.37	4871.60
691.49	4871.20
691.61	4839.80
691.73	4960.80
691.85	4926.00
691.97	4886.60
692.09	4857.00
692.21	4938.60
692.33	4956.00
692.45	4910.20
692.57	4850.80
692.70	4885.40
692.82	4893.80
692.94	4846.80
693.06	4866.00
693.18	4885.20
693.30	4874.00
693.42	4861.40
693.54	4913.60
693.66	4887.60
693.78	4927.20
693.90	4888.60
694.02	4894.80
694.14	4899.40
694.26	4893.80
694.38	4898.40
694.50	4939.40
694.62	4946.20
694.74	4882.00
694.86	4859.40
694.98	4905.40
695.10	4922.00
695.22	4948.40
695.34	4876.00
695.46	4873.20
695.58	4884.40
695.71	4890.20
695.83	4899.00
695.95	4872.80
696.07	4945.20
696.19	4872.40
696.31	4881.60
696.43	4870.20
696.55	4996.20
696.67	4950.00
696.79	4893.20
696.91	4908.40
697.03	4869.20
697.15	4993.40
697.27	4909.40
697.39	4895.20
697.51	4961.60
697.63	4902.40
697.75	4903.60
697.87	4908.00
697.99	4877.60
698.11	4838.00
698.23	4884.40
698.35	4897.80
698.47	4918.20
698.59	4945.20
698.71	4912.60
698.83	4996.60
698.95	4877.80
699.07	4921.60
699.19	4915.00
699.31	4919.80
699.43	4890.00
699.55	4966.20
699.67	4894.80
699.79	4903.00
699.91	4902.80
700.03	4897.40
700.15	4927.60
700.27	4888.60
700.39	4884.40
700.51	4867.00
700.63	4917.80
700.75	4921.60
700.87	4962.60
700.99	4905.80
701.11	4943.80
701.24	4919.40
701.36	5004.60
701.48	4978.20
701.60	4958.80
701.72	4888.80
701.84	5012.00
701.96	4933.20
702.08	4910.20
702.20	5027.20
702.32	4989.80
702.44	4975.20
702.56	4923.60
702.68	4942.80
702.80	4945.80
702.92	5046.00
703.04	4993.40
703.16	4917.20
703.28	4969.80
703.40	4941.40
703.52	4984.60
703.64	4957.40
703.76	4960.80
703.88	4901.40
704.00	4929.40
704.12	4937.60
704.24	5001.00
704.36	4940.60
704.48	4943.40
704.60	4879.40
704.72	4953.40
704.84	4939.40
704.96	4954.60
705.07	4944.00
705.19	4896.00
705.31	4957.40
705.43	4976.60
705.55	4920.00
705.67	4960.40
705.79	4972.60
705.91	4879.60
706.03	4941.80
706.15	4963.00
706.27	4941.60
706.39	4913.40
706.51	4923.20
706.63	4942.80
706.75	5002.80
706.87	4981.60
706.99	5001.20
707.11	4949.60
707.23	4919.20
707.35	4981.60
707.47	4943.80
707.59	4987.40
707.71	4997.40
707.83	4950.60
707.95	4998.00
708.07	4966.20
708.19	5093.80
708.31	4988.20
708.43	4901.60
708.55	4965.80
708.67	5007.20
708.79	4961.40
708.91	5024.00
709.03	4980.80
709.15	5020.20
709.27	4948.80
709.39	4966.20
709.51	4951.80
709.63	4974.20
709.75	4992.00
709.87	4895.60
709.99	4996.80
710.11	4935.00
710.23	4951.40
710.35	4914.60
710.47	5074.40
710.58	5009.00
710.70	5037.40
710.82	5006.80
710.94	4983.80
711.06	4977.80
711.18	4971.20
711.30	4925.80
711.42	5003.80
711.54	4954.20
711.66	4985.80
711.78	4913.20
711.90	5007.40
712.02	5037.00
712.14	4914.20
712.26	4916.80
712.38	5033.40
712.50	5029.00
712.62	4968.20
712.74	4920.20
712.86	4936.80
712.98	5003.60
713.10	4895.40
713.22	4905.60
713.34	4962.60
713.45	4955.40
713.57	4951.80
713.69	4916.80
713.81	4954.20
713.93	4966.80
714.05	4965.40
714.17	4901.60
714.29	5046.00
714.41	5054.80
714.53	4943.20
714.65	4971.20
714.77	4975.60
714.89	4926.80
715.01	5016.40
715.13	4943.20
715.25	4970.60
715.37	4926.60
715.49	4925.80
715.61	4984.80
715.72	4998.80
715.84	4987.40
715.96	4927.40
716.08	4918.80
716.20	4999.80
716.32	5012.80
716.44	4938.80
716.56	4944.60
716.68	4955.00
716.80	5042.20
716.92	5004.20
717.04	4963.60
717.16	4977.40
717.28	4941.40
717.40	4935.40
717.52	4943.20
717.63	4919.20
717.75	4945.60
717.87	4949.80
717.99	4940.40
718.11	4913.80
718.23	5018.40
718.35	4938.20
718.47	4939.60
718.59	4896.60
718.71	4934.00
718.83	4894.00
718.95	4949.00
719.07	4880.00
719.19	4881.80
719.30	4922.20
719.42	4936.00
719.54	4909.60
719.66	4922.80
719.78	4906.80
719.90	4811.60
720.02	4905.40
720.14	4917.80
720.26	4948.80
720.38	4933.40
720.50	4887.40
720.62	4828.00
720.74	4904.00
720.85	4902.60
720.97	4979.40
721.09	5026.60
721.21	4898.40
721.33	4962.00
721.45	4902.60
721.57	4913.60
721.69	4866.60
721.81	4834.80
721.93	4951.60
722.05	4934.20
722.16	4859.40
722.28	4866.00
722.40	4890.00
722.52	4942.00
722.64	4956.20
722.76	4855.60
722.88	4910.40
723.00	4919.20
723.12	4878.60
723.24	4910.40
723.36	4822.60
723.47	4914.60
723.59	4920.40
723.71	4867.00
723.83	4914.40
723.95	4866.00
724.07	4899.60
724.19	4888.00
724.31	4963.40
724.43	4863.80
724.55	4814.20
724.66	4860.00
724.78	5037.40
724.90	4851.60
725.02	4837.60
725.14	4850.40
725.26	4905.60
725.38	4818.40
725.50	4887.80
725.62	4877.60
725.74	4897.00
725.85	4896.60
725.97	4864.20
726.09	4922.00
726.21	5217.80
726.33	4942.00
726.45	4876.80
726.57	4835.60
726.69	4905.40
726.81	4914.80
726.92	4907.20
727.04	4912.00
727.16	4917.20
727.28	4864.60
727.40	4861.80
727.52	4861.60
727.64	5019.60
727.76	4977.00
727.88	4917.60
727.99	4858.20
728.11	4837.00
728.23	4858.80
728.35	4863.60
728.47	4874.60
728.59	4884.00
728.71	4896.40
728.83	4875.60
728.94	4899.40
729.06	4973.60
729.18	4952.80
729.30	4907.20
729.42	4900.60
729.54	4961.40
729.66	4977.40
729.78	4879.00
729.90	4878.80
730.01	4862.60
730.13	4805.60
730.25	4863.20
730.37	4861.20
730.49	4916.60
730.61	4866.40
730.73	4867.60
730.84	4899.40
730.96	4885.00
731.08	4912.00
731.20	4856.20
731.32	4846.00
731.44	5011.00
731.56	4855.60
731.68	4812.60
731.79	4854.00
731.91	4825.20
732.03	4861.00
732.15	4873.80
732.27	4831.40
732.39	4846.00
732.51	4902.80
732.62	4837.40
732.74	4825.60
732.86	4927.00
732.98	4871.00
733.10	4829.40
733.22	4817.60
733.34	4866.60
733.45	4785.00
733.57	4839.00
733.69	4801.20
733.81	4823.40
733.93	4847.40
734.05	4800.60
734.17	4822.20
734.28	4835.60
734.40	4830.80
734.52	4798.60
734.64	4820.40
734.76	4924.00
734.88	4820.80
735.00	4807.60
735.11	4830.00
735.23	4892.60
735.35	4806.20
735.47	4778.20
735.59	4852.20
735.71	4806.20
735.83	4823.20
735.94	4830.20
736.06	4802.80
736.18	4834.60
736.30	4862.00
736.42	4819.60
736.54	4825.60
736.65	4849.00
736.77	4982.20
736.89	4860.80
737.01	4796.20
737.13	4929.20
737.25	4695.00
737.36	4743.80
737.48	4776.80
737.60	4804.40
737.72	4769.20
737.84	4785.60
737.96	4833.20
738.08	4792.20
738.19	4875.40
738.31	4786.80
738.43	4794.80
738.55	4784.40
738.67	4798.00
738.79	4759.20
738.90	4757.20
739.02	4798.80
739.14	4728.20
739.26	4734.60
739.38	4764.80
739.50	4819.80
739.61	4739.60
739.73	4762.20
739.85	4753.00
739.97	4766.20
740.09	4821.60
740.20	4698.40
740.32	4760.40
740.44	4785.20
740.56	4697.60
740.68	4734.20
740.80	4714.40
740.91	4740.40
741.03	4798.80
741.15	4796.20
741.27	4713.80
741.39	4807.00
741.51	4754.40
741.62	4790.20
741.74	4706.60
741.86	4737.40
741.98	4695.60
742.10	4757.40
742.21	4732.20
742.33	4750.60
742.45	4716.80
742.57	4766.80
742.69	4704.80
742.80	4773.00
742.92	4732.80
743.04	4715.40
743.16	4669.80
743.28	4766.60
743.40	4672.40
743.51	4666.20
743.63	4653.60
743.75	4704.40
743.87	4684.40
743.99	4711.00
744.10	4700.00
744.22	4679.60
744.34	4660.40
744.46	4685.80
744.58	4674.00
744.69	4626.60
744.81	4676.40
744.93	4633.00
745.05	4600.40
745.17	4755.00
745.28	4738.00
745.40	4665.60
745.52	4650.40
745.64	4647.60
745.76	4679.20
745.87	4620.60
745.99	4601.40
746.11	4669.60
746.23	4611.40
746.35	4639.20
746.46	4630.60
746.58	4750.20
746.70	4651.20
746.82	4633.80
746.94	4630.80
747.05	4590.60
747.17	4598.60
747.29	4562.40
747.41	4598.80
747.53	4781.20
747.64	4600.40
747.76	4645.40
747.88	4659.60
748.00	4647.20
748.12	4632.40
748.23	4597.80
748.35	4610.00
748.47	4644.60
748.59	4624.20
748.70	4581.40
748.82	4536.20
748.94	4555.40
749.06	4548.00
749.18	4553.80
749.29	4537.80
749.41	4592.00
749.53	4549.60
749.65	4545.80
749.76	4610.60
749.88	4552.20
750.00	4544.60
750.12	4576.80
750.24	4551.40
750.35	4569.20
750.47	4502.00
750.59	4576.60
750.71	4524.80
750.82	4592.40
750.94	4516.80
751.06	4502.80
751.18	4508.80
751.30	4576.20
751.41	4574.20
751.53	4526.60
751.65	4470.60
751.77	4484.80
751.88	4527.80
752.00	4541.60
752.12	4471.00
752.24	4570.60
752.35	4500.80
752.47	4513.40
752.59	4519.80
752.71	4559.40
752.83	4470.80
752.94	4566.00
753.06	4447.20
753.18	4496.80
753.30	4449.40
753.41	4423.20
753.53	4436.40
753.65	4446.60
753.77	4494.00
753.88	4434.40
754.00	4465.40
754.12	4443.40
754.24	4509.20
754.35	4410.00
754.47	4344.40
754.59	4443.20
754.71	4419.40
754.82	4422.40
754.94	4393.20
755.06	4470.20
755.18	4421.20
755.29	4434.40
755.41	4384.80
755.53	4420.40
755.65	4372.40
755.76	4412.20
755.88	4410.60
756.00	4441.80
756.12	4378.40
756.23	4270.80
756.35	4314.20
756.47	4383.60
756.59	4340.40
756.70	4301.60
756.82	4342.40
756.94	4354.40
757.06	4377.40
757.17	4345.80
757.29	4331.60
757.41	4297.40
757.53	4359.60
757.64	4314.20
757.76	4321.00
757.88	4341.20
758.00	4350.80
758.11	4292.00
758.23	4239.40
758.35	4335.60
758.47	4251.80
758.58	4331.20
758.70	4248.00
758.82	4312.40
758.94	4235.40
759.05	4281.60
759.17	4215.60
759.29	4279.80
759.40	4343.20
759.52	4271.20
759.64	4254.40
759.76	4298.80
759.87	4291.60
759.99	4261.60
760.11	4237.60
760.23	4243.40
760.34	4280.00
760.46	4274.60
760.58	4201.00
760.70	4262.80
760.81	4271.00
760.93	4235.60
761.05	4262.20
761.16	4251.80
761.28	4193.00
761.40	4184.40
761.52	4144.40
761.63	4278.00
761.75	4208.80
761.87	4205.60
761.98	4143.40
762.10	4190.40
762.22	4196.60
762.34	4207.20
762.45	4162.00
762.57	4229.00
762.69	4324.20
762.81	4137.40
762.92	4181.80
763.04	4084.60
763.16	4188.00
763.27	4190.80
763.39	4134.60
763.51	4171.80
763.63	4177.40
763.74	4127.00
763.86	4076.20
763.98	4085.40
764.09	4089.20
764.21	4152.80
764.33	4079.00
764.44	4110.60
764.56	4121.20
764.68	4077.00
764.80	4111.00
764.91	4048.00
765.03	4161.60
765.15	4079.60
765.26	4082.40
765.38	4040.00
765.50	4134.20
765.62	4098.20
765.73	4069.60
765.85	4061.80
765.97	4021.40
766.08	4044.00
766.20	4048.20
766.32	4057.20
766.43	4070.20
766.55	4089.80
766.67	4031.80
766.79	4023.00
766.90	3992.40
767.02	3971.00
767.14	3978.20
767.25	3959.60
767.37	4107.80
767.49	4026.60
767.60	3972.00
767.72	4040.00
767.84	4024.80
767.95	3977.80
768.07	3977.00
768.19	4015.60
768.31	4019.20
768.42	3986.40
768.54	3976.20
768.66	3960.40
768.77	3993.60
768.89	3978.80
769.01	3922.40
769.12	3979.80
769.24	3969.40
769.36	3938.80
769.47	3914.60
769.59	3891.20
769.71	3950.80
769.82	3924.40
769.94	3896.00
770.06	3877.00
770.17	3962.00
770.29	3911.00
770.41	3952.80
770.53	3929.20
770.64	3866.40
770.76	3893.80
770.88	3907.00
770.99	3945.20
771.11	3859.40
771.23	3912.40
771.34	3877.40
771.46	3983.40
771.58	3931.00
771.69	3903.00
771.81	3862.00
771.93	3884.60
772.04	3845.40
772.16	3865.60
772.28	3861.00
772.39	3917.80
772.51	3836.20
772.63	3867.60
772.74	3816.80
772.86	3828.00
772.98	3935.00
773.09	3793.40
773.21	3798.60
773.33	3831.80
773.44	3819.20
773.56	3787.40
773.68	3775.40
773.79	3849.80
773.91	3785.40
774.03	3789.00
774.14	3757.40
774.26	3813.00
774.38	3728.00
774.49	3721.40
774.61	3759.20
774.73	3764.00
774.84	3705.20
774.96	3714.20
775.08	3735.40
775.19	3736.80
775.31	3790.80
775.43	3739.00
775.54	3705.00
775.66	3671.20
775.77	3771.60
775.89	3658.20
776.01	3734.80
776.12	3770.60
776.24	3706.80
776.36	3656.40
776.47	3653.60
776.59	3719.20
776.71	3728.60
776.82	3602.60
776.94	3628.00
777.06	3647.80
777.17	3731.20
777.29	3647.80
777.41	3633.20
777.52	3697.80
777.64	3656.40
777.75	3687.60
777.87	3571.40
777.99	3616.20
778.10	3674.60
778.22	3601.60
778.34	3629.40
778.45	3607.80
778.57	3650.00
778.69	3644.40
778.80	3574.20
778.92	3707.80
779.04	3602.60
779.15	3603.40
779.27	3624.60
779.38	3613.00
779.50	3616.40
779.62	3515.40
779.73	3550.60
779.85	3508.20
779.97	3679.80
780.08	3565.60
780.20	3535.40
780.31	3582.80
780.43	3588.40
780.55	3519.20
780.66	3536.20
780.78	3573.00
780.90	3656.00
781.01	3505.20
781.13	3519.00
781.25	3506.60
781.36	3551.80
781.48	3483.60
781.59	3505.60
781.71	3534.20
781.83	3510.60
781.94	3462.80
782.06	3463.00
782.18	3535.40
782.29	3458.80
782.41	3398.80
782.52	3506.80
782.64	3534.00
782.76	3476.40
782.87	3472.40
782.99	3449.20
783.10	3584.20
783.22	3601.20
783.34	3436.60
783.45	3451.40
783.57	3447.40
783.69	3421.40
783.80	3430.60
783.92	3447.60
784.03	3422.40
784.15	3369.20
784.27	3406.00
784.38	3393.80
784.50	3360.20
784.61	3410.80
784.73	3366.80
784.85	3369.80
784.96	3341.60
785.08	3413.80
785.19	3413.80
785.31	3362.60
785.43	3332.40
785.54	3303.40
785.66	3374.00
785.77	3362.60
785.89	3395.00
786.01	3290.80
786.12	3327.60
786.24	3346.60
786.35	3415.60
786.47	3346.80
786.59	3330.80
786.70	3302.00
786.82	3336.40
786.93	3351.00
787.05	3337.20
787.17	3323.80
787.28	3313.40
787.40	3324.80
787.51	3313.20
787.63	3319.40
787.75	3261.00
787.86	3320.00
787.98	3299.00
788.09	3253.60
788.21	3311.80
788.33	3303.40
788.44	3290.00
788.56	3251.60
788.67	3291.00
788.79	3229.60
788.91	3245.80
789.02	3227.20
789.14	3238.20
789.25	3326.40
789.37	3244.00
789.48	3225.60
789.60	3229.00
789.72	3184.80
789.83	3248.60
789.95	3229.00
790.06	3159.60
790.18	3170.40
790.30	3247.60
790.41	3210.20
790.53	3195.60
790.64	3147.40
790.76	3126.00
790.87	3163.40
790.99	3181.20
791.11	3191.40
791.22	3128.60
791.34	3171.00
791.45	3200.20
791.57	3187.00
791.68	3137.00
791.80	3127.80
791.92	3205.20
792.03	3120.00
792.15	3096.80
792.26	3108.80
792.38	3108.40
792.49	3147.00
792.61	3131.60
792.73	3134.00
792.84	3115.40
792.96	3221.80
793.07	3084.80
793.19	3931.80
793.30	3195.40
793.42	3145.60
793.54	3035.60
793.65	3056.40
793.77	3245.80
793.88	3088.40
794.00	3027.40
794.11	3074.80
794.23	3016.80
794.34	3076.20
794.46	2998.60
794.58	3016.80
794.69	3155.40
794.81	3144.60
794.92	3026.80
795.04	3001.00
795.15	3123.20
795.27	3072.00
795.39	3045.40
795.50	3004.00
795.62	2991.00
795.73	3004.20
795.85	3010.60
795.96	3025.00
796.08	3105.60
796.19	2985.80
796.31	2985.20
796.42	2956.40
796.54	2975.60
796.66	3035.40
796.77	2950.80
796.89	2936.40
797.00	3047.40
797.12	2907.40
797.23	2958.00
797.35	2985.40
797.46	3003.60
797.58	3028.00
797.69	2977.80
797.81	2943.40
797.93	2954.20
798.04	2939.40
798.16	2921.60
798.27	2951.40
798.39	2906.00
798.50	2893.80
798.62	2891.20
798.73	2878.40
798.85	3004.00
798.96	2932.40
799.08	2936.20
799.19	2946.20
799.31	2905.20
799.43	2895.60
799.54	2881.20
799.66	2910.00
799.77	2928.20
799.89	2854.60
800.00	2816.60
800.12	2869.40
800.23	2933.80
800.35	2950.00
800.46	2797.60
800.58	2813.20
800.69	2863.00
800.81	2842.80
800.92	2823.40
801.04	2832.40
801.16	2788.00
801.27	2787.40
801.39	2784.80
801.50	2781.20
801.62	2802.40
801.73	2875.40
801.85	2857.80
801.96	2763.00
802.08	2857.40
802.19	2871.60
802.31	2791.60
802.42	2808.80
802.54	2895.20
802.65	2852.00
802.77	2743.20
802.88	2828.60
803.00	2744.60
803.11	2892.80
803.23	2781.20
803.34	2775.00
803.46	2804.00
803.57	2755.40
803.69	2802.20
803.80	2720.60
803.92	2831.60
804.03	2764.60
804.15	2760.40
804.26	2776.20
804.38	2794.20
804.50	2713.20
804.61	2749.00
804.73	2718.60
804.84	2728.40
804.96	2651.20
805.07	2705.60
805.19	2677.80
805.30	2715.60
805.42	2751.00
805.53	2691.00
805.65	2645.00
805.76	2619.40
805.88	2643.00
805.99	2654.00
806.11	2676.40
806.22	2613.40
806.34	2617.20
806.45	2611.40
806.57	2590.20
806.68	2646.40
806.80	2513.00
806.91	2550.60
807.03	2536.40
807.14	2520.40
807.26	2505.00
807.37	2499.00
807.49	2531.20
807.60	2519.00
807.72	2609.40
807.83	2599.20
807.95	2524.60
808.06	2501.40
808.17	2490.60
808.29	2496.40
808.40	2432.60
808.52	2445.80
808.63	2440.40
808.75	2430.60
808.86	2413.60
808.98	2440.60
809.09	2375.20
809.21	2401.20
809.32	2358.40
809.44	2393.80
809.55	2306.60
809.67	2358.00
809.78	2294.40
809.90	2361.00
810.01	2381.00
810.13	2269.80
810.24	2315.20
810.36	2244.00
810.47	2294.60
810.59	2255.20
810.70	2254.40
810.82	2275.60
810.93	2176.00
811.05	2183.00
811.16	2177.40
811.27	2169.80
811.39	2180.40
811.50	2188.00
811.62	2086.00
811.73	2067.60
811.85	2150.20
811.96	2124.20
812.08	2117.00
812.19	2100.60
812.31	2103.80
812.42	2076.20
812.54	2038.60
812.65	2093.80
812.77	2107.80
812.88	2070.20
813.00	2055.60
813.11	2039.00
813.22	1952.40
813.34	1962.00
813.45	1992.20
813.57	2058.80
813.68	2046.40
813.80	1950.20
813.91	1904.80
814.03	1914.60
814.14	2002.20
814.26	1888.00
814.37	1896.00
814.49	1893.00
814.60	1871.20
814.71	1838.60
814.83	1829.80
814.94	1795.20
815.06	1813.40
815.17	1817.40
815.29	1798.20
815.40	1768.20
815.52	1876.80
815.63	1763.40
815.75	1739.20
815.86	1768.40
815.97	1711.20
816.09	1741.20
816.20	1748.80
816.32	1742.60
816.43	1646.80
816.55	1706.00
816.66	1679.40
816.78	1774.20
816.89	1674.60
817.00	1658.60
817.12	1626.00
817.23	1607.60
817.35	1672.40
817.46	1628.00
817.58	1569.80
817.69	1695.80
817.81	1600.40
817.92	1621.40
818.03	1575.20
818.15	1566.40
818.26	1516.20
818.38	1512.00
818.49	1523.40
818.61	1552.40
818.72	1484.60
818.83	2582.60
818.95	1633.20
819.06	1469.60
819.18	1467.40
819.29	1477.00
819.41	1454.40
819.52	1469.20
819.64	1446.20
819.75	1407.20
819.86	1382.20
819.98	1402.60
820.09	1431.20
820.21	1397.40
820.32	1353.80
820.44	1396.80
820.55	1436.00
820.66	1339.00
820.78	1387.80
820.89	1345.20
821.01	1355.20
821.12	1321.80
821.23	1314.80
821.35	1296.80
821.46	1355.40
821.58	1292.40
821.69	1261.20
821.81	1251.20
821.92	1332.00
822.03	1250.00
822.15	1254.20
822.26	1203.60
822.38	1204.00
822.49	1235.20
822.61	1208.20
822.72	1224.20
822.83	1269.00
822.95	1196.80
823.06	1191.00
823.18	1225.20
823.29	1241.20
823.40	1181.00
823.52	1147.20
823.63	1105.00
823.75	1239.80
823.86	1127.40
823.97	1077.00
824.09	1154.80
824.20	1069.80
824.32	1100.80
824.43	1083.40
824.55	1134.20
824.66	1178.80
824.77	1056.80
824.89	1069.80
825.00	1126.00
825.12	1063.60
825.23	1079.00
825.34	990.80
825.46	995.80
825.57	1051.00
825.69	996.40
825.80	939.00
825.91	976.80
826.03	941.20
826.14	1009.00
826.26	947.80
826.37	986.60
826.48	953.00
826.60	969.60
826.71	929.40
826.83	964.00
826.94	969.20
827.05	982.20
827.17	964.40
827.28	923.20
827.39	909.40
827.51	872.80
827.62	898.40
827.74	909.60
827.85	890.80
827.96	873.20
828.08	882.40
828.19	993.80
828.31	878.40
828.42	822.00
828.53	890.40
828.65	935.60
828.76	932.80
828.87	892.80
828.99	835.20
