Wavelength (nm)	Intensity
377.35	815.80
377.48	601.20
377.62	619.20
377.75	626.40
377.88	856.60
378.02	827.20
378.15	825.00
378.28	795.20
378.41	877.20
378.55	853.60
378.68	826.00
378.81	812.40
378.95	838.80
379.08	824.40
379.21	785.20
379.35	850.60
379.48	863.60
379.61	919.20
379.74	824.60
379.88	812.40
380.01	897.80
380.14	958.60
380.28	866.80
380.41	794.20
380.54	856.40
380.68	868.00
380.81	773.00
380.94	874.40
381.07	912.00
381.21	907.40
381.34	831.60
381.47	767.40
381.61	982.40
381.74	850.80
381.87	795.00
382.00	855.60
382.14	934.00
382.27	884.40
382.40	818.20
382.54	904.40
382.67	908.60
382.80	812.20
382.93	804.00
383.07	825.80
383.20	834.40
383.33	880.80
383.47	808.60
383.60	794.20
383.73	998.00
383.86	873.20
384.00	825.20
384.13	822.00
384.26	874.20
384.40	895.80
384.53	841.80
384.66	882.80
384.79	855.40
384.93	826.20
385.06	828.80
385.19	848.60
385.33	975.80
385.46	873.80
385.59	816.00
385.72	843.20
385.86	779.60
385.99	818.40
386.12	825.20
386.25	797.60
386.39	887.20
386.52	901.20
386.65	833.80
386.79	822.60
386.92	814.20
387.05	933.80
387.18	792.00
387.32	799.80
387.45	871.40
387.58	851.40
387.71	814.80
387.85	803.60
387.98	850.20
388.11	871.80
388.25	845.20
388.38	837.00
388.51	883.80
388.64	886.40
388.78	804.20
388.91	788.60
389.04	831.20
389.17	953.00
389.31	841.00
389.44	864.40
389.57	901.20
389.70	872.80
389.84	814.40
389.97	807.00
390.10	819.20
390.24	865.20
390.37	828.00
390.50	811.60
390.63	916.00
390.77	843.60
390.90	840.00
391.03	832.20
391.16	799.40
391.30	828.00
391.43	818.80
391.56	820.60
391.69	808.20
391.83	888.40
391.96	843.40
392.09	815.80
392.22	931.20
392.36	858.20
392.49	803.00
392.62	821.20
392.75	870.80
392.89	913.40
393.02	802.40
393.15	801.20
393.28	782.60
393.42	934.20
393.55	782.20
393.68	819.40
393.81	773.60
393.95	824.40
394.08	804.40
394.21	802.80
394.34	887.60
394.48	870.40
394.61	865.20
394.74	842.60
394.87	883.00
395.01	868.60
395.14	860.20
395.27	801.80
395.40	937.20
395.54	934.40
395.67	842.60
395.80	831.20
395.93	870.80
396.07	812.80
396.20	808.40
396.33	760.60
396.46	818.40
396.59	839.60
396.73	817.00
396.86	803.80
396.99	894.00
397.12	854.20
397.26	854.00
397.39	821.80
397.52	1144.00
397.65	956.80
397.79	842.20
397.92	828.60
398.05	893.60
398.18	824.00
398.32	827.60
398.45	858.40
398.58	865.40
398.71	866.20
398.84	791.80
398.98	833.80
399.11	877.20
399.24	856.60
399.37	823.20
399.51	796.00
399.64	845.40
399.77	847.40
399.90	831.00
400.03	829.00
400.17	799.00
400.30	906.00
400.43	863.20
400.56	830.80
400.70	845.40
400.83	811.40
400.96	803.80
401.09	837.40
401.23	844.80
401.36	907.40
401.49	808.60
401.62	832.60
401.75	832.80
401.89	810.60
402.02	822.60
402.15	831.60
402.28	867.60
402.41	858.40
402.55	814.60
402.68	819.80
402.81	921.40
402.94	883.60
403.08	802.60
403.21	790.40
403.34	881.40
403.47	871.40
403.60	816.60
403.74	865.00
403.87	880.80
404.00	809.00
404.13	806.40
404.26	787.60
404.40	796.40
404.53	857.60
404.66	823.40
404.79	790.80
404.93	888.40
405.06	848.20
405.19	782.80
405.32	838.40
405.45	858.20
405.59	885.20
405.72	838.40
405.85	806.20
405.98	1016.80
406.11	814.80
406.25	804.20
406.38	824.20
406.51	872.00
406.64	842.20
406.77	791.40
406.91	784.80
407.04	858.60
407.17	829.80
407.30	848.40
407.43	824.80
407.57	924.00
407.70	898.40
407.83	800.40
407.96	832.00
408.09	803.20
408.23	932.20
408.36	827.40
408.49	819.40
408.62	953.80
408.75	847.00
408.89	806.40
409.02	850.00
409.15	845.20
409.28	922.00
409.41	856.20
409.55	807.20
409.68	964.00
409.81	859.00
409.94	808.20
410.07	840.40
410.20	848.60
410.34	832.40
410.47	837.60
410.60	841.60
410.73	883.40
410.86	822.40
411.00	830.60
411.13	800.00
411.26	846.00
411.39	846.20
411.52	845.60
411.66	817.20
411.79	826.20
411.92	814.80
412.05	829.40
412.18	813.20
412.31	860.20
412.45	878.60
412.58	869.60
412.71	788.40
412.84	862.60
412.97	929.00
413.11	843.40
413.24	854.40
413.37	887.40
413.50	960.40
413.63	850.00
413.76	817.40
413.90	874.60
414.03	826.20
414.16	821.80
414.29	852.00
414.42	843.80
414.56	964.40
414.69	809.00
414.82	828.80
414.95	847.40
415.08	865.00
415.21	838.60
415.35	846.80
415.48	758.60
415.61	891.80
415.74	887.00
415.87	787.20
416.00	854.80
416.14	968.20
416.27	840.00
416.40	800.00
416.53	838.60
416.66	872.40
416.79	841.60
416.93	795.20
417.06	909.60
417.19	848.20
417.32	818.60
417.45	806.60
417.58	792.60
417.72	897.00
417.85	811.40
417.98	836.80
418.11	887.00
418.24	815.00
418.37	821.40
418.51	833.60
418.64	850.60
418.77	920.80
418.90	844.80
419.03	790.60
419.16	855.60
419.29	890.20
419.43	811.40
419.56	796.60
419.69	958.40
419.82	906.20
419.95	832.40
420.08	881.00
420.22	915.00
420.35	981.80
420.48	873.40
420.61	824.80
420.74	788.40
420.87	876.80
421.00	801.20
421.14	816.40
421.27	886.40
421.40	924.00
421.53	850.00
421.66	829.80
421.79	835.20
421.93	847.00
422.06	830.40
422.19	809.00
422.32	879.20
422.45	888.60
422.58	848.60
422.71	819.00
422.85	888.00
422.98	889.60
423.11	795.20
423.24	780.80
423.37	809.00
423.50	822.60
423.63	838.60
423.77	799.60
423.90	812.60
424.03	868.40
424.16	863.20
424.29	834.60
424.42	789.80
424.55	815.00
424.69	799.60
424.82	828.60
424.95	857.80
425.08	808.40
425.21	847.60
425.34	822.20
425.47	846.20
425.60	855.80
425.74	787.00
425.87	827.40
426.00	846.40
426.13	855.40
426.26	796.40
426.39	800.80
426.52	827.00
426.66	915.60
426.79	855.80
426.92	801.80
427.05	940.20
427.18	898.20
427.31	832.00
427.44	830.40
427.57	812.60
427.71	846.00
427.84	796.20
427.97	828.60
428.10	898.60
428.23	860.80
428.36	818.40
428.49	750.60
428.62	979.00
428.76	953.20
428.89	843.00
429.02	789.20
429.15	846.60
429.28	947.00
429.41	819.20
429.54	820.00
429.67	817.20
429.81	872.40
429.94	828.20
430.07	814.00
430.20	883.00
430.33	915.40
430.46	806.60
430.59	798.20
430.72	834.60
430.85	788.20
430.99	826.40
431.12	800.40
431.25	889.40
431.38	920.20
431.51	831.20
431.64	832.40
431.77	930.80
431.90	915.60
432.03	832.40
432.17	802.80
432.30	850.40
432.43	869.80
432.56	835.40
432.69	853.00
432.82	862.00
432.95	899.20
433.08	834.60
433.21	837.40
433.35	828.80
433.48	842.20
433.61	800.00
433.74	818.80
433.87	811.80
434.00	879.00
434.13	802.80
434.26	858.00
434.39	867.20
434.53	881.60
434.66	833.20
434.79	828.80
434.92	822.60
435.05	922.40
435.18	815.00
435.31	853.40
435.44	908.80
435.57	845.60
435.70	826.20
435.84	796.00
435.97	904.20
436.10	964.60
436.23	821.00
436.36	806.80
436.49	822.80
436.62	857.60
436.75	822.80
436.88	858.20
437.01	821.20
437.14	808.80
437.28	781.80
437.41	814.00
437.54	905.80
437.67	880.20
437.80	810.00
437.93	784.00
438.06	972.80
438.19	897.60
438.32	795.80
438.45	803.80
438.58	870.60
438.72	924.00
438.85	877.80
438.98	827.20
439.11	862.80
439.24	918.80
439.37	894.60
439.50	856.00
439.63	905.00
439.76	824.20
439.89	805.80
440.02	813.60
440.15	868.20
440.29	914.20
440.42	824.00
440.55	828.80
440.68	918.20
440.81	976.00
440.94	850.00
441.07	841.80
441.20	949.20
441.33	857.00
441.46	822.80
441.59	817.80
441.72	847.60
441.85	860.20
441.99	867.40
442.12	864.00
442.25	946.60
442.38	866.20
442.51	856.80
442.64	791.80
442.77	847.00
442.90	830.40
443.03	787.40
443.16	811.40
443.29	853.80
443.42	923.40
443.55	822.00
443.68	836.80
443.82	788.20
443.95	828.00
444.08	826.20
444.21	824.20
444.34	818.60
444.47	844.80
444.60	834.60
444.73	847.60
444.86	850.20
444.99	917.80
445.12	857.00
445.25	839.60
445.38	846.40
445.51	889.60
445.64	844.80
445.78	807.00
445.91	783.60
446.04	958.20
446.17	880.40
446.30	784.80
446.43	863.20
446.56	849.00
446.69	811.60
446.82	812.20
446.95	886.40
447.08	916.40
447.21	846.00
447.34	816.00
447.47	898.80
447.60	881.20
447.73	833.20
447.86	864.20
447.99	847.00
448.13	864.40
448.26	884.00
448.39	829.80
448.52	884.80
448.65	892.20
448.78	829.40
448.91	832.00
449.04	878.00
449.17	831.80
449.30	859.40
449.43	837.80
449.56	844.40
449.69	914.40
449.82	837.40
449.95	793.00
450.08	908.40
450.21	882.40
450.34	834.40
450.47	840.00
450.60	887.00
450.73	853.40
450.87	827.00
451.00	852.20
451.13	886.80
451.26	1008.20
451.39	828.80
451.52	860.20
451.65	837.60
451.78	824.40
451.91	816.40
452.04	810.80
452.17	937.40
452.30	924.00
452.43	825.60
452.56	825.00
452.69	896.60
452.82	807.60
452.95	870.20
453.08	802.60
453.21	767.00
453.34	897.60
453.47	816.60
453.60	882.00
453.73	944.20
453.86	882.60
453.99	864.20
454.12	850.20
454.25	843.60
454.38	869.20
454.52	804.60
454.65	818.60
454.78	814.80
454.91	793.40
455.04	813.60
455.17	803.40
455.30	814.80
455.43	907.60
455.56	825.00
455.69	793.40
455.82	871.40
455.95	863.40
456.08	800.20
456.21	791.20
456.34	780.80
456.47	777.60
456.60	821.40
456.73	811.00
456.86	835.40
456.99	882.20
457.12	809.60
457.25	814.60
457.38	905.60
457.51	881.20
457.64	850.40
457.77	814.20
457.90	838.40
458.03	817.40
458.16	829.60
458.29	826.60
458.42	833.60
458.55	782.20
458.68	803.60
458.81	835.20
458.94	911.80
459.07	948.80
459.20	801.60
459.33	808.00
459.46	906.80
459.59	948.80
459.72	899.60
459.85	829.00
459.98	922.60
460.11	884.60
460.24	843.00
460.37	791.00
460.50	891.80
460.63	867.00
460.76	823.00
460.89	844.20
461.02	869.20
461.15	878.60
461.28	832.80
461.41	819.60
461.54	923.80
461.67	807.20
461.80	840.00
461.93	878.80
462.06	877.00
462.19	899.60
462.32	822.40
462.45	810.00
462.58	876.00
462.71	828.20
462.84	833.20
462.97	772.00
463.10	834.00
463.23	861.60
463.36	876.40
463.49	844.60
463.62	796.80
463.75	868.40
463.88	814.40
464.01	828.00
464.14	802.00
464.27	938.60
464.40	833.40
464.53	825.60
464.66	874.20
464.79	861.40
464.92	846.60
465.05	807.20
465.18	838.80
465.31	835.60
465.44	829.80
465.57	813.20
465.70	833.60
465.83	964.20
465.96	845.20
466.09	814.40
466.22	892.20
466.35	869.20
466.48	823.60
466.61	819.60
466.74	838.60
466.87	885.20
467.00	862.20
467.13	852.80
467.26	888.20
467.39	796.40
467.52	786.20
467.65	820.80
467.78	919.80
467.91	856.40
468.04	843.20
468.17	818.00
468.30	829.00
468.43	802.00
468.56	810.80
468.69	851.00
468.82	864.00
468.95	807.20
469.08	820.20
469.21	835.00
469.34	883.00
469.47	962.40
469.60	919.20
469.73	838.00
469.86	865.00
469.99	895.20
470.11	800.80
470.24	819.40
470.37	882.20
470.50	851.60
470.63	812.60
470.76	831.80
470.89	891.00
471.02	964.40
471.15	831.40
471.28	833.80
471.41	959.60
471.54	879.20
471.67	827.80
471.80	776.40
471.93	889.00
472.06	865.40
472.19	825.00
472.32	800.80
472.45	961.20
472.58	898.60
472.71	850.80
472.84	814.60
472.97	820.80
473.10	800.80
473.23	885.40
473.36	784.00
473.49	906.00
473.62	898.20
473.74	866.40
473.87	883.40
474.00	814.20
474.13	824.40
474.26	844.40
474.39	877.20
474.52	843.80
474.65	833.20
474.78	845.60
474.91	794.20
475.04	876.00
475.17	985.80
475.30	869.40
475.43	854.60
475.56	902.00
475.69	849.60
475.82	865.40
475.95	812.20
476.08	924.00
476.21	860.20
476.34	886.20
476.46	883.00
476.59	919.60
476.72	839.80
476.85	831.40
476.98	810.20
477.11	909.80
477.24	864.60
477.37	783.80
477.50	815.60
477.63	868.60
477.76	810.60
477.89	777.40
478.02	794.60
478.15	840.60
478.28	834.80
478.41	855.80
478.54	826.60
478.66	893.40
478.79	842.00
478.92	837.40
479.05	841.20
479.18	859.20
479.31	820.40
479.44	819.20
479.57	804.40
479.70	831.60
479.83	861.20
479.96	828.80
480.09	865.20
480.22	992.60
480.35	967.60
480.48	884.60
480.60	850.40
480.73	834.40
480.86	877.40
480.99	831.80
481.12	839.40
481.25	847.40
481.38	915.20
481.51	839.40
481.64	843.80
481.77	881.40
481.90	846.40
482.03	844.20
482.16	836.40
482.29	923.40
482.41	859.00
482.54	873.60
482.67	822.20
482.80	854.60
482.93	896.80
483.06	811.20
483.19	905.00
483.32	881.60
483.45	857.00
483.58	849.60
483.71	873.60
483.84	890.80
483.97	876.60
484.09	852.00
484.22	832.00
484.35	826.60
484.48	798.60
484.61	825.60
484.74	829.00
484.87	867.20
485.00	803.60
485.13	861.80
485.26	808.00
485.39	883.40
485.52	844.00
485.64	915.00
485.77	866.20
485.90	894.20
486.03	811.20
486.16	865.40
486.29	813.60
486.42	853.60
486.55	868.40
486.68	840.00
486.81	874.00
486.94	863.40
487.06	837.40
487.19	873.00
487.32	869.80
487.45	860.40
487.58	834.60
487.71	845.00
487.84	805.00
487.97	892.20
488.10	909.40
488.23	829.60
488.35	800.20
488.48	847.00
488.61	809.20
488.74	828.80
488.87	813.20
489.00	858.80
489.13	952.40
489.26	878.20
489.39	885.40
489.52	894.60
489.64	885.00
489.77	856.80
489.90	849.80
490.03	847.20
490.16	832.00
490.29	830.80
490.42	826.60
490.55	864.00
490.68	826.80
490.81	831.60
490.93	796.60
491.06	920.40
491.19	881.20
491.32	861.80
491.45	881.20
491.58	812.00
491.71	856.20
491.84	833.60
491.97	836.40
492.09	925.40
492.22	885.00
492.35	859.20
492.48	887.20
492.61	865.20
492.74	856.80
492.87	865.80
493.00	855.20
493.12	834.40
493.25	860.60
493.38	837.40
493.51	819.60
493.64	811.60
493.77	852.80
493.90	863.20
494.03	876.20
494.16	921.60
494.28	931.20
494.41	845.40
494.54	850.20
494.67	985.00
494.80	931.40
494.93	852.80
495.06	873.00
495.19	880.20
495.31	855.80
495.44	839.60
495.57	827.40
495.70	880.60
495.83	849.60
495.96	804.60
496.09	850.00
496.22	936.40
496.34	960.20
496.47	844.40
496.60	874.00
496.73	910.80
496.86	902.40
496.99	827.00
497.12	854.80
497.24	792.20
497.37	864.00
497.50	840.20
497.63	825.60
497.76	851.60
497.89	915.00
498.02	883.20
498.15	771.80
498.27	861.80
498.40	916.40
498.53	921.00
498.66	865.40
498.79	908.60
498.92	821.80
499.05	860.00
499.17	855.00
499.30	897.60
499.43	952.80
499.56	880.60
499.69	807.40
499.82	882.80
499.95	842.20
500.07	832.00
500.20	855.20
500.33	904.80
500.46	1000.60
500.59	863.00
500.72	876.80
500.85	912.40
500.97	910.20
501.10	908.20
501.23	821.60
501.36	876.40
501.49	939.80
501.62	879.60
501.75	859.00
501.87	916.20
502.00	811.00
502.13	878.80
502.26	870.80
502.39	825.80
502.52	847.40
502.64	817.60
502.77	834.80
502.90	891.20
503.03	867.80
503.16	833.00
503.29	838.80
503.42	924.20
503.54	877.00
503.67	856.40
503.80	868.00
503.93	914.80
504.06	830.00
504.19	851.80
504.31	920.80
504.44	875.80
504.57	882.60
504.70	860.20
504.83	804.00
504.96	881.80
505.08	861.60
505.21	865.80
505.34	971.80
505.47	926.40
505.60	918.00
505.73	918.60
505.85	902.60
505.98	1011.80
506.11	863.60
506.24	830.40
506.37	831.00
506.50	879.60
506.62	917.80
506.75	846.60
506.88	827.40
507.01	877.20
507.14	815.20
507.27	862.80
507.39	805.00
507.52	840.20
507.65	846.40
507.78	870.00
507.91	831.00
508.04	935.20
508.16	934.00
508.29	884.00
508.42	842.00
508.55	830.80
508.68	841.80
508.81	904.00
508.93	845.20
509.06	847.80
509.19	904.60
509.32	891.00
509.45	868.00
509.57	893.60
509.70	835.40
509.83	866.00
509.96	816.20
510.09	867.80
510.22	859.60
510.34	868.80
510.47	857.00
510.60	975.60
510.73	883.60
510.86	887.40
510.98	841.60
511.11	848.80
511.24	921.20
511.37	891.40
511.50	847.60
511.63	880.60
511.75	879.20
511.88	866.20
512.01	880.20
512.14	870.80
512.27	883.00
512.39	861.00
512.52	851.80
512.65	883.80
512.78	842.20
512.91	867.40
513.03	863.00
513.16	910.80
513.29	877.40
513.42	859.00
513.55	820.20
513.67	889.60
513.80	815.40
513.93	844.40
514.06	842.80
514.19	883.00
514.31	883.60
514.44	904.80
514.57	852.00
514.70	876.40
514.83	924.80
514.95	846.60
515.08	874.60
515.21	895.60
515.34	886.00
515.47	866.00
515.59	836.60
515.72	893.60
515.85	893.60
515.98	911.80
516.11	876.60
516.23	909.60
516.36	938.00
516.49	887.20
516.62	871.20
516.75	932.20
516.87	941.80
517.00	845.20
517.13	892.20
517.26	934.60
517.39	905.60
517.51	807.80
517.64	861.20
517.77	951.40
517.90	837.20
518.02	863.60
518.15	830.60
518.28	786.20
518.41	864.60
518.54	868.80
518.66	869.20
518.79	838.60
518.92	852.60
519.05	840.80
519.18	855.80
519.30	905.20
519.43	827.00
519.56	832.60
519.69	848.40
519.81	916.20
519.94	863.60
520.07	797.80
520.20	840.20
520.33	879.60
520.45	947.40
520.58	876.00
520.71	879.60
520.84	926.00
520.96	888.60
521.09	874.00
521.22	838.60
521.35	908.00
521.48	908.80
521.60	841.60
521.73	870.80
521.86	934.80
521.99	960.80
522.11	892.00
522.24	857.60
522.37	906.40
522.50	887.60
522.62	928.40
522.75	818.60
522.88	888.80
523.01	854.20
523.14	885.20
523.26	888.00
523.39	937.20
523.52	855.20
523.65	974.20
523.77	908.40
523.90	881.80
524.03	856.00
524.16	851.60
524.28	851.20
524.41	862.20
524.54	872.00
524.67	836.00
524.79	854.00
524.92	897.40
525.05	951.80
525.18	840.60
525.31	908.80
525.43	839.00
525.56	997.20
525.69	850.60
525.82	803.60
525.94	916.00
526.07	917.00
526.20	891.20
526.33	911.20
526.45	1020.20
526.58	978.60
526.71	894.00
526.84	868.00
526.96	889.20
527.09	847.00
527.22	853.20
527.35	855.40
527.47	833.00
527.60	945.40
527.73	839.40
527.86	899.00
527.98	896.40
528.11	902.40
528.24	829.60
528.37	855.00
528.49	833.60
528.62	878.60
528.75	905.20
528.88	841.60
529.00	898.80
529.13	929.60
529.26	875.40
529.39	911.80
529.51	1018.20
529.64	993.20
529.77	852.00
529.90	854.60
530.02	854.20
530.15	849.80
530.28	803.20
530.40	842.20
530.53	875.80
530.66	910.20
530.79	861.20
530.91	866.20
531.04	855.60
531.17	875.00
531.30	864.00
531.42	864.40
531.55	887.00
531.68	960.80
531.81	850.60
531.93	870.80
532.06	882.20
532.19	840.00
532.31	864.60
532.44	857.60
532.57	904.20
532.70	852.00
532.82	875.40
532.95	899.00
533.08	950.80
533.21	904.40
533.33	839.00
533.46	853.80
533.59	868.20
533.71	987.20
533.84	879.60
533.97	850.40
534.10	853.20
534.22	842.80
534.35	871.20
534.48	873.40
534.61	902.60
534.73	807.60
534.86	844.80
534.99	876.00
535.11	937.60
535.24	893.80
535.37	844.60
535.50	838.40
535.62	844.20
535.75	947.60
535.88	874.20
536.00	850.00
536.13	862.20
536.26	863.60
536.39	847.80
536.51	827.00
536.64	903.60
536.77	877.00
536.89	865.40
537.02	878.40
537.15	907.20
537.28	881.80
537.40	877.00
537.53	849.00
537.66	923.40
537.78	885.60
537.91	837.80
538.04	852.40
538.17	911.80
538.29	903.80
538.42	944.80
538.55	928.20
538.67	907.00
538.80	859.20
538.93	886.60
539.05	878.00
539.18	941.00
539.31	920.20
539.44	880.80
539.56	800.60
539.69	864.60
539.82	854.20
539.94	871.00
540.07	841.40
540.20	948.40
540.32	850.20
540.45	866.60
540.58	861.20
540.71	923.80
540.83	822.60
540.96	854.60
541.09	866.00
541.21	957.40
541.34	942.60
541.47	845.80
541.59	871.20
541.72	956.60
541.85	1035.20
541.98	926.40
542.10	865.80
542.23	896.80
542.36	971.80
542.48	891.60
542.61	877.40
542.74	843.40
542.86	864.60
542.99	869.20
543.12	851.40
543.24	887.20
543.37	825.00
543.50	866.80
543.62	847.20
543.75	866.00
543.88	864.60
544.01	882.60
544.13	894.20
544.26	898.00
544.39	848.00
544.51	845.60
544.64	838.20
544.77	904.00
544.89	867.00
545.02	875.40
545.15	853.60
545.27	972.20
545.40	941.20
545.53	908.20
545.65	898.40
545.78	806.60
545.91	832.20
546.03	862.40
546.16	871.40
546.29	862.00
546.41	839.80
546.54	860.00
546.67	848.20
546.79	912.20
546.92	961.00
547.05	824.60
547.17	880.60
547.30	854.60
547.43	914.80
547.56	833.20
547.68	852.80
547.81	829.80
547.94	908.20
548.06	867.20
548.19	837.40
548.32	948.40
548.44	888.20
548.57	884.20
548.70	908.80
548.82	926.00
548.95	911.20
549.08	870.00
549.20	871.40
549.33	973.40
549.45	880.80
549.58	869.00
549.71	835.00
549.83	928.00
549.96	829.20
550.09	878.60
550.21	862.20
550.34	892.00
550.47	872.40
550.59	857.60
550.72	798.20
550.85	870.60
550.97	936.20
551.10	854.80
551.23	852.00
551.35	948.40
551.48	892.20
551.61	871.20
551.73	859.60
551.86	946.60
551.99	942.20
552.11	883.40
552.24	903.00
552.37	885.40
552.49	852.20
552.62	856.80
552.75	909.60
552.87	867.00
553.00	866.00
553.12	904.80
553.25	860.00
553.38	898.00
553.50	936.40
553.63	865.20
553.76	809.80
553.88	886.80
554.01	875.80
554.14	874.80
554.26	899.20
554.39	969.00
554.52	885.20
554.64	871.80
554.77	850.00
554.89	919.80
555.02	931.00
555.15	893.60
555.27	875.40
555.40	888.00
555.53	937.60
555.65	873.00
555.78	842.40
555.91	921.40
556.03	958.60
556.16	849.00
556.29	888.60
556.41	948.60
556.54	946.60
556.66	877.00
556.79	854.60
556.92	895.80
557.04	904.60
557.17	864.80
557.30	859.00
557.42	860.40
557.55	873.40
557.67	888.80
557.80	863.80
557.93	879.80
558.05	890.20
558.18	833.60
558.31	884.80
558.43	931.80
558.56	907.80
558.68	873.60
558.81	845.20
558.94	873.40
559.06	1005.60
559.19	861.00
559.32	860.20
559.44	845.00
559.57	892.80
559.69	847.60
559.82	851.80
559.95	859.80
560.07	858.60
560.20	800.80
560.33	872.00
560.45	894.40
560.58	825.80
560.70	881.20
560.83	840.80
560.96	876.40
561.08	876.00
561.21	900.80
561.33	838.40
561.46	819.60
561.59	914.40
561.71	850.60
561.84	882.20
561.97	839.00
562.09	910.00
562.22	851.20
562.34	847.00
562.47	913.60
562.60	901.40
562.72	867.00
562.85	877.60
562.97	873.00
563.10	870.40
563.23	832.20
563.35	839.60
563.48	892.40
563.60	880.40
563.73	888.60
563.86	830.60
563.98	850.60
564.11	875.00
564.23	871.60
564.36	931.80
564.49	879.40
564.61	940.80
564.74	886.00
564.86	853.40
564.99	926.00
565.12	910.80
565.24	921.60
565.37	918.40
565.49	935.40
565.62	961.20
565.75	907.60
565.87	840.00
566.00	1031.00
566.12	953.20
566.25	884.20
566.38	908.60
566.50	885.60
566.63	937.80
566.75	869.20
566.88	857.40
567.01	845.20
567.13	868.60
567.26	871.20
567.38	846.40
567.51	921.60
567.64	857.40
567.76	899.60
567.89	893.40
568.01	847.40
568.14	833.80
568.26	870.40
568.39	878.60
568.52	875.00
568.64	912.20
568.77	868.40
568.89	853.60
569.02	859.00
569.15	880.60
569.27	862.00
569.40	886.00
569.52	916.20
569.65	870.00
569.77	866.60
569.90	816.80
570.03	828.60
570.15	954.20
570.28	871.20
570.40	863.00
570.53	866.20
570.66	942.80
570.78	919.00
570.91	883.20
571.03	840.40
571.16	880.00
571.28	828.00
571.41	810.20
571.54	819.20
571.66	815.60
571.79	851.60
571.91	857.60
572.04	833.20
572.16	894.40
572.29	911.60
572.42	850.80
572.54	894.00
572.67	848.40
572.79	882.40
572.92	865.00
573.04	905.20
573.17	925.60
573.29	883.80
573.42	865.00
573.55	916.40
573.67	908.40
573.80	866.20
573.92	839.00
574.05	893.80
574.17	927.80
574.30	873.40
574.43	859.40
574.55	860.00
574.68	890.40
574.80	851.20
574.93	863.60
575.05	832.20
575.18	871.00
575.30	864.60
575.43	903.00
575.56	934.80
575.68	906.60
575.81	865.20
575.93	837.00
576.06	907.60
576.18	919.40
576.31	872.20
576.43	849.40
576.56	971.40
576.69	935.60
576.81	888.80
576.94	863.80
577.06	883.80
577.19	918.40
577.31	884.80
577.44	898.20
577.56	922.80
577.69	900.00
577.82	899.40
577.94	849.20
578.07	828.40
578.19	917.60
578.32	906.40
578.44	859.00
578.57	864.60
578.69	927.60
578.82	891.00
578.94	916.80
579.07	929.40
579.19	921.00
579.32	897.00
579.45	899.20
579.57	880.00
579.70	850.40
579.82	889.80
579.95	862.60
580.07	953.80
580.20	876.40
580.32	875.00
580.45	906.40
580.57	921.20
580.70	890.40
580.82	896.80
580.95	906.80
581.08	840.00
581.20	920.80
581.33	863.80
581.45	894.60
581.58	891.20
581.70	904.60
581.83	803.80
581.95	898.00
582.08	920.40
582.20	878.80
582.33	876.60
582.45	853.60
582.58	871.60
582.70	902.00
582.83	850.00
582.95	876.20
583.08	931.20
583.21	936.60
583.33	894.60
583.46	858.00
583.58	839.80
583.71	925.60
583.83	895.60
583.96	910.20
584.08	916.60
584.21	918.60
584.33	909.00
584.46	877.60
584.58	837.20
584.71	920.80
584.83	915.00
584.96	883.20
585.08	865.60
585.21	990.20
585.33	954.80
585.46	917.80
585.58	932.00
585.71	863.00
585.83	882.80
585.96	923.40
586.08	927.00
586.21	912.80
586.33	917.40
586.46	843.40
586.59	917.20
586.71	862.80
586.84	897.20
586.96	880.80
587.09	826.00
587.21	866.80
587.34	916.80
587.46	856.00
587.59	838.20
587.71	880.80
587.84	869.00
587.96	825.00
588.09	841.20
588.21	910.60
588.34	868.20
588.46	891.80
588.59	867.60
588.71	905.60
588.84	901.00
588.96	869.40
589.09	990.20
589.21	892.60
589.34	860.00
589.46	874.20
589.59	895.20
589.71	948.20
589.84	848.20
589.96	862.00
590.09	889.00
590.21	927.40
590.34	901.60
590.46	901.20
590.59	871.60
590.71	876.00
590.84	924.40
590.96	850.60
591.09	912.20
591.21	901.20
591.34	868.20
591.46	871.20
591.59	948.40
591.71	925.60
591.83	881.40
591.96	829.60
592.08	873.00
592.21	924.20
592.33	889.80
592.46	875.60
592.58	903.40
592.71	942.40
592.83	967.60
592.96	918.60
593.08	948.20
593.21	853.80
593.33	845.80
593.46	882.20
593.58	886.00
593.71	927.20
593.83	941.00
593.96	863.00
594.08	1003.00
594.21	895.20
594.33	868.20
594.46	857.20
594.58	837.20
594.71	818.20
594.83	888.40
594.96	876.80
595.08	1054.60
595.20	932.60
595.33	898.60
595.45	854.00
595.58	980.00
595.70	908.80
595.83	871.80
595.95	886.20
596.08	903.60
596.20	842.80
596.33	839.60
596.45	880.00
596.58	855.80
596.70	852.60
596.83	872.20
596.95	868.80
597.08	899.60
597.20	853.40
597.32	860.60
597.45	894.80
597.57	879.60
597.70	930.60
597.82	883.20
597.95	890.20
598.07	888.60
598.20	904.80
598.32	883.00
598.45	879.80
598.57	937.40
598.70	961.80
598.82	876.60
598.94	874.00
599.07	943.00
599.19	894.20
599.32	865.00
599.44	798.00
599.57	940.60
599.69	908.80
599.82	877.40
599.94	849.60
600.07	955.00
600.19	920.40
600.31	862.40
600.44	918.60
600.56	1005.40
600.69	997.00
600.81	875.20
600.94	878.60
601.06	899.60
601.19	921.60
601.31	921.20
601.44	836.40
601.56	952.80
601.68	928.00
601.81	907.00
601.93	897.40
602.06	924.20
602.18	858.40
602.31	885.00
602.43	947.60
602.56	936.60
602.68	898.60
602.80	891.00
602.93	894.00
603.05	872.00
603.18	898.20
603.30	852.20
603.43	854.60
603.55	890.20
603.68	913.00
603.80	899.60
603.92	895.00
604.05	876.00
604.17	880.80
604.30	852.20
604.42	877.40
604.55	883.80
604.67	924.20
604.79	865.20
604.92	876.40
605.04	882.00
605.17	876.80
605.29	866.80
605.42	862.00
605.54	964.20
605.66	911.00
605.79	908.20
605.91	881.40
606.04	883.80
606.16	874.80
606.29	896.60
606.41	853.40
606.53	882.20
606.66	840.20
606.78	880.80
606.91	876.00
607.03	880.20
607.16	878.20
607.28	856.20
607.40	897.00
607.53	915.20
607.65	855.40
607.78	866.40
607.90	897.00
608.03	1005.20
608.15	906.40
608.27	907.40
608.40	847.20
608.52	903.20
608.65	890.60
608.77	914.80
608.89	890.20
609.02	977.20
609.14	979.80
609.27	916.00
609.39	922.80
609.52	867.40
609.64	827.80
609.76	861.60
609.89	879.80
610.01	950.40
610.14	926.00
610.26	882.00
610.38	863.20
610.51	934.20
610.63	880.00
610.76	856.00
610.88	915.40
611.01	962.00
611.13	1000.00
611.25	925.20
611.38	855.40
611.50	894.00
611.63	918.00
611.75	897.00
611.87	909.40
612.00	883.80
612.12	946.40
612.25	889.80
612.37	866.60
612.49	968.40
612.62	943.20
612.74	949.80
612.87	889.40
612.99	896.00
613.11	842.00
613.24	877.80
613.36	885.60
613.49	902.00
613.61	906.80
613.73	874.40
613.86	925.00
613.98	871.00
614.11	940.80
614.23	932.80
614.35	934.00
614.48	947.80
614.60	912.00
614.72	885.60
614.85	912.60
614.97	922.00
615.10	911.00
615.22	883.20
615.34	908.20
615.47	951.80
615.59	872.80
615.72	892.20
615.84	899.20
615.96	881.00
616.09	997.80
616.21	894.80
616.34	869.00
616.46	887.80
616.58	928.00
616.71	919.80
616.83	930.00
616.95	920.00
617.08	927.80
617.20	892.20
617.33	857.40
617.45	883.80
617.57	916.40
617.70	901.80
617.82	871.00
617.95	903.60
618.07	977.40
618.19	914.80
618.32	904.00
618.44	887.20
618.56	859.00
618.69	828.80
618.81	844.40
618.94	931.80
619.06	902.00
619.18	895.40
619.31	850.40
619.43	862.20
619.55	912.20
619.68	912.00
619.80	854.40
619.92	916.00
620.05	1031.80
620.17	943.60
620.30	899.80
620.42	919.40
620.54	946.60
620.67	868.40
620.79	892.20
620.91	920.80
621.04	963.00
621.16	884.80
621.29	870.20
621.41	848.40
621.53	878.00
621.66	888.20
621.78	873.80
621.90	935.40
622.03	1004.40
622.15	891.40
622.27	884.60
622.40	911.80
622.52	880.40
622.64	874.20
622.77	846.40
622.89	911.20
623.02	949.20
623.14	910.40
623.26	914.40
623.39	923.20
623.51	959.80
623.63	886.40
623.76	870.00
623.88	967.60
624.00	906.60
624.13	868.80
624.25	860.60
624.37	863.00
624.50	954.00
624.62	918.40
624.75	853.80
624.87	855.40
624.99	891.60
625.12	866.20
625.24	877.40
625.36	982.00
625.49	928.00
625.61	905.60
625.73	905.80
625.86	947.40
625.98	902.80
626.10	863.60
626.23	846.40
626.35	915.80
626.47	890.60
626.60	853.00
626.72	864.20
626.84	883.80
626.97	921.20
627.09	893.80
627.21	886.20
627.34	1020.60
627.46	1000.20
627.58	890.00
627.71	903.00
627.83	933.00
627.95	867.80
628.08	893.20
628.20	930.00
628.32	842.60
628.45	812.60
628.57	825.60
628.69	857.60
628.82	915.40
628.94	959.80
629.06	895.00
629.19	873.80
629.31	934.20
629.43	861.20
629.56	904.00
629.68	898.00
629.80	944.40
629.93	865.20
630.05	862.40
630.17	866.80
630.30	888.00
630.42	864.20
630.54	913.40
630.67	894.40
630.79	873.00
630.91	1033.20
631.04	917.80
631.16	909.80
631.28	912.40
631.41	874.20
631.53	856.20
631.65	889.40
631.78	913.40
631.90	899.40
632.02	888.60
632.14	803.20
632.27	966.00
632.39	899.80
632.51	865.80
632.64	930.60
632.76	898.40
632.88	877.20
633.01	900.20
633.13	879.40
633.25	906.20
633.38	1004.40
633.50	838.60
633.62	842.40
633.75	841.20
633.87	812.40
633.99	903.80
634.11	840.20
634.24	875.60
634.36	893.60
634.48	890.80
634.61	875.20
634.73	927.60
634.85	878.60
634.98	860.40
635.10	876.80
635.22	894.00
635.35	1021.40
635.47	908.80
635.59	887.40
635.71	927.80
635.84	947.00
635.96	879.60
636.08	927.60
636.21	871.40
636.33	903.40
636.45	889.00
636.58	864.60
636.70	839.60
636.82	924.80
636.94	868.60
637.07	831.40
637.19	930.60
637.31	930.00
637.44	921.20
637.56	845.60
637.68	921.20
637.81	912.60
637.93	897.20
638.05	853.20
638.17	941.40
638.30	1013.80
638.42	892.80
638.54	860.40
638.67	889.80
638.79	893.40
638.91	861.60
639.03	881.80
639.16	882.20
639.28	890.80
639.40	897.80
639.53	873.20
639.65	936.40
639.77	900.00
639.89	902.00
640.02	882.40
640.14	906.80
640.26	857.00
640.39	924.80
640.51	868.60
640.63	916.00
640.75	947.60
640.88	904.20
641.00	868.60
641.12	863.80
641.24	981.60
641.37	881.40
641.49	850.60
641.61	998.80
641.74	869.40
641.86	903.40
641.98	851.00
642.10	914.40
642.23	922.60
642.35	872.00
642.47	891.20
642.60	902.00
642.72	923.20
642.84	828.40
642.96	842.00
643.09	844.60
643.21	860.00
643.33	857.60
643.45	850.20
643.58	942.20
643.70	964.20
643.82	878.20
643.94	872.00
644.07	905.80
644.19	913.00
644.31	897.60
644.44	896.60
644.56	891.20
644.68	874.60
644.80	852.20
644.93	846.20
645.05	865.80
645.17	910.60
645.29	897.80
645.42	899.20
645.54	894.00
645.66	923.40
645.78	879.60
645.91	875.60
646.03	926.60
646.15	971.20
646.27	877.00
646.40	908.20
646.52	932.00
646.64	941.00
646.76	885.00
646.89	833.60
647.01	932.00
647.13	920.00
647.25	930.40
647.38	880.40
647.50	863.80
647.62	938.40
647.74	843.60
647.87	849.80
647.99	910.40
648.11	924.00
648.23	885.40
648.36	830.00
648.48	965.60
648.60	911.80
648.72	874.40
648.85	862.40
648.97	946.40
649.09	919.60
649.21	874.80
649.34	905.80
649.46	923.40
649.58	910.80
649.70	921.00
649.83	870.20
649.95	912.40
650.07	929.60
650.19	927.00
650.32	894.80
650.44	953.80
650.56	923.60
650.68	877.20
650.81	879.40
650.93	886.80
651.05	957.20
651.17	859.40
651.29	908.60
651.42	896.40
651.54	917.80
651.66	852.40
651.78	865.80
651.91	931.40
652.03	1028.00
652.15	919.20
652.27	861.80
652.40	905.80
652.52	898.40
652.64	905.20
652.76	878.20
652.88	1008.60
653.01	912.60
653.13	858.00
653.25	821.60
653.37	933.20
653.50	945.40
653.62	910.60
653.74	843.20
653.86	943.20
653.98	940.20
654.11	855.20
654.23	888.60
654.35	882.60
654.47	1030.60
654.60	882.80
654.72	888.60
654.84	863.00
654.96	946.40
655.08	875.60
655.21	906.20
655.33	910.00
655.45	951.20
655.57	905.40
655.70	895.80
655.82	952.60
655.94	978.20
656.06	928.80
656.18	858.60
656.31	956.00
656.43	931.00
656.55	873.20
656.67	890.80
656.79	902.00
656.92	957.60
657.04	907.20
657.16	879.00
657.28	1030.00
657.40	929.20
657.53	936.60
657.65	884.20
657.77	963.60
657.89	959.40
658.01	886.60
658.14	856.40
658.26	924.80
658.38	885.40
658.50	853.20
658.62	858.40
658.75	1025.00
658.87	952.40
658.99	927.20
659.11	864.00
659.23	949.00
659.36	1008.60
659.48	953.20
659.60	921.60
659.72	919.00
659.84	903.00
659.97	923.40
660.09	927.40
660.21	1019.60
660.33	958.80
660.45	847.20
660.58	813.60
660.70	874.60
660.82	894.00
660.94	849.40
661.06	888.80
661.19	968.60
661.31	949.60
661.43	890.80
661.55	879.80
661.67	942.60
661.80	980.60
661.92	895.00
662.04	908.00
662.16	909.80
662.28	975.80
662.40	899.60
662.53	900.20
662.65	928.40
662.77	877.80
662.89	898.40
663.01	872.00
663.14	902.20
663.26	935.00
663.38	902.20
663.50	859.00
663.62	882.00
663.74	910.00
663.87	874.40
663.99	915.60
664.11	942.60
664.23	1033.40
664.35	898.60
664.48	882.20
664.60	900.80
664.72	888.00
664.84	859.20
664.96	891.60
665.08	960.20
665.21	925.00
665.33	925.20
665.45	845.40
665.57	910.00
665.69	990.20
665.81	893.20
665.94	857.00
666.06	880.80
666.18	928.60
666.30	893.40
666.42	867.40
666.54	917.80
666.67	935.00
666.79	877.80
666.91	940.80
667.03	899.00
667.15	869.00
667.27	885.00
667.40	857.60
667.52	891.80
667.64	951.40
667.76	887.20
667.88	863.60
668.00	941.40
668.13	951.80
668.25	867.40
668.37	871.00
668.49	888.60
668.61	956.20
668.73	899.80
668.85	905.40
668.98	928.00
669.10	920.00
669.22	883.60
669.34	890.60
669.46	951.20
669.58	891.20
669.71	910.20
669.83	904.80
669.95	896.40
670.07	913.20
670.19	879.80
670.31	891.80
670.43	892.00
670.56	924.80
670.68	952.00
670.80	918.60
670.92	908.80
671.04	974.60
671.16	893.40
671.28	884.00
671.41	888.60
671.53	942.80
671.65	887.00
671.77	890.20
671.89	1061.00
672.01	1010.00
672.13	934.00
672.26	873.40
672.38	920.80
672.50	881.40
672.62	892.40
672.74	920.40
672.86	903.60
672.98	920.60
673.11	906.40
673.23	909.40
673.35	963.80
673.47	904.20
673.59	906.40
673.71	862.60
673.83	938.20
673.96	1030.40
674.08	900.60
674.20	864.20
674.32	900.40
674.44	910.80
674.56	922.60
674.68	919.80
674.80	952.20
674.93	920.60
675.05	898.00
675.17	903.80
675.29	948.20
675.41	954.80
675.53	905.20
675.65	899.00
675.77	906.60
675.90	966.20
676.02	882.00
676.14	869.60
676.26	984.20
676.38	1019.60
676.50	907.40
676.62	926.40
676.74	877.40
676.87	894.80
676.99	911.40
677.11	951.40
677.23	935.80
677.35	941.40
677.47	863.00
677.59	885.00
677.71	928.60
677.83	946.40
677.96	907.40
678.08	904.60
678.20	918.00
678.32	889.20
678.44	905.80
678.56	900.20
678.68	1066.60
678.80	960.60
678.93	897.40
679.05	909.60
679.17	906.60
679.29	971.60
679.41	915.40
679.53	877.40
679.65	895.00
679.77	920.80
679.89	894.20
680.01	943.00
680.14	958.00
680.26	855.00
680.38	890.40
680.50	939.80
680.62	1008.60
680.74	943.80
680.86	908.60
680.98	923.00
681.10	944.40
681.22	1021.60
681.35	897.00
681.47	891.80
681.59	894.80
681.71	1003.40
681.83	911.00
681.95	881.20
682.07	975.60
682.19	933.60
682.31	900.20
682.43	868.00
682.56	956.60
682.68	864.80
682.80	875.80
682.92	935.60
683.04	918.00
683.16	908.00
683.28	878.80
683.40	934.80
683.52	916.80
683.64	945.00
683.76	879.40
683.89	890.40
684.01	909.00
684.13	978.40
684.25	908.60
684.37	915.40
684.49	958.40
684.61	909.20
684.73	909.40
684.85	900.80
684.97	887.00
685.09	976.80
685.21	879.80
685.34	913.60
685.46	1058.80
685.58	955.20
685.70	930.20
685.82	950.00
685.94	889.40
686.06	886.00
686.18	873.00
686.30	898.60
686.42	873.60
686.54	955.60
686.66	882.60
686.79	984.60
686.91	935.80
687.03	1038.60
687.15	940.40
687.27	914.20
687.39	909.80
687.51	992.40
687.63	927.60
687.75	959.20
687.87	944.60
687.99	993.40
688.11	878.00
688.23	933.00
688.35	977.00
688.48	960.40
688.60	882.80
688.72	902.20
688.84	928.40
688.96	964.80
689.08	923.20
689.20	915.20
689.32	1051.20
689.44	944.40
689.56	859.60
689.68	894.20
689.80	903.80
689.92	886.80
690.04	895.20
690.16	947.80
690.28	937.20
690.41	941.40
690.53	885.20
690.65	956.60
690.77	989.80
690.89	973.40
691.01	916.20
691.13	899.00
691.25	875.80
691.37	920.40
691.49	868.00
691.61	860.80
691.73	1007.80
691.85	920.60
691.97	898.20
692.09	884.80
692.21	971.60
692.33	1002.20
692.45	925.60
692.57	895.80
692.70	929.20
692.82	947.40
692.94	863.20
693.06	898.40
693.18	932.80
693.30	907.20
693.42	887.20
693.54	925.60
693.66	943.20
693.78	941.20
693.90	901.00
694.02	916.40
694.14	946.00
694.26	904.20
694.38	918.20
694.50	921.20
694.62	939.00
694.74	874.20
694.86	879.60
694.98	925.20
695.10	942.60
695.22	975.80
695.34	895.20
695.46	883.60
695.58	906.80
695.71	931.20
695.83	899.00
695.95	906.40
696.07	988.80
696.19	886.80
696.31	892.60
696.43	880.60
696.55	1008.00
696.67	939.40
696.79	894.00
696.91	920.20
697.03	912.40
697.15	1010.40
697.27	924.40
697.39	891.20
697.51	961.60
697.63	897.00
697.75	889.00
697.87	919.40
697.99	875.00
698.11	847.60
698.23	875.60
698.35	898.00
698.47	907.40
698.59	938.40
698.71	910.40
698.83	954.60
698.95	890.20
699.07	937.00
699.19	895.20
699.31	917.80
699.43	886.60
699.55	947.60
699.67	904.00
699.79	903.40
699.91	901.40
700.03	928.00
700.15	911.60
700.27	881.60
700.39	919.60
700.51	876.20
700.63	901.20
700.75	901.00
700.87	940.20
700.99	906.20
701.11	941.80
701.24	917.00
701.36	964.20
701.48	972.40
701.60	946.00
701.72	888.60
701.84	995.60
701.96	946.40
702.08	921.20
702.20	1010.20
702.32	956.80
702.44	954.20
702.56	917.40
702.68	915.80
702.80	924.40
702.92	1022.00
703.04	984.20
703.16	931.40
703.28	947.20
703.40	916.40
703.52	941.00
703.64	937.80
703.76	942.00
703.88	917.00
704.00	900.40
704.12	910.20
704.24	976.00
704.36	932.20
704.48	936.20
704.60	881.00
704.72	920.40
704.84	913.60
704.96	945.80
705.07	924.00
705.19	897.40
705.31	911.20
705.43	953.40
705.55	896.00
705.67	942.40
705.79	921.20
705.91	866.20
706.03	923.80
706.15	944.60
706.27	917.00
706.39	906.80
706.51	896.60
706.63	912.60
706.75	947.80
706.87	925.40
706.99	975.20
707.11	935.60
707.23	917.20
707.35	942.40
707.47	920.00
707.59	965.40
707.71	973.60
707.83	916.00
707.95	956.80
708.07	925.60
708.19	1050.00
708.31	931.00
708.43	886.40
708.55	938.00
708.67	986.20
708.79	937.80
708.91	951.80
709.03	940.20
709.15	986.00
709.27	895.60
709.39	930.00
709.51	911.40
709.63	948.60
709.75	950.80
709.87	884.60
709.99	970.40
710.11	902.20
710.23	908.00
710.35	883.00
710.47	1038.00
710.58	989.80
710.70	979.20
710.82	970.40
710.94	932.60
711.06	930.60
711.18	940.00
711.30	910.80
711.42	970.00
711.54	928.40
711.66	947.00
711.78	903.60
711.90	954.80
712.02	998.40
712.14	897.60
712.26	883.80
712.38	990.20
712.50	997.20
712.62	917.00
712.74	901.40
712.86	899.80
712.98	972.40
713.10	917.20
713.22	882.20
713.34	946.00
713.45	906.20
713.57	936.80
713.69	890.80
713.81	919.40
713.93	941.20
714.05	919.00
714.17	878.80
714.29	1012.00
714.41	993.00
714.53	914.80
714.65	943.20
714.77	939.00
714.89	892.20
715.01	976.40
715.13	900.20
715.25	944.60
715.37	897.00
715.49	878.40
715.61	940.80
715.72	954.40
715.84	986.00
715.96	917.80
716.08	915.80
716.20	1001.20
716.32	979.40
716.44	912.00
716.56	922.60
716.68	947.40
716.80	1037.40
716.92	990.40
717.04	945.20
717.16	957.00
717.28	934.80
717.40	920.40
717.52	932.40
717.63	914.40
717.75	936.40
717.87	932.20
717.99	947.40
718.11	918.20
718.23	1000.60
718.35	947.80
718.47	930.80
718.59	904.00
718.71	933.60
718.83	912.80
718.95	948.60
719.07	888.00
719.19	915.80
719.30	919.60
719.42	937.40
719.54	929.40
719.66	947.00
719.78	937.00
719.90	865.40
720.02	933.40
720.14	957.20
720.26	963.40
720.38	955.80
720.50	911.60
720.62	862.40
720.74	933.20
720.85	934.80
720.97	999.00
721.09	1040.20
721.21	926.60
721.33	998.20
721.45	948.20
721.57	960.80
721.69	904.80
721.81	882.60
721.93	1000.80
722.05	947.60
722.16	901.20
722.28	881.40
722.40	915.60
722.52	998.20
722.64	992.60
722.76	900.00
722.88	962.20
723.00	968.20
723.12	911.20
723.24	941.40
723.36	871.00
723.47	981.40
723.59	943.80
723.71	917.00
723.83	966.80
723.95	928.00
724.07	932.00
724.19	961.20
724.31	1027.40
724.43	904.40
724.55	854.80
724.66	905.00
724.78	1077.40
724.90	904.80
725.02	904.60
725.14	907.80
725.26	937.60
725.38	874.80
725.50	927.00
725.62	936.60
725.74	926.20
725.85	930.20
725.97	941.40
726.09	994.40
726.21	1269.60
726.33	969.80
726.45	928.00
726.57	901.80
726.69	956.20
726.81	949.00
726.92	918.80
727.04	940.20
727.16	959.80
727.28	932.00
727.40	928.80
727.52	941.60
727.64	1066.80
727.76	1031.60
727.88	960.40
727.99	894.00
728.11	910.40
728.23	933.60
728.35	913.40
728.47	913.20
728.59	927.00
728.71	954.00
728.83	941.20
728.94	973.60
729.06	1044.40
729.18	1012.40
729.30	964.80
729.42	937.00
729.54	1031.40
729.66	1041.00
729.78	942.00
729.90	948.60
730.01	925.20
730.13	861.60
730.25	925.60
730.37	914.40
730.49	970.20
730.61	954.00
730.73	954.00
730.84	973.20
730.96	973.80
731.08	961.00
731.20	952.00
731.32	942.60
731.44	1107.80
731.56	939.00
731.68	897.60
731.79	949.60
731.91	919.60
732.03	924.00
732.15	937.60
732.27	908.00
732.39	921.40
732.51	981.00
732.62	908.20
732.74	941.00
732.86	1008.00
732.98	966.40
733.10	944.60
733.22	948.80
733.34	968.20
733.45	876.20
733.57	925.00
733.69	887.20
733.81	926.60
733.93	954.20
734.05	859.60
734.17	924.40
734.28	950.20
734.40	950.00
734.52	922.20
734.64	921.80
734.76	1029.00
734.88	955.40
735.00	923.80
735.11	939.40
735.23	997.40
735.35	932.80
735.47	886.80
735.59	971.60
735.71	944.00
735.83	959.00
735.94	957.80
736.06	949.40
736.18	1003.20
736.30	994.60
736.42	962.00
736.54	960.00
736.65	977.60
736.77	1089.60
736.89	997.00
737.01	938.60
737.13	1059.20
737.25	873.80
737.36	904.20
737.48	933.40
737.60	947.40
737.72	939.40
737.84	927.40
737.96	982.80
738.08	938.00
738.19	1041.80
738.31	926.80
738.43	953.20
738.55	956.40
738.67	958.40
738.79	914.60
738.90	940.20
739.02	966.00
739.14	925.00
739.26	933.00
739.38	933.00
739.50	975.80
739.61	949.40
739.73	933.60
739.85	929.40
739.97	969.60
740.09	1012.40
740.20	891.60
740.32	943.00
740.44	974.60
740.56	906.40
740.68	921.80
740.80	942.40
740.91	947.40
741.03	997.40
741.15	973.80
741.27	931.60
741.39	996.40
741.51	954.40
741.62	985.60
741.74	946.20
741.86	951.60
741.98	913.20
742.10	957.80
742.21	959.20
742.33	955.80
742.45	917.00
742.57	998.20
742.69	936.40
742.80	987.40
742.92	935.20
743.04	942.60
743.16	925.20
743.28	1008.60
743.40	917.00
743.51	917.40
743.63	919.00
743.75	958.40
743.87	947.20
743.99	973.20
744.10	942.60
744.22	951.00
744.34	930.80
744.46	967.20
744.58	954.60
744.69	876.80
744.81	959.80
744.93	896.20
745.05	902.80
745.17	1026.20
745.28	1027.20
745.40	961.00
745.52	937.80
745.64	949.80
745.76	991.00
745.87	926.40
745.99	919.60
746.11	960.20
746.23	919.60
746.35	946.80
746.46	926.80
746.58	1063.20
746.70	956.00
746.82	961.80
746.94	936.40
747.05	912.60
747.17	901.80
747.29	891.80
747.41	931.60
747.53	1091.40
747.64	930.80
747.76	991.60
747.88	993.40
748.00	1009.40
748.12	969.00
748.23	943.80
748.35	960.00
748.47	996.40
748.59	995.80
748.70	921.80
748.82	915.20
748.94	922.00
749.06	938.20
749.18	936.00
749.29	903.00
749.41	972.60
749.53	959.80
749.65	926.80
749.76	970.00
749.88	940.60
750.00	967.60
750.12	977.40
750.24	972.60
750.35	962.40
750.47	914.80
750.59	968.00
750.71	941.00
750.82	983.40
750.94	919.80
751.06	928.00
751.18	921.20
751.30	986.00
751.41	985.80
751.53	968.80
751.65	919.60
751.77	934.20
751.88	970.40
752.00	982.00
752.12	900.80
752.24	1013.20
752.35	985.20
752.47	974.40
752.59	972.60
752.71	1031.40
752.83	932.60
752.94	1003.40
753.06	925.20
753.18	966.20
753.30	938.60
753.41	881.80
753.53	919.80
753.65	933.80
753.77	1008.40
753.88	924.80
754.00	954.40
754.12	963.80
754.24	1034.60
754.35	926.00
754.47	884.40
754.59	985.80
754.71	979.60
754.82	954.60
754.94	936.80
755.06	1010.80
755.18	980.80
755.29	969.60
755.41	920.80
755.53	979.60
755.65	921.60
755.76	954.80
755.88	948.20
756.00	1028.40
756.12	933.40
756.23	851.20
756.35	914.80
756.47	1000.80
756.59	934.00
756.70	924.20
756.82	924.00
756.94	934.80
757.06	984.00
757.17	959.40
757.29	925.00
757.41	903.80
757.53	971.80
757.64	950.00
757.76	944.80
757.88	971.20
758.00	975.60
758.11	925.00
758.23	899.20
758.35	973.20
758.47	913.40
758.58	965.20
758.70	901.00
758.82	923.00
758.94	910.00
759.05	954.40
759.17	899.00
759.29	939.80
759.40	1010.20
759.52	942.60
759.64	933.60
759.76	957.60
759.87	974.80
759.99	970.60
760.11	922.60
760.23	956.60
760.34	988.20
760.46	966.20
760.58	931.80
760.70	951.00
760.81	1003.20
760.93	956.60
761.05	974.00
761.16	966.80
761.28	929.00
761.40	916.20
761.52	912.80
761.63	1002.20
761.75	960.20
761.87	927.60
761.98	896.20
762.10	978.00
762.22	958.40
762.34	982.60
762.45	935.40
762.57	995.20
762.69	1091.40
762.81	937.00
762.92	957.80
763.04	901.00
763.16	965.60
763.27	981.40
763.39	925.20
763.51	977.80
763.63	976.00
763.74	931.80
763.86	882.80
763.98	909.40
764.09	938.60
764.21	949.80
764.33	900.40
764.44	925.40
764.56	953.00
764.68	909.60
764.80	939.00
764.91	891.40
765.03	1021.80
765.15	922.20
765.26	936.80
765.38	909.60
765.50	977.60
765.62	944.00
765.73	941.80
765.85	962.20
765.97	898.60
766.08	944.00
766.20	957.60
766.32	960.00
766.43	990.00
766.55	970.20
766.67	924.60
766.79	942.60
766.90	914.20
767.02	870.60
767.14	904.80
767.25	908.20
767.37	1041.80
767.49	959.00
767.60	933.60
767.72	1002.00
767.84	989.40
767.95	917.60
768.07	910.00
768.19	962.40
768.31	976.80
768.42	967.60
768.54	930.20
768.66	951.00
768.77	986.20
768.89	944.20
769.01	926.60
769.12	968.80
769.24	958.40
769.36	909.40
769.47	905.80
769.59	906.80
769.71	976.60
769.82	932.00
769.94	926.00
770.06	899.40
770.17	985.20
770.29	940.00
770.41	969.40
770.53	968.80
770.64	911.40
770.76	946.80
770.88	951.80
770.99	977.80
771.11	911.00
771.23	945.00
771.34	939.20
771.46	1051.20
771.58	1005.20
771.69	971.00
771.81	943.80
771.93	992.20
772.04	922.40
772.16	960.80
772.28	941.20
772.39	996.20
772.51	935.40
772.63	963.00
772.74	927.80
772.86	936.00
772.98	1065.00
773.09	919.40
773.21	918.60
773.33	964.60
773.44	967.80
773.56	944.00
773.68	930.40
773.79	994.40
773.91	935.80
774.03	944.00
774.14	924.60
774.26	993.60
774.38	909.00
774.49	887.80
774.61	930.00
774.73	946.60
774.84	923.40
774.96	911.20
775.08	933.20
775.19	963.60
775.31	1000.60
775.43	945.00
775.54	913.20
775.66	885.20
775.77	989.20
775.89	915.40
776.01	982.00
776.12	992.20
776.24	956.00
776.36	898.20
776.47	910.20
776.59	955.20
776.71	989.00
776.82	880.40
776.94	894.00
777.06	922.00
777.17	1015.60
777.29	899.80
777.41	913.00
777.52	964.80
777.64	941.60
777.75	963.80
777.87	876.80
777.99	916.20
778.10	990.40
778.22	924.20
778.34	949.80
778.45	932.80
778.57	990.60
778.69	972.60
778.80	949.40
778.92	1044.60
779.04	956.00
779.15	928.00
779.27	976.40
779.38	979.20
779.50	1007.00
779.62	889.80
779.73	925.00
779.85	875.80
779.97	1058.80
780.08	944.60
780.20	930.60
780.31	970.40
780.43	979.20
780.55	914.00
780.66	952.80
780.78	969.20
780.90	1050.20
781.01	917.20
781.13	935.40
781.25	933.80
781.36	988.60
781.48	914.60
781.59	925.60
781.71	976.80
781.83	968.40
781.94	907.40
782.06	915.20
782.18	987.80
782.29	908.60
782.41	884.80
782.52	981.80
782.64	989.20
782.76	958.00
782.87	955.40
782.99	927.40
783.10	1071.40
783.22	1094.60
783.34	943.20
783.45	943.40
783.57	941.00
783.69	912.80
783.80	950.80
783.92	962.40
784.03	939.60
784.15	912.60
784.27	941.20
784.38	915.60
784.50	920.40
784.61	941.80
784.73	906.20
784.85	918.80
784.96	911.80
785.08	1000.60
785.19	978.60
785.31	918.40
785.43	894.80
785.54	898.20
785.66	951.20
785.77	934.80
785.89	961.40
786.01	889.20
786.12	929.00
786.24	933.80
786.35	1014.20
786.47	966.00
786.59	914.40
786.70	887.00
786.82	946.40
786.93	955.40
787.05	932.00
787.17	939.40
787.28	933.00
787.40	955.40
787.51	953.80
787.63	952.00
787.75	891.60
787.86	957.60
787.98	964.20
788.09	927.40
788.21	956.00
788.33	971.40
788.44	955.20
788.56	911.80
788.67	967.20
788.79	919.20
788.91	937.20
789.02	909.80
789.14	926.80
789.25	1028.80
789.37	957.20
789.48	916.60
789.60	954.00
789.72	907.60
789.83	966.40
789.95	950.60
790.06	885.00
790.18	902.00
790.30	967.40
790.41	942.40
790.53	915.20
790.64	890.00
790.76	891.40
790.87	918.60
790.99	934.20
791.11	948.40
791.22	912.20
791.34	926.40
791.45	969.40
791.57	959.80
791.68	915.00
791.80	897.60
791.92	970.80
792.03	910.20
792.15	886.20
792.26	912.80
792.38	881.20
792.49	946.20
792.61	922.60
792.73	931.60
792.84	937.40
792.96	1034.20
793.07	918.80
793.19	1755.00
793.30	1027.20
793.42	979.40
793.54	864.00
793.65	880.00
793.77	1072.20
793.88	920.80
794.00	872.80
794.11	922.20
794.23	876.00
794.34	943.80
794.46	865.40
794.58	874.80
794.69	1036.20
794.81	1018.40
794.92	888.00
795.04	885.80
795.15	1006.80
795.27	966.60
795.39	930.20
795.50	893.00
795.62	898.40
795.73	919.60
795.85	892.80
795.96	942.20
796.08	989.20
796.19	911.80
796.31	913.60
796.42	877.80
796.54	899.80
796.66	967.00
796.77	880.40
796.89	870.20
797.00	980.60
797.12	843.40
797.23	906.60
797.35	933.00
797.46	965.60
797.58	982.40
797.69	935.00
797.81	912.20
797.93	918.20
798.04	900.60
798.16	896.60
798.27	938.00
798.39	887.20
798.50	878.00
798.62	865.40
798.73	877.00
798.85	1001.20
798.96	939.40
799.08	951.60
799.19	948.20
799.31	938.20
799.43	928.60
799.54	894.80
799.66	926.60
799.77	947.20
799.89	900.80
800.00	855.00
800.12	901.20
800.23	979.60
800.35	1007.20
800.46	855.20
800.58	843.60
800.69	919.80
800.81	903.40
800.92	870.00
801.04	915.80
801.16	854.80
801.27	866.00
801.39	871.20
801.50	892.80
801.62	913.80
801.73	970.80
801.85	949.20
801.96	872.80
802.08	976.60
802.19	970.80
802.31	898.80
802.42	910.00
802.54	993.80
802.65	973.60
802.77	888.40
802.88	935.80
803.00	870.60
803.11	1030.20
803.23	913.40
803.34	911.20
803.46	945.40
803.57	879.00
803.69	938.40
803.80	878.20
803.92	977.40
804.03	905.60
804.15	923.80
804.26	940.40
804.38	952.80
804.50	885.20
804.61	920.80
804.73	909.40
804.84	930.60
804.96	843.60
805.07	901.00
805.19	876.80
805.30	939.40
805.42	966.20
805.53	912.00
805.65	878.80
805.76	859.00
805.88	894.20
805.99	917.00
806.11	929.00
806.22	885.80
806.34	889.00
806.45	901.00
806.57	893.20
806.68	958.20
806.80	845.40
806.91	870.00
807.03	867.00
807.14	842.60
807.26	849.80
807.37	852.00
807.49	905.20
807.60	878.20
807.72	979.40
807.83	979.80
807.95	915.60
808.06	936.00
808.17	922.60
808.29	940.20
808.40	871.60
808.52	905.00
808.63	909.80
808.75	911.60
808.86	891.80
808.98	921.80
809.09	875.60
809.21	908.20
809.32	874.80
809.44	936.00
809.55	866.60
809.67	909.80
809.78	859.40
809.90	929.20
810.01	962.20
810.13	874.80
810.24	910.20
810.36	842.40
810.47	927.80
810.59	903.60
810.70	922.60
810.82	946.00
810.93	850.60
811.05	860.60
811.16	868.20
811.27	881.60
811.39	903.40
811.50	924.40
811.62	838.40
811.73	816.80
811.85	918.00
811.96	894.20
812.08	913.60
812.19	892.80
812.31	922.20
812.42	887.40
812.54	866.80
812.65	945.20
812.77	949.20
812.88	928.60
813.00	922.60
813.11	911.60
813.22	862.80
813.34	870.80
813.45	886.80
813.57	981.80
813.68	983.20
813.80	896.60
813.91	855.40
814.03	883.00
814.14	977.60
814.26	871.80
814.37	886.00
814.49	888.60
814.60	859.60
814.71	860.40
814.83	873.20
814.94	829.20
815.06	872.00
815.17	879.40
815.29	871.00
815.40	836.40
815.52	973.00
815.63	868.40
815.75	852.80
815.86	899.80
815.97	834.20
816.09	879.80
816.20	894.00
816.32	905.20
816.43	830.00
816.55	882.20
816.66	862.00
816.78	973.00
816.89	882.20
817.00	882.00
817.12	850.20
817.23	852.00
817.35	912.80
817.46	876.20
817.58	834.60
817.69	973.20
817.81	867.40
817.92	904.60
818.03	883.60
818.15	877.60
818.26	833.40
818.38	831.40
818.49	856.80
818.61	887.00
818.72	839.80
818.83	1926.00
818.95	1002.40
819.06	854.60
819.18	858.20
819.29	880.80
819.41	857.60
819.52	886.60
819.64	877.20
819.75	840.00
819.86	824.40
819.98	848.20
820.09	896.60
820.21	866.80
820.32	821.40
820.44	890.40
820.55	941.60
820.66	838.40
820.78	891.20
820.89	859.00
821.01	880.40
821.12	865.00
821.23	880.20
821.35	854.60
821.46	916.20
821.58	860.80
821.69	850.20
821.81	842.00
821.92	912.20
822.03	857.20
822.15	862.00
822.26	823.20
822.38	827.80
822.49	864.80
822.61	862.60
822.72	879.60
822.83	917.20
822.95	852.40
823.06	862.60
823.18	915.80
823.29	943.00
823.40	885.80
823.52	845.80
823.63	809.40
823.75	956.60
823.86	855.60
823.97	802.00
824.09	901.00
824.20	821.80
824.32	858.80
824.43	842.60
824.55	899.40
824.66	958.20
824.77	858.20
824.89	861.80
825.00	916.80
825.12	870.60
825.23	875.40
825.34	809.40
825.46	814.00
825.57	891.60
825.69	834.20
825.80	775.00
825.91	819.80
826.03	801.40
826.14	873.40
826.26	806.60
826.37	851.20
826.48	838.40
826.60	854.00
826.71	821.60
826.83	864.00
826.94	862.00
827.05	884.00
827.17	880.00
827.28	846.60
827.39	835.20
827.51	805.80
827.62	834.60
827.74	855.00
827.85	834.40
827.96	821.60
828.08	832.00
828.19	945.00
828.31	841.60
828.42	785.20
828.53	860.00
828.65	895.00
828.76	905.40
828.87	861.60
828.99	807.60
