Wavelength (nm)	Intensity
399.99	1316.966332013965
400.13	1282.5034204251556
400.26	1374.3284629455893
400.39	1386.6417745820845
400.52	1340.5645129332033
400.65	1335.9866004329756
400.79	1318.5789852998978
400.92	1300.03226296926
401.05	1333.5142563484767
401.18	1361.0313284244744
401.32	1434.8937240275313
401.45	1364.5374473897189
401.58	1344.037624648635
401.71	1348.0338121852442
401.85	1326.4110496690105
401.98	1330.7910163307688
402.11	1347.1468187640053
402.24	1387.2458512594797
402.37	1398.5524162976394
402.51	1357.266186681846
402.64	1358.354175529798
402.77	1452.0242968913822
402.9	1460.6028164205886
403.04	1375.6019702759113
403.17	1326.4780723145975
403.3	1404.9303919219406
403.43	1454.6439066800438
403.56	1390.202077335109
403.7	1401.1233380615795
403.83	1447.4824738901154
403.96	1388.9013137113416
404.09	1355.3521879252828
404.23	1323.6985093936437
404.36	1335.7962365038009
404.49	1401.4082076554012
404.62	1394.995568946945
404.75	1354.3323764473785
404.89	1435.8065152494926
405.02	1446.3645362887426
405.15	1358.439104530775
405.28	1380.7409519908706
405.42	1448.3173331975386
405.55	1475.1924766450472
405.68	1429.3241188054042
405.81	1379.1681610817536
405.94	1589.1909605059172
406.08	1452.7986559967883
406.21	1376.413873433456
406.34	1389.1219702429848
406.47	1452.2541568385088
406.6	1442.9408822870469
406.74	1372.2330581529443
406.87	1358.855739777538
407.0	1433.0954935673708
407.13	1432.1726138574413
407.26	1442.1050761311355
407.4	1428.90692137558
407.53	1522.0171966276696
407.66	1548.588618851026
407.79	1440.8466855610977
407.93	1427.4289375275819
408.06	1402.8709537942395
408.19	1537.6403994631341
408.32	1480.122914057395
408.45	1423.3837619992607
408.59	1584.943124754376
408.72	1512.7241914211309
408.85	1427.925369708801
408.98	1449.673636581993
409.11	1472.236400339142
409.25	1576.6858523457433
409.38	1519.4422603073006
409.51	1449.0959712389329
409.64	1591.976748439543
409.77	1551.7163926983085
409.91	1441.455330869262
410.04	1459.112094531673
410.17	1486.1974882916702
410.3	1462.0869329088039
410.43	1461.431539642983
410.57	1476.2530521002109
410.7	1509.5654558015801
410.83	1444.8157514680922
410.96	1456.6151408662947
411.09	1439.6937844823549
411.23	1475.826472152797
411.36	1490.0293499103161
411.49	1497.5571201363261
411.62	1465.4144375524538
411.75	1458.421427658713
411.88	1449.5196709679637
412.02	1465.6052244198647
412.15	1454.6878975610741
412.28	1501.0231520155025
412.41	1540.426752523282
412.54	1544.4485744743847
412.68	1447.260181004886
412.81	1498.7542299283434
412.94	1611.320098774588
413.07	1538.754846361584
413.2	1514.2105987606521
413.34	1563.7984191840662
413.47	1647.7839104917957
413.6	1546.1418355128512
413.73	1485.3493201368842
413.86	1536.3881432902263
413.99	1506.9185938110966
414.13	1474.290039538095
414.26	1512.1183954866624
414.39	1521.1480555379717
414.52	1643.765015552498
414.65	1541.9040695083283
414.79	1488.8332517707772
414.92	1505.1559089789766
415.05	1537.2884565195225
415.18	1507.1759146616612
415.31	1521.5084997927024
415.44	1440.577816681433
415.58	1556.7244695871543
415.71	1601.132959904632
415.84	1476.81174977632
415.97	1523.4714624799053
416.1	1668.3208166776678
416.24	1565.6003737155445
416.37	1478.0391216625137
416.5	1513.8455256560246
416.63	1560.829369562779
416.76	1536.0175022840683
416.89	1481.453585355207
417.03	1579.3971845927408
417.16	1553.2295405660625
417.29	1507.2490154847142
417.42	1488.379678352094
417.55	1465.3857598588872
417.68	1571.1001975004056
417.82	1523.9926085060113
417.95	1509.7449557108566
418.08	1576.9018539230765
418.21	1520.5936631410611
418.34	1501.8545074778108
418.47	1517.1325134878837
418.61	1544.5671157771392
418.74	1644.405954997935
418.87	1581.5046773726383
419.0	1489.19168560569
419.13	1544.3615693287122
419.26	1607.3357801217041
419.4	1528.865549235922
419.53	1479.647542908102
419.66	1672.4103693191364
419.79	1667.9356220315863
419.92	1568.7642848754347
420.05	1593.6555475788034
420.19	1656.0073365014953
420.32	1742.8875570923747
420.45	1644.4996960176109
420.58	1545.0750577125236
420.71	1483.8982762278745
420.84	1581.4326299856116
420.98	1510.0826745380507
421.11	1518.851073814485
421.24	1611.2263684352558
421.37	1674.5105033975578
421.5	1614.4465431194317
421.63	1556.7899239194162
421.77	1567.8624748993827
421.9	1573.992714854634
422.03	1559.684836728965
422.16	1528.647070387339
422.29	1622.3882763353377
422.42	1652.6325942023502
422.55	1596.53981494535
422.69	1543.2621822504798
422.82	1629.5413926782603
422.95	1650.349834968394
423.08	1530.4672760061562
423.21	1479.3657623029248
423.34	1510.294730004446
423.48	1539.371017811542
423.61	1572.0669445698513
423.74	1532.4890727469742
423.87	1527.2518473360287
424.0	1602.999273550865
424.13	1616.9947891758175
424.26	1565.9759775285297
424.4	1501.677220359576
424.53	1523.6165583681686
424.66	1504.3784487077912
424.79	1547.8107040653833
424.92	1594.0510693936762
425.05	1548.9571726417112
425.18	1585.3090155979098
425.32	1546.1113940284574
425.45	1575.8054514729324
425.58	1614.6258052907058
425.71	1515.1443163346662
425.84	1539.026617116968
425.97	1575.1192108463354
426.1	1597.8821977527266
426.24	1531.501064526658
426.37	1518.7558120437066
426.5	1557.5941154817338
426.63	1668.889780501999
426.76	1636.7025067403604
426.89	1550.088947100949
427.02	1701.135891421114
427.16	1701.5926108343192
427.29	1588.3481756872625
427.42	1566.8179987308001
427.55	1537.5779239927763
427.68	1572.7295532676465
427.81	1537.1438250970039
427.94	1564.0199013506988
428.07	1668.0388220588025
428.21	1625.0463115185144
428.34	1568.432940389433
428.47	1464.69882069427
428.6	1755.0835833398319
428.73	1778.8437603128575
428.86	1652.0382275815969
428.99	1539.081086613546
429.13	1575.126639267749
429.26	1733.5925256996195
429.39	1585.9403591433224
429.52	1575.4493227467956
429.65	1580.4814536958643
429.78	1640.7379550916637
429.91	1607.9985223781027
430.04	1567.1432187915923
430.18	1662.5442870774823
430.31	1717.3929327481453
430.44	1572.3309195650002
430.57	1538.243646688399
430.7	1595.324602694309
430.83	1543.833559887839
430.96	1580.8964129849035
431.09	1557.017525237599
431.23	1675.7848667342337
431.36	1736.728139962302
431.49	1635.9774745446032
431.62	1600.0863527907904
431.75	1728.7646865176735
431.88	1757.2269830196128
432.01	1638.220137575236
432.14	1574.2410508200896
432.28	1633.5871100720592
432.41	1662.2589370392568
432.54	1621.636414948699
432.67	1645.0040112277275
432.8	1660.045877268575
432.93	1710.1706104328894
433.06	1642.4979856791172
433.19	1632.6993028749025
433.32	1618.9077146820248
433.46	1633.7646060651984
433.59	1576.1265540993334
433.72	1604.0620485130844
433.85	1595.262910426306
433.98	1677.7164712197962
434.11	1605.5734246910924
434.24	1649.2449339008858
434.37	1675.4817426910852
434.5	1699.3058396641766
434.64	1634.4908438695065
434.77	1620.7499183125979
434.9	1620.7330246868223
435.03	1730.141537092475
435.16	1621.8324674749185
435.29	1655.3905218443122
435.42	1743.1997358922404
435.55	1678.0701698969553
435.68	1631.8014542202102
435.82	1585.2705495878138
435.95	1735.8868838047015
436.08	1810.7439251086876
436.21	1637.2734050949698
436.34	1591.947562029592
436.47	1623.0067630409417
436.6	1669.3639349623088
436.73	1633.3736994653818
436.86	1665.247684962268
436.99	1612.4251885378715
437.13	1589.9549123500678
437.26	1561.0884786369581
437.39	1592.9998861898434
437.52	1730.2468154123821
437.65	1714.4784734299294
437.78	1618.8057221532058
437.91	1571.5244955081648
438.04	1814.1183898170937
438.17	1750.176441396267
438.3	1600.7560568329784
438.44	1590.8312889641343
438.57	1679.1791677548385
438.7	1775.4748046776376
438.83	1722.4048607462694
438.96	1639.7433724817106
439.09	1678.8784553480484
439.22	1767.1223158632565
439.35	1758.3249636557236
439.48	1703.6765696630002
439.61	1739.5735554059372
439.74	1647.0297327518183
439.88	1606.4483372142613
440.01	1628.3255337431874
440.14	1711.562508347355
440.27	1776.6307895378616
440.4	1673.6963013425336
440.53	1653.4495193067453
440.66	1779.2606283821874
440.79	1867.1443192589288
440.92	1713.1804433730126
441.05	1659.5338819222259
441.18	1801.743648723209
441.32	1723.1627390285137
441.45	1651.74801296539
441.58	1619.7884015196228
441.71	1665.4513821789378
441.84	1681.8996052507196
441.97	1712.920370657313
442.1	1718.7581156736073
442.23	1816.4535735896081
442.36	1736.5673578792494
442.49	1700.054177835214
442.62	1614.6156628539675
442.75	1674.8456775149507
442.88	1659.0391036879225
443.02	1606.00332250534
443.15	1634.8824752345693
443.28	1693.690358167006
443.41	1801.6310062099622
443.54	1670.0653199125297
443.67	1679.5761980279663
443.8	1618.0526930753017
443.93	1656.2801289438294
444.06	1660.6076762990588
444.19	1661.844775846845
444.32	1646.5396236155657
444.45	1685.0679126977266
444.58	1684.2497826267727
444.72	1705.3576266571033
444.85	1700.5873977303445
444.98	1801.9889546369081
445.11	1737.4133487370473
445.24	1698.745689219939
445.37	1719.1719614997223
445.5	1770.5974751468743
445.63	1711.3534072270736
445.76	1665.8618296861744
445.89	1614.5560681168392
446.02	1848.430488793072
446.15	1777.1071509011792
446.28	1636.4753428902118
446.41	1715.87087714814
446.55	1727.463318408731
446.68	1673.173794640634
446.81	1669.8239889645088
446.94	1776.5701760933953
447.07	1803.6811868786099
447.2	1723.8727444326112
447.33	1670.0040720066695
447.46	1775.1536341282049
447.59	1779.343965176922
447.72	1706.809437620742
447.85	1743.09337115397
447.98	1726.3915018873013
448.11	1739.0616823082173
448.24	1766.6017031797687
448.37	1698.8702006846436
448.5	1761.7173801243177
448.64	1795.3497754762332
448.77	1713.6291265229463
448.9	1688.5465632897092
449.03	1758.7080334941256
449.16	1700.00332828793
449.29	1740.0817589056876
449.42	1734.0099585924177
449.55	1725.923347731151
449.68	1826.4413191776978
449.81	1725.7971218259659
449.94	1647.3771674984507
450.07	1809.8369339289038
450.2	1802.7843468095439
450.33	1734.5409692362464
450.46	1720.489466517097
450.59	1794.3578144291323
450.72	1762.2380641277568
450.85	1716.9398656171961
450.98	1748.4644159133566
451.12	1798.339614495988
451.25	1988.809666608519
451.38	1740.4899003041028
451.51	1768.3546715351588
451.64	1741.7662565738294
451.77	1725.6856173337608
451.9	1712.139119845343
452.03	1696.4001589602697
452.16	1883.5665807578637
452.29	1893.2807295633977
452.42	1738.7148584075446
452.55	1731.504261748617
452.68	1834.5065591116138
452.81	1720.8776208368859
452.94	1805.2869742330352
453.07	1710.111919648317
453.2	1648.391062783062
453.33	1818.075889016191
453.46	1729.5607511716948
453.59	1825.9196797536747
453.72	1918.8625691242933
453.85	1837.5951255083844
453.98	1794.289674376661
454.12	1786.5400450462703
454.25	1766.0359923455796
454.38	1797.1231506363388
454.51	1722.1330448764686
454.64	1734.2855584277274
454.77	1753.610765071471
454.9	1713.3415055045523
455.03	1744.5740120667062
455.16	1723.0554458390195
455.29	1754.8009544661356
455.42	1885.9251589348282
455.55	1778.3586370070584
455.68	1719.1480460716589
455.81	1815.698588978667
455.94	1823.1941361722152
456.07	1730.584175543387
456.2	1719.7952029706257
456.33	1719.7787103117043
456.46	1718.9188583254706
456.59	1767.6137564770186
456.72	1749.3412083963822
456.85	1786.5658849475449
456.98	1841.5702356659542
457.11	1771.6820790590616
457.24	1795.632093572113
457.37	1907.6034970122662
457.5	1885.4760992011345
457.63	1838.8482132530148
457.76	1776.6059088600932
457.89	1806.6220648004355
458.02	1798.1213047693213
458.15	1803.066946762829
458.28	1801.3024981263568
458.41	1808.8266305538461
458.55	1758.9729403903964
458.68	1777.8981325026148
458.81	1812.3178504168866
458.94	1938.8406314318115
459.07	2003.1239921357185
459.2	1773.0657865626483
459.33	1793.7529687645547
459.46	1937.4713214510396
459.59	2008.5977046152761
459.72	1933.53202506202
459.85	1825.1956025883735
459.98	1965.7356552458182
460.11	1911.8336366518497
460.24	1854.7125765619264
460.37	1798.5150892479778
460.5	1920.2061002766561
460.63	1894.787632761512
460.76	1835.8020799906133
460.89	1859.0878753446902
461.02	1922.4129768792438
461.15	1932.307577630203
461.28	1859.0023297416597
461.41	1840.238423744398
461.54	2001.3811101098927
461.67	1827.1590709585773
461.8	1883.3429651096203
461.93	1929.134844673378
462.06	1944.6851971898031
462.19	1987.6196819074162
462.32	1867.1946236981553
462.45	1839.0132337303994
462.58	1934.8613831209161
462.71	1869.7055380490558
462.84	1871.4745769589365
462.97	1798.8555126326482
463.1	1883.853237941972
463.23	1928.3148108392131
463.36	1939.806220940868
463.49	1915.0991121541679
463.62	1838.251993946803
463.75	1949.2332579981505
463.88	1876.8446715474304
464.01	1908.0772263994952
464.14	1857.1492455883144
464.27	2080.087375070754
464.4	1907.595146430454
464.53	1893.4315498035148
464.66	1981.0926135149814
464.79	1954.9285098473194
464.92	1937.775617658686
465.05	1881.6041525098667
465.18	1942.662469379847
465.31	1948.8855411380266
465.44	1928.754694116176
465.57	1898.8021097876215
465.7	1921.6340975078017
465.83	2129.5554862371155
465.96	1976.0627193216117
466.09	1932.2737996944659
466.22	2053.349699016529
466.35	2018.8367610637927
466.48	1927.4354581424839
466.61	1946.2194987244093
466.74	1973.8259349830669
466.87	2061.037604852561
467.0	2021.2473740331925
467.13	2003.0294024889854
467.26	2059.710332514002
467.39	1936.207302500135
467.52	1942.2627101445353
467.65	1973.191164784539
467.78	2119.342321968872
467.91	2011.4257588835796
468.04	2024.338086309093
468.17	1973.9078839712035
468.3	2003.411798890722
468.43	1957.9959100215453
468.56	1995.7278241231813
468.69	2045.9957085465926
468.82	2071.1458483588426
468.95	1983.9749056949738
469.08	2017.8403351468799
469.21	2044.1899111308828
469.34	2107.8498857345844
469.47	2218.0400409790395
469.6	2172.332593014436
469.73	2071.420081900214
469.86	2110.0520984596096
469.99	2153.3858513768187
470.11	2031.0084058371879
470.24	2066.2104019443536
470.37	2153.15267968593
470.5	2098.9581726333618
470.63	2060.5103889902425
470.76	2085.9396822738154
470.89	2176.671014034186
471.02	2284.6600771355115
471.15	2091.7981078483595
471.28	2108.940195269094
471.41	2281.199714748381
471.54	2179.0111710708384
471.67	2110.9500519849375
471.8	2049.0291479789803
471.93	2238.5190851053367
472.06	2182.8600668966783
472.19	2137.894813429342
472.32	2105.7874755444145
472.45	2341.5856958416393
472.58	2275.8308742514214
472.71	2200.8665303837374
472.84	2157.6762553783224
472.97	2168.9389541374435
473.1	2123.145648486331
473.23	2252.6448160003347
473.36	2144.959382595207
473.49	2317.484815684821
473.62	2285.7022563614087
473.75	2252.2225926487486
473.88	2263.635448594863
474.01	2204.664094605125
474.14	2218.1953944987577
474.27	2266.169824812935
474.39	2303.297038830978
474.52	2262.667702812054
474.65	2263.2546316783114
474.78	2291.8241443774964
474.91	2218.570428332409
475.04	2328.417985750224
475.17	2481.3757255671035
475.3	2339.2395083729493
475.43	2334.4724290579516
475.56	2395.324128547796
475.69	2317.8900741491084
475.82	2373.326956162274
475.95	2293.484752135197
476.08	2454.243071746077
476.21	2357.2736443338513
476.34	2399.900002046266
476.47	2403.881249493484
476.6	2466.446550801091
476.73	2373.263395051044
476.86	2361.6152214203034
476.99	2343.274315979641
477.12	2466.4647889087287
477.25	2394.9539228554563
477.37	2322.064138933196
477.5	2370.0009542565726
477.63	2429.019107747114
477.76	2405.4087471063713
477.89	2340.5203583690054
478.02	2361.494666548449
478.15	2450.0087315739866
478.28	2427.544185289618
478.41	2483.05476160213
478.54	2422.487580828832
478.67	2542.120436131164
478.8	2455.806527147308
478.93	2464.755406077548
479.06	2486.6289535972332
479.19	2494.7453876782
479.32	2461.9303226501943
479.45	2474.889881789404
479.58	2470.429296037891
479.71	2511.843638552625
479.83	2541.3231728459227
479.96	2513.901591654742
480.09	2572.6881068375783
480.22	2757.057145176852
480.35	2717.1205158172024
480.48	2618.0746850324667
480.61	2584.3712786612723
480.74	2561.536789753439
480.87	2633.706204378263
481.0	2580.5272732302624
481.13	2591.488297408458
481.26	2616.211806950307
481.39	2700.0722114150985
481.52	2601.716846377246
481.65	2625.256581622708
481.78	2675.856667150982
481.9	2630.4989950222425
482.03	2627.7383733757433
482.16	2625.633604847044
482.29	2749.4424284816855
482.42	2675.6514132798366
482.55	2698.0844712607113
482.68	2645.4819025356874
482.81	2701.4771233657893
482.94	2769.2052109696315
483.07	2676.2822939927623
483.2	2767.1471343743747
483.33	2755.4080829033132
483.46	2713.3400455179626
483.59	2739.6846190891433
483.72	2770.52523092989
483.84	2804.9236092862548
483.97	2799.225139293051
484.1	2736.0745719582815
484.23	2734.330085759335
484.36	2735.981051132794
484.49	2705.3844988815
484.62	2753.0715887649867
484.75	2781.3186154173136
484.88	2817.465969909834
485.01	2771.5356052353673
485.14	2810.786781754673
485.27	2773.923341600049
485.4	2871.7299994885257
485.52	2811.6630967999645
485.65	2922.2675979725072
485.78	2871.193987770133
485.91	2925.3628895077763
486.04	2812.480450335756
486.17	2860.2853661436857
486.3	2824.8447805164224
486.43	2869.5753743105124
486.56	2900.8384678289076
486.69	2872.0161083933212
486.82	2920.5825545862117
486.95	2910.4450722834426
487.07	2897.4967357669475
487.2	2939.4739097799447
487.33	2941.8142437811694
487.46	2933.4545559293488
487.59	2901.434387525372
487.72	2931.5185034612214
487.85	2883.037849919227
487.98	2993.564824994693
488.11	3026.890387336635
488.24	2941.881710034167
488.37	2903.69126027319
488.49	2963.1236687637797
488.62	2928.880156959936
488.75	2966.845543158802
488.88	2974.0234879677846
489.01	3019.4249120267827
489.14	3127.5319779268652
489.27	3054.429250291625
489.4	3055.7581974335594
489.53	3084.438656276677
489.66	3070.762855695472
489.79	3045.374632814102
489.91	3043.875758637927
490.04	3032.6093190291203
490.17	3045.0496557699985
490.3	3041.833708310097
490.43	3032.746320746582
490.56	3087.5764425672182
490.69	3032.0385864350783
490.82	3040.103265496949
490.95	3036.815313740664
491.08	3175.0262214254926
491.2	3140.760441440043
491.33	3121.191662408409
491.46	3134.410264114893
491.59	3070.0320863260263
491.72	3123.55840161282
491.85	3104.515619433348
491.98	3121.8944057883655
492.11	3219.933439857962
492.24	3173.2071580442926
492.37	3162.1884579393845
492.49	3191.1198329468657
492.62	3176.8599960728748
492.75	3156.6960140620035
492.88	3182.071638434018
493.01	3164.223987237032
493.14	3152.4926677572257
493.27	3195.932016941823
493.4	3167.4056872207243
493.53	3145.9768474161606
493.65	3151.1573641980335
493.78	3206.6436631078604
493.91	3248.6555737116073
494.04	3257.3985531018975
494.17	3310.5366515143182
494.3	3302.4348968301683
494.43	3226.3091595295896
494.56	3279.217831790213
494.69	3388.5158323413593
494.81	3340.9912284490556
494.94	3268.271419930013
495.07	3294.650977875052
495.2	3315.9274394309828
495.33	3276.0176383787248
495.46	3256.0913844843576
495.59	3250.651269365141
495.72	3321.6649981578857
495.84	3295.976028658795
495.97	3260.0602362205523
496.1	3313.3320484280553
496.23	3405.5294012722443
496.36	3427.201891791877
496.49	3316.245224600603
496.62	3356.064946966178
496.75	3402.9845789222563
496.88	3388.882434271972
497.0	3301.209913176735
497.13	3342.9138017345845
497.26	3315.659428506316
497.39	3386.3600450267
497.52	3340.8196676321163
497.65	3339.3210562198974
497.78	3399.285460142811
497.91	3468.781427095
498.03	3407.4582866012624
498.16	3307.3229906640718
498.29	3422.3695349908203
498.42	3482.998333233849
498.55	3482.95596872673
498.68	3433.61561219798
498.81	3456.1242894225297
498.93	3375.4217623947197
499.06	3433.146727183872
499.19	3451.6607505217726
499.32	3502.736876101448
499.45	3559.4425393563806
499.58	3469.743549921238
499.71	3409.914467156659
499.84	3494.9996616982075
499.96	3458.4622255351574
500.09	3434.284579324465
500.22	3482.7701434750247
500.35	3554.425115560022
500.48	3660.989588963956
500.61	3516.6216984473263
500.74	3527.4946746005808
500.86	3570.4059687521467
500.99	3581.5203560400555
501.12	3555.5206041485317
501.25	3487.826539393444
501.38	3555.066578725584
501.51	3633.244105634396
501.64	3574.4218622720455
501.76	3555.288862104424
501.89	3601.6527144376105
502.02	3511.1570711970467
502.15	3582.4021868108416
502.28	3566.224923158868
502.41	3524.994520450676
502.54	3536.4101658787235
502.66	3523.430902356419
502.79	3564.2214405482555
502.92	3636.26019833483
503.05	3592.854587308048
503.18	3569.647617938595
503.31	3593.2255686596773
503.44	3680.9282404620294
503.56	3623.25362843191
503.69	3628.1967021392443
503.82	3647.4013133888407
503.95	3683.1866419117005
504.08	3600.3187147764925
504.21	3642.8654693003155
504.34	3701.419836134822
504.46	3677.408401552184
504.59	3688.3411389779276
504.72	3659.501076403473
504.85	3631.43788470725
504.98	3707.782105591406
505.11	3682.886289476878
505.23	3712.7018952113667
505.36	3825.789237141498
505.49	3773.853838007888
505.62	3752.039435794278
505.75	3774.3105459574417
505.88	3804.8780784314226
506.01	3852.1836846531864
506.13	3715.6811589142662
506.26	3695.493764749344
506.39	3692.6132492117586
506.52	3747.647470323943
506.65	3794.7699998936687
506.78	3734.5982188594962
506.9	3735.514147786369
507.03	3768.5899198195652
507.16	3718.672243369742
507.29	3766.83732784083
507.42	3757.006236256398
507.55	3775.738008197165
507.67	3759.635846687655
507.8	3805.98137717374
507.93	3778.890001161959
508.06	3870.6415818294704
508.19	3851.9362030802445
508.32	3815.0500792749585
508.44	3788.764553078552
508.57	3783.5650588482545
508.7	3808.276486139271
508.83	3866.2054250968686
508.96	3800.8420616672547
509.09	3845.280705603242
509.21	3894.4112999456947
509.34	3880.004022192545
509.47	3874.210830427101
509.6	3882.6973538358616
509.73	3850.0410174961357
509.86	3855.3619035511947
509.98	3829.072974869629
510.11	3870.8217983974337
510.24	3887.7518892816497
510.37	3905.021459506476
510.5	3908.9095481296486
510.63	3996.4023906292286
510.75	3920.370753992117
510.88	3929.629565596096
511.01	3902.2425003628427
511.14	3914.811126034852
511.27	3984.50468100978
511.39	3950.1140504780633
511.52	3924.3676169687956
511.65	3956.302309175481
511.78	3950.33605494401
511.91	3946.1629198303895
512.04	3973.103436373676
512.16	3969.3004358939347
512.29	3974.581697616828
512.42	3958.773260750101
512.55	3959.271358547357
512.68	3978.4681930470983
512.8	3946.332867904819
512.93	3984.684250125925
513.06	4013.33463156651
513.19	4054.1275521386465
513.32	4008.1502435790085
513.45	3986.407599449061
513.57	3969.1160026406615
513.7	4027.6049201346286
513.83	3967.8058659841317
513.96	4006.020704411296
514.09	4020.9015888346603
514.21	4061.2698408356664
514.34	4072.936751222628
514.47	4095.6561989395063
514.6	4054.1502669322454
514.73	4096.786303940528
514.85	4117.7923033893585
514.98	4032.962340175258
515.11	4078.717663327078
515.24	4112.819416140892
515.37	4094.969183534427
515.5	4085.8971760184636
515.62	4068.4400972210606
515.75	4132.005269677604
515.88	4150.3285273469155
516.01	4175.559689841736
516.14	4138.05778832414
516.26	4188.711674158707
516.39	4195.640237551812
516.52	4153.440793611845
516.65	4152.178482885381
516.78	4221.353260335334
516.9	4211.3765127325105
517.03	4120.916434688701
517.16	4195.700714531519
517.29	4232.186965665988
517.42	4169.135359787587
517.54	4115.222352317007
517.67	4209.895996750778
517.8	4259.723954293902
517.93	4171.90842594759
518.06	4186.2079092601225
518.18	4148.3199826438395
518.31	4132.957263704585
518.44	4201.611291556684
518.57	4200.681014650138
518.7	4204.235689675673
518.82	4176.2196616757265
518.95	4201.650359474992
519.08	4205.858728934162
519.21	4210.887245859853
519.33	4248.801794285645
519.46	4188.110466953091
519.59	4222.612395562281
519.72	4263.719851758296
519.85	4276.2079943491135
519.97	4227.917117343477
520.1	4197.942708024112
520.23	4253.825297822028
520.36	4309.3013205517755
520.49	4324.240562524708
520.61	4285.043172046058
520.74	4319.79721126045
520.87	4318.243574250572
521.0	4306.466693614063
521.13	4289.033411593626
521.25	4289.6066203650635
521.38	4363.973671528796
521.51	4356.770974381904
521.64	4311.469951558969
521.76	4338.517938149046
521.89	4404.934544717014
522.02	4426.4732010687885
522.15	4337.757823656305
522.28	4339.552756120051
522.4	4363.833169236001
522.53	4376.523484383388
522.66	4380.576886939208
522.79	4318.343011087868
522.91	4369.782034659945
523.04	4346.125267432129
523.17	4380.161611738034
523.3	4409.15529600302
523.43	4429.916312713381
523.55	4388.7639223710485
523.68	4487.17276626559
523.81	4409.633445813978
523.94	4405.766019493666
524.06	4393.30551443035
524.19	4388.798139426439
524.32	4386.780650680224
524.45	4405.493568887543
524.57	4393.266728861768
524.7	4369.292210264367
524.83	4434.544536372157
524.96	4484.62883661791
525.09	4483.052581627793
525.21	4422.431604006582
525.34	4463.639000436391
525.47	4452.352014221149
525.6	4537.13749072804
525.72	4423.751255920674
525.85	4408.227519353736
525.98	4517.532114939125
526.11	4514.477923240168
526.23	4507.670194642951
526.36	4536.363192236964
526.49	4621.0059562967535
526.62	4556.711428863795
526.75	4482.3360175697135
526.87	4470.149718048314
527.0	4490.304323980216
527.13	4468.477238831632
527.26	4480.228151538294
527.38	4483.968085798033
527.51	4498.492779807129
527.64	4560.348809120489
527.77	4496.604099733554
527.89	4541.941139132147
528.02	4540.518994999281
528.15	4532.1001528868055
528.28	4510.240194184003
528.4	4504.965689537258
528.53	4502.889480978686
528.66	4547.866642567583
528.79	4554.592231691818
528.91	4531.612109281087
529.04	4592.045939663421
529.17	4596.604922592745
529.3	4574.836073270156
529.42	4651.326643822249
529.55	4727.333257667387
529.68	4641.9905974017665
529.81	4551.559543597045
529.93	4550.085956679697
530.06	4567.802763038278
530.19	4549.760306002848
530.32	4524.539198900564
530.44	4573.148958078427
530.57	4620.2477769760535
530.7	4635.253889768148
530.83	4613.464578833534
530.95	4612.912963671652
531.08	4609.62287611529
531.21	4621.628005918468
531.34	4627.74900065352
531.46	4643.837577506766
531.59	4681.265592548417
531.72	4700.000794507749
531.85	4618.692609986321
531.97	4638.523186394154
532.1	4657.111534518715
532.23	4618.0888982620945
532.36	4639.782177349827
532.48	4667.4464976903355
532.61	4683.6275226437165
532.74	4646.375887572969
532.87	4684.06356508516
532.99	4718.246174288662
533.12	4753.4734090148
533.25	4717.104797227712
533.37	4648.069011521904
533.5	4657.339044741306
533.63	4731.059794125867
533.76	4775.854106963325
533.88	4688.959791319766
534.01	4672.809884630702
534.14	4691.865423882746
534.27	4717.989879778776
534.39	4731.0525639431935
534.52	4736.250277069266
534.65	4737.358985496677
534.78	4683.390989137814
534.9	4722.199648199771
535.03	4771.077269140161
535.16	4795.259563286252
535.28	4767.334273044319
535.41	4733.188367399655
535.54	4726.887401831884
535.67	4779.718924589449
535.79	4823.049789581027
535.92	4757.339695399682
536.05	4753.953627469707
536.18	4777.907475415384
536.3	4784.796343978649
536.43	4754.053403963079
536.56	4774.198817513831
536.68	4819.324330817532
536.81	4782.376941240536
536.94	4795.648620855133
537.07	4833.863082317731
537.19	4838.512292469772
537.32	4810.645598023478
537.45	4816.968108755067
537.58	4823.55240318881
537.7	4849.88569012999
537.83	4822.954172112457
537.96	4802.066860157938
538.08	4835.467658237302
538.21	4881.8009452565175
538.34	4884.711460365629
538.47	4923.547592641314
538.59	4908.57999135615
538.72	4880.07053035331
538.85	4851.906464540241
538.97	4873.072266125058
539.1	4908.08976919601
539.23	4951.9300307431195
539.36	4916.797456208068
539.48	4875.454650223256
539.61	4848.343301769442
539.74	4869.325202416354
539.86	4862.605704383031
539.99	4881.7663575310735
540.12	4920.337720333022
540.25	4946.27796599509
540.37	4888.87516659708
540.5	4907.640434993592
540.63	4928.949311942622
540.75	4940.715691605102
540.88	4884.693186948372
541.01	4918.317787434476
541.13	4970.388110993505
541.26	5035.199595501762
541.39	4976.254413335731
541.52	4935.863472450103
541.64	5013.652267467729
541.77	5104.770614934995
541.9	5111.463681493316
542.02	5017.34692011585
542.15	4981.709634235949
542.28	5045.296384080615
542.41	5060.211098896534
542.53	4985.59624675531
542.66	4970.724171001405
542.79	4961.434782651545
542.91	4986.2335293141805
543.04	4981.276981239984
543.17	4992.8156975858
543.29	4998.607279787896
543.42	4973.371503785607
543.55	4998.35225096244
543.68	4997.791915685999
543.8	5009.92856740857
543.93	5013.6334135009265
544.06	5044.61030700834
544.18	5082.492791889357
544.31	5067.5090523935
544.44	5020.681877369657
544.56	5022.772467933081
544.69	5033.482095727158
544.82	5050.38544642447
544.94	5043.83243899427
545.07	5065.023917627139
545.2	5103.574794978333
545.33	5178.445001417491
545.45	5155.498334695672
545.58	5115.0964861410885
545.71	5072.200189779718
545.83	5029.923647606394
545.96	5056.7755950555775
546.09	5092.580044509476
546.21	5099.2544126799
546.34	5088.239588641232
546.47	5091.823486356077
546.59	5099.520487606189
546.72	5121.415961657368
546.85	5196.5906059406325
546.97	5172.663079943765
547.1	5116.026595168207
547.23	5132.236554410532
547.35	5135.87785218195
547.48	5149.978011358189
547.61	5116.88147773647
547.74	5112.154841521708
547.86	5130.113877625328
547.99	5157.712488154835
548.12	5133.952303757555
548.24	5165.335453167763
548.37	5206.681401561332
548.5	5172.744673954788
548.62	5196.143219617661
548.75	5226.2905389080315
548.88	5219.140727958554
549.0	5206.067646994697
549.13	5190.878031242529
549.26	5225.465961257217
549.38	5248.908737804786
549.51	5198.25594370826
549.64	5157.291388701742
549.76	5184.082879143026
549.89	5213.682152419202
550.02	5178.578534842422
550.14	5201.930880299925
550.27	5216.392535874275
550.4	5219.946486625243
550.52	5206.712981194006
550.65	5193.085000885694
550.78	5200.127226279002
550.9	5279.482174333961
551.03	5276.8789128803455
551.16	5227.42572854783
551.28	5279.180914720233
551.41	5322.019108023917
551.54	5285.367340252635
551.66	5271.447427617975
551.79	5325.662893198957
551.92	5376.1970408601965
552.04	5332.036460606665
552.17	5303.073834417377
552.3	5317.310577336428
552.42	5304.842022306647
552.55	5298.888644795213
552.68	5328.570526147092
552.8	5334.520065151014
552.93	5306.4223990603905
553.06	5317.668187831922
553.18	5325.07208948344
553.31	5343.437188247782
553.44	5392.308869466812
553.56	5382.954398002078
553.69	5327.624242564529
553.82	5338.118566623424
553.94	5363.659884029917
554.07	5356.626980934373
554.2	5384.033870085495
554.32	5438.663516705527
554.45	5434.432061846421
554.58	5371.80577774513
554.7	5376.780870207537
554.83	5429.132192297837
554.95	5471.880125868784
555.08	5455.837331329121
555.21	5412.2555915046805
555.33	5404.057261053971
555.46	5457.892410109361
555.59	5456.8685647313505
555.71	5396.040051726367
555.84	5421.057201689099
555.97	5498.024940694023
556.09	5482.934969220812
556.22	5430.552522282191
556.35	5492.464596374309
556.47	5551.260382050101
556.6	5524.888775710364
556.73	5468.210075136488
556.85	5468.270343965184
556.98	5505.9262880125825
557.11	5492.205831695879
557.23	5467.7758989849635
557.36	5486.781870919511
557.48	5494.317204236909
557.61	5504.480952891428
557.74	5510.300351071984
557.86	5517.138039795451
557.99	5543.807102279217
558.12	5523.149560354857
558.24	5508.519024892061
558.37	5560.140995532501
558.5	5591.487960933125
558.62	5578.431086913283
558.75	5540.006350212889
558.87	5543.183194672106
559.0	5639.930617301278
559.13	5630.320204334547
559.25	5570.227258920242
559.38	5556.4227426790385
559.51	5564.910132531156
559.63	5582.753169527597
559.76	5587.146334319646
559.89	5596.260222719551
560.01	5593.167174208948
560.14	5553.504906871702
560.26	5557.524150493901
560.39	5616.249404311121
560.52	5612.838035783163
560.64	5615.0361539007
560.77	5611.159649368188
560.9	5615.354086659501
561.02	5642.57105269225
561.15	5663.114082456269
561.27	5648.455025982077
561.4	5602.694416516922
561.53	5656.556974911318
561.65	5676.870187794027
561.78	5659.577259876751
561.91	5677.906992843361
562.03	5717.631383654849
562.16	5715.870038758518
562.28	5672.010824041877
562.41	5706.156952635131
562.54	5744.751751373505
562.66	5725.396004267117
562.79	5711.123659233839
562.92	5734.216430642183
563.04	5729.278662925995
563.17	5714.71159172949
563.29	5704.820375395641
563.42	5731.7729220099145
563.55	5758.722741357027
563.67	5758.340197072
563.8	5740.572726395955
563.93	5733.4181777243575
564.05	5743.964983259292
564.18	5751.141566109573
564.3	5797.915074901182
564.43	5807.607823802857
564.56	5823.350125064268
564.68	5822.0442635432355
564.81	5780.776667439934
564.93	5823.747890442876
565.06	5864.156301457623
565.19	5880.699712809246
565.31	5882.7388007048585
565.44	5888.207333660182
565.56	5903.419812898364
565.69	5887.242635002929
565.82	5821.182597930372
565.94	5903.2984427047395
566.07	5957.890585015368
566.2	5862.318164513387
566.32	5846.339931551678
566.45	5863.495189474752
566.57	5882.539342688699
566.7	5883.282382030647
566.83	5841.993763588582
566.95	5819.479199333591
567.08	5836.909915994465
567.2	5861.505888193106
567.33	5848.50759967543
567.46	5888.999812895807
567.58	5875.8571137336485
567.71	5875.627808984753
567.83	5890.182277025667
567.96	5872.91605401415
568.09	5859.34257922744
568.21	5873.130869689537
568.34	5876.087423169512
568.46	5889.780156443673
568.59	5938.776985702092
568.72	5914.7349912330465
568.84	5891.70964978654
568.97	5903.358880664038
569.09	5902.228908636883
569.22	5903.0167696194185
569.35	5924.87606584586
569.47	5947.8077017570995
569.6	5926.954511972575
569.72	5905.570731577584
569.85	5892.155868443137
569.97	5877.984162561927
570.1	5934.991372417847
570.23	5938.098799034139
570.35	5928.433016403269
570.48	5928.865458833321
570.6	5966.5093678294625
570.73	5996.981053140801
570.86	5949.946837827633
570.98	5915.662813003608
571.11	5944.54633986624
571.23	5930.323310880274
571.36	5890.451743862269
571.49	5890.362036742597
571.61	5880.257167048317
571.74	5910.41587141499
571.86	5927.408287696766
571.99	5922.944073055998
572.11	5955.768960346917
572.24	5983.413628969312
572.37	5943.660385615829
572.49	5954.358320885916
572.62	5956.366490552345
572.74	5968.124278069864
572.87	5967.881998490416
573.0	5987.384344242201
573.12	6021.147399290921
573.25	5990.749449465804
573.37	5970.732553267994
573.5	6014.288456723384
573.62	6021.671719620475
573.75	5987.422312745819
573.88	5952.962774043684
574.0	5962.7362291185755
574.13	6036.146200245857
574.25	6028.924480729758
574.38	5991.650349183894
574.5	5967.624183721405
574.63	5998.150173054108
574.76	6001.624603914672
574.88	5972.736722122367
575.01	5962.072847761888
575.13	5967.720303607369
575.26	5992.155271430483
575.38	6026.9326553490955
575.51	6062.503820984062
575.64	6043.371855231256
575.76	5997.367452498409
575.89	5959.272059770269
576.01	6007.237293047205
576.14	6053.210144777726
576.26	6035.465652879801
576.39	5996.67716173601
576.52	6082.723679470442
576.64	6092.923671773147
576.77	6057.661642378933
576.89	6029.340257000386
577.02	6029.584333833384
577.14	6054.184949430509
577.27	6046.424702360652
577.4	6049.956418343817
577.52	6084.4555593255445
577.65	6060.660719637456
577.77	6058.005420236193
577.9	6028.555398419121
578.02	5984.92184297009
578.15	6042.401048937178
578.27	6074.5963248260805
578.4	6038.7941194936875
578.53	6023.101812661365
578.65	6065.49077520784
578.78	6054.499638736552
578.9	6074.7088904983675
579.03	6110.8447224669935
579.15	6116.515918259823
579.28	6077.042112446905
579.4	6050.251100422438
579.53	6043.4640388872
579.66	6041.954849002345
579.78	6063.428981971725
579.91	6061.080675199104
580.03	6106.123099799769
580.16	6086.535557928462
580.28	6074.027552232421
580.41	6085.3861801730945
580.53	6102.391371077678
580.66	6076.095410526987
580.79	6078.1091291018
580.91	6100.785349167644
581.04	6047.041155687784
581.16	6103.602920468627
581.29	6089.058138311693
581.41	6067.0144742989205
581.54	6084.59334973151
581.66	6116.996892036285
581.79	6032.147104827219
581.91	6037.753802821622
582.04	6102.086294895002
582.17	6088.558990526693
582.29	6080.4281311645345
582.42	6060.301989018932
582.54	6077.024954961346
582.67	6111.092734181826
582.79	6096.642437469293
582.92	6070.891495468961
583.04	6115.57577176173
583.17	6135.855037028273
583.29	6124.891079644443
583.42	6093.740942687646
583.54	6062.598794854051
583.67	6092.059148373841
583.8	6117.656047149387
583.92	6119.426105987543
584.05	6155.576147770027
584.17	6160.033758820888
584.3	6134.565888626376
584.42	6087.75677651792
584.55	6058.280726586259
584.67	6127.981014613592
584.8	6167.516806089501
584.92	6139.42929422545
585.05	6106.5311531430225
585.17	6183.341369378506
585.3	6212.32109229739
585.42	6163.92853429707
585.55	6159.189840476968
585.68	6101.8969032727655
585.8	6106.027349452248
585.93	6150.043499677671
586.05	6161.92828067033
586.18	6174.715634831194
586.3	6167.637011168516
586.43	6089.983405733083
586.55	6158.365523853194
586.68	6117.3333015358985
586.8	6132.390740610593
586.93	6132.632782792045
587.05	6082.069559371385
587.18	6078.363661518594
587.3	6139.475770583383
587.43	6118.645223259209
587.55	6089.2309832775945
587.68	6120.888039861094
587.8	6126.855428657079
587.93	6100.255910636568
588.06	6082.378846260998
588.18	6143.822701252708
588.31	6140.001479704177
588.43	6149.177176559176
588.56	6145.048961418293
588.68	6161.176943025079
588.81	6154.771407800205
588.93	6158.109289913868
589.06	6232.3184058427305
589.18	6206.757220562652
589.31	6133.260861175602
589.43	6150.558558385372
589.56	6168.415515133857
589.68	6200.688914750549
589.81	6135.989094000276
589.93	6125.930533553187
590.06	6160.775455216764
590.18	6194.850002299361
590.31	6184.363329166901
590.43	6174.394092426199
590.56	6143.449692037403
590.68	6160.4877115692
590.81	6185.27684942938
590.93	6154.41926679445
591.06	6191.780814659208
591.18	6193.058650233385
591.31	6185.92484227388
591.43	6160.361854340589
591.56	6250.17914718201
591.68	6252.961609139853
591.81	6206.991007603775
591.93	6131.496647258278
592.06	6177.58962569767
592.18	6232.119490360023
592.31	6206.0596384216915
592.43	6191.043384683371
592.56	6208.728737328716
592.68	6250.3518041934785
592.81	6278.490810799059
592.93	6225.306887551263
593.06	6251.771687754431
593.18	6186.883480555992
593.31	6167.738315257413
593.43	6185.109518341856
593.56	6182.730269061928
593.68	6230.6979350070615
593.81	6246.557463423553
593.93	6175.23419844412
594.06	6307.684741271515
594.18	6270.028071722899
594.31	6193.375414176301
594.43	6187.297374535331
594.56	6142.448316698909
594.68	6123.639809084478
594.81	6190.773717624372
594.93	6184.481393288295
595.06	6364.325930036724
595.18	6300.700851330481
595.31	6273.171838972318
595.43	6213.117119082476
595.56	6332.333952214984
595.68	6279.903910537625
595.81	6224.76805446096
595.93	6221.032352677546
596.06	6225.576672765773
596.18	6167.740905906831
596.31	6174.876114079881
596.43	6195.833902443963
596.56	6209.027871431336
596.68	6200.490593125474
596.81	6214.013205160784
596.93	6214.847829284465
597.06	6242.448278216029
597.18	6199.268178745733
597.31	6228.133969650836
597.43	6248.992224556588
597.56	6249.414074993857
597.68	6268.268176759611
597.8	6264.134880190007
597.93	6267.47771808901
598.05	6251.423212844641
598.18	6283.802909678332
598.3	6262.348609099078
598.43	6259.741724748564
598.55	6311.649791614686
598.68	6324.3417851936165
598.8	6274.745539039022
598.93	6231.401599816817
599.05	6290.762647610424
599.18	6275.674822650765
599.3	6252.003592996277
599.43	6157.119033851079
599.55	6298.9907643565375
599.68	6269.772156175036
599.8	6266.622894882585
599.93	6211.497271675675
600.05	6312.093562936468
600.17	6301.18661956022
600.3	6253.873161084966
600.42	6312.922013097715
600.55	6378.062223258748
600.67	6377.250166027182
600.8	6274.8040698299
600.92	6258.56153643376
601.05	6280.320100499066
601.17	6308.032536270265
601.3	6324.339150515967
601.42	6239.637551245154
601.55	6364.216700630735
601.67	6342.2081633681555
601.8	6312.51818471508
601.92	6291.802353964154
602.04	6330.025524631592
602.17	6254.304407302951
602.29	6268.18008041612
602.42	6356.940149377989
602.54	6353.395005022238
602.67	6326.141746845255
602.79	6312.2747869668165
602.92	6308.68871115601
603.04	6258.969976228679
603.17	6313.89400039192
603.29	6266.749453668429
603.42	6270.807298090316
603.54	6293.210418220166
603.66	6339.407525081883
603.79	6319.678373577437
603.91	6309.56760102377
604.04	6327.675250378516
604.16	6287.547892381359
604.29	6259.672613308484
604.41	6268.894794643234
604.54	6314.2038076152185
604.66	6348.44325387798
604.79	6297.844577290285
604.91	6299.091430760315
605.03	6314.080790618133
605.16	6294.656619039169
605.28	6299.550573947743
605.41	6295.229537686534
605.53	6388.502303352783
605.66	6335.891412295816
605.78	6362.465642845722
605.91	6312.409102176298
606.03	6343.351704161661
606.15	6296.980012540075
606.28	6319.790075187739
606.4	6312.414661228813
606.53	6310.109926682992
606.65	6267.131196181855
606.78	6319.392469782405
606.9	6295.263039708854
607.03	6311.584501793813
607.15	6313.019208141917
607.27	6304.545970652794
607.4	6338.091394589002
607.52	6359.394210387963
607.65	6293.366841698296
607.77	6320.376000986986
607.9	6339.529199652356
608.02	6473.96702254431
608.15	6367.707873683277
608.27	6373.595321311456
608.39	6324.788147213132
608.52	6373.116909991527
608.64	6347.498742528727
608.77	6367.09113929773
608.89	6314.753531536357
609.02	6454.120391178911
609.14	6446.932183627828
609.26	6370.766141879346
609.39	6397.885865593447
609.51	6338.83847468648
609.64	6271.129371433764
609.76	6344.086212034077
609.89	6344.69192887884
610.01	6434.401077543239
610.13	6394.606672055251
610.26	6346.007867997201
610.38	6333.972808784113
610.51	6393.1851710205865
610.63	6348.9654133412805
610.76	6332.782425865524
610.88	6366.713916781273
611.0	6403.1062012907605
611.13	6472.830482258536
611.25	6414.46327169617
611.38	6339.869493043091
611.5	6375.89640623842
611.63	6393.788654152818
611.75	6375.659774957011
611.87	6405.436123566978
612.0	6358.134254006878
612.12	6432.552033304924
612.25	6373.307879631735
612.37	6340.118458857603
612.5	6428.274286651976
612.62	6392.25195881424
612.74	6441.453191488971
612.87	6353.875384767447
612.99	6375.665497762163
613.12	6320.316121322557
613.24	6338.117771509594
613.36	6369.008125091403
613.49	6387.53416254406
613.61	6367.694449864942
613.74	6351.289007739214
613.86	6393.580102607666
613.99	6350.060955446314
614.11	6408.781646708784
614.23	6425.537862521684
614.36	6407.804829166638
614.48	6437.696879848334
614.61	6373.89288775256
614.73	6358.0302221502325
614.85	6383.608683609796
614.98	6397.4955998997775
615.1	6408.1655554865065
615.23	6356.283196052303
615.35	6406.334427353497
615.47	6435.338483755563
615.6	6354.916250334191
615.72	6378.15731228357
615.85	6386.097574482384
615.97	6364.758564302653
616.09	6492.036319282427
616.22	6375.361874464466
616.34	6338.619222491437
616.47	6388.224446417007
616.59	6393.792107386066
616.71	6414.805207332491
616.84	6407.960878754851
616.96	6401.115932108719
617.09	6405.343501022292
617.21	6373.246271129329
617.34	6320.430120892689
617.46	6346.446345492442
617.58	6377.014175055819
617.71	6375.636394176075
617.83	6353.762527463194
617.95	6378.604305328874
618.08	6453.384680012823
618.2	6381.309846787449
618.33	6386.40478930617
618.45	6353.231448433576
618.57	6314.014335947962
618.7	6295.640749156948
618.82	6303.136228543786
618.95	6415.050666838153
619.07	6338.175948700561
619.19	6364.362071644525
619.32	6295.564600697023
619.44	6325.075936956902
619.57	6378.473825109468
619.69	6368.828364076351
619.81	6324.22747368759
619.94	6417.526872107768
620.06	6514.112045729758
620.19	6422.3009092560615
620.31	6336.775469334494
620.43	6368.419428456149
620.56	6404.4289533452575
620.68	6359.794887413123
620.8	6378.790691383114
620.93	6386.875681344284
621.05	6414.7634664353545
621.18	6339.998107611337
621.3	6348.969398028713
621.42	6295.045494939218
621.55	6338.817906715028
621.67	6370.882047656118
621.8	6347.514320601209
621.92	6422.230960603433
622.04	6444.174005559433
622.17	6344.242395190668
622.29	6338.8284629607015
622.41	6344.805837883846
622.54	6312.184799347503
622.66	6319.268746691157
622.79	6284.120203622284
622.91	6368.531381957854
623.03	6393.447031853555
623.16	6390.157527542283
623.28	6372.518605076388
623.4	6384.289127812177
623.53	6414.383151985185
623.65	6321.330665941537
623.78	6310.515758972888
623.9	6418.449240061635
624.02	6336.587375982923
624.15	6284.174343024519
624.27	6306.5173687375855
624.39	6294.036240786884
624.52	6375.416008101931
624.64	6365.428030048849
624.77	6275.224060916836
624.89	6270.262749133653
625.01	6360.6790355396015
625.14	6310.343932104884
625.26	6315.515651039424
625.38	6424.552967895147
625.51	6352.389111161604
625.63	6335.182389517488 
625.75	6333.834196795782
625.88	6356.212861443334
626.0	6301.083726905887
626.13	6262.222004407065
626.25	6255.145774241579
626.37	6335.198129832308
626.5	6293.825731113122
626.62	6287.209989777077
626.74	6264.775608666662
626.87	6311.710903550287
626.99	6336.068709291055
627.11	6297.937266389311
627.24	6331.202756270228
627.36	6414.243745194318
627.49	6383.090254724032
627.61	6295.1863918051195
627.73	6315.312389591554
627.86	6345.599534845511
627.98	6263.8769634085365
628.1	6313.588460507732
628.23	6290.34989671755
628.35	6228.236987502691
628.47	6199.976175814183
628.6	6219.163921624392
628.72	6253.761056311546
628.84	6319.343185985856
628.97	6309.404975888029
629.09	6254.380595624886
629.22	6290.279377089021
629.34	6310.737856668825
629.46	6261.617581985152
629.59	6297.25871991562
629.71	6285.654556778584
629.83	6316.889968745736
629.96	6244.10043770759
630.08	6239.171742974222
630.2	6240.899305375128
630.33	6261.787638260385
630.45	6243.239229278694
630.57	6284.558407876063
630.7	6265.9706915567
630.82	6285.616985636448
630.94	6388.682962609263
631.07	6286.311332220472
631.19	6302.393237414362
631.31	6268.864737781046
631.44	6226.001516009479
631.56	6221.5165573449
631.68	6256.407432269505
631.81	6261.419905578131
631.93	6241.459718423725
632.05	6208.50092828513
632.18	6181.771885992459
632.3	6312.289458373138
632.42	6252.502598674846
632.55	6240.956752177965
632.67	6279.682029706145
632.79	6249.277178805803
632.92	6222.391522482728
633.04	6229.655381377836
633.16	6214.323086192409
633.29	6307.1034426548395
633.41	6338.160995512773
633.53	6177.039533606036
633.66	6163.717260799679
633.78	6150.424428904601
633.9	6163.759774997058
634.03	6205.7090229642
634.15	6173.2861123419525
634.27	6210.919666259249
634.4	6220.245248955026
634.52	6200.807488617857
634.64	6204.242225282189
634.77	6230.334405611925
634.89	6164.527134061576
635.01	6170.902820094384
635.14	6186.794962791432
635.26	6249.244816943258
635.38	6309.302969762594
635.51	6213.231869707248
635.63	6208.270391539609
635.75	6236.109006523914
635.88	6244.777848667621
636.0	6218.085354785571
636.12	6234.676781781621
636.25	6199.833842181585
636.37	6208.714038088086
636.49	6192.337757665048
636.62	6162.051561001228
636.74	6171.96761252956
636.86	6214.181332161677
636.99	6155.689053539436
637.11	6167.627437583349
637.23	6234.570078535576
637.36	6221.848061877482
637.48	6197.280974137223
637.6	6164.105436744724
637.72	6205.445681756831
637.85	6196.548255171582
637.97	6178.952581636307
638.09	6172.103809675047
638.22	6268.5846869557
638.34	6262.628950480535
638.46	6161.8401749502455
638.59	6146.901461197011
638.71	6181.153693166051
638.83	6201.393623188106
638.96	6152.306831283934
639.08	6138.802965203447
639.2	6156.871701462862
639.32	6166.27434168824
639.45	6160.957643145151
639.57	6158.60978707687
639.69	6180.210927103141
639.82	6153.784234371669
639.94	6169.826976427867
640.06	6178.693604879276
640.19	6154.93371797161
640.31	6141.718132756004
640.43	6163.860618852031
640.56	6145.285334231996
640.68	6199.123176554199
640.8	6200.92815808217
640.92	6151.3387153267
641.05	6125.919513299467
641.17	6178.487678742669
641.29	6195.880050647418
641.42	6102.532269726119
641.54	6159.41511162218
641.66	6201.142828508189
641.79	6130.036048230113
641.91	6141.130240830102
642.03	6132.4832751092135
642.15	6159.3737350676765
642.28	6141.813922434712
642.4	6122.901509121861
642.52	6135.793385861698
642.65	6159.224507149984
642.77	6135.130231279698
642.89	6072.397545770479
643.02	6074.2411483265305
643.14	6091.432003464913
643.26	6098.941627116428
643.38	6087.5288934748105
643.51	6125.528671241341
643.63	6182.696185641651
643.75	6166.226964094235
643.88	6109.574144335029
644.0	6116.274842710893
644.12	6126.166720630974
644.24	6130.574896658899
644.37	6137.198852121263
644.49	6123.151515943683
644.61	6098.387016907481
644.74	6076.239104313608
644.86	6069.269390928036
644.98	6082.1088077825625
645.1	6108.228792547533
645.23	6134.069844761131
645.35	6112.719636985205
645.47	6086.916207455132
645.6	6121.262167676394
645.72	6126.689957036504
645.84	6076.596827474003
645.96	6081.406950677142
646.09	6148.72214031693
646.21	6132.64937364252
646.33	6100.94167798624
646.46	6129.773745420387
646.58	6140.368445561456
646.7	6116.638891186287
646.82	6068.476309484579
646.95	6092.250292493704
647.07	6129.040485296697
647.19	6138.470264095047
647.31	6121.357260764755
647.44	6075.023440091951
647.56	6117.992091870082
647.68	6104.583711852901
647.81	6034.182033760544
647.93	6069.9805082705925
648.05	6127.472628778718
648.17	6101.1284191178565
648.3	6043.629817297188
648.42	6082.475290590494
648.54	6109.786623481536
648.66	6063.676221265726
648.79	6023.360279527358
648.91	6058.844680416534
649.03	6095.970810773075
649.15	6062.856937521849
649.28	6069.825028609787
649.4	6104.298493629106
649.52	6109.49480422785
649.65	6085.297792366767
649.77	6051.486273552408
649.89	6066.484776654107
650.01	6107.876364669735
650.14	6107.866100833006
650.26	6084.864741204321
650.38	6103.829077447749
650.5	6117.0793121229535
650.63	6082.426536814175
650.75	6063.4428135737
650.87	6050.393104249444
650.99	6078.224558860769
651.12	6062.05909410836
651.24	6049.644654616789
651.36	6048.024030833765
651.48	6056.175673166928
651.61	6039.844177386969
651.73	6002.13527317886
651.85	6054.57273714043
651.97	6154.900726686647
652.1	6126.436311764576
652.22	6041.386023400973
652.34	6050.331047566879
652.47	6051.246656840916
652.59	6046.4559424883455
652.71	6046.026015725651
652.83	6115.442508617576
652.96	6095.232358536014
653.08	6034.760030946207
653.2	5996.224449462725
653.32	6040.574256510354
653.45	6096.04156553452
653.57	6084.389409674769
653.69	6015.6368424791835
653.81	6046.568536830129
653.94	6079.906400662149
654.06	6036.587473191128
654.18	6023.571093795437
654.3	6024.3049705986605
654.42	6112.632062193682
654.55	6090.193538940384
654.67	6021.29300813078
654.79	6001.170910407931
654.91	6048.710882805345
655.04	6026.430904348135
655.16	6015.950389429433
655.28	6033.260316050451
655.4	6070.305441012946
655.53	6067.2764923402065
655.65	6045.42950749074
655.77	6063.733600220281
655.89	6094.455232776849
656.02	6081.712431848123
656.14	6008.239436626217
656.26	6042.120736679954
656.38	6078.233762824636
656.51	6010.918665271991
656.63	6009.509812695479
656.75	6036.066899975985
656.87	6074.904614701547
657.0	6055.139117957046
657.12	6001.014830735905
657.24	6095.385559933541
657.36	6070.242754732136
657.48	6052.440833109317
657.61	6014.882142487226
657.73	6047.181787695599
657.85	6074.430093982837
657.97	6013.940073221259
658.1	5988.204607379108
658.22	6024.551640925806
658.34	6005.17983128236
658.46	5965.097963926667
658.58	5974.991087887247
658.71	6113.500057031442
658.83	6091.502453847333
658.95	6047.927470232875
659.07	5990.399143433512
659.2	6043.314853546174
659.32	6125.0680097960185
659.44	6091.785134153899
659.56	6049.533165095987
659.69	6033.00074614629
659.81	6008.786934445628
659.93	6035.051270069744
660.05	6037.219290299383
660.17	6104.561972137633
660.3	6077.245753702774
660.42	5987.974850738037
660.54	5927.744794287899
660.66	5942.850073043027
660.78	5988.66659759779
660.91	5934.112798802645
661.03	5979.799271909198
661.15	6038.230911164009
661.27	6043.535967280785
661.4	5994.196947251821
661.52	5982.654193934255
661.64	6030.550604873021
661.76	6077.697045834167
661.88	6017.772761257399
662.01	6008.896334472495
662.13	6030.098694957157
662.25	6064.715472134014
662.37	6039.883191652682
662.49	6007.700003493692
662.62	6008.909282713441
662.74	5975.633361177611
662.86	5994.12892515104
662.98	5985.200712833901
663.11	5969.31247973909
663.23	6022.033723428631
663.35	5998.524583536998
663.47	5943.60556083558
663.59	5957.799576025953
663.72	5975.220261691438
663.84	5978.736127596211
663.96	6003.52997684327
664.08	6040.76866505261
664.2	6114.1818531018935
664.33	5984.679388426276
664.45	5959.154204923625
664.57	5971.971341002155
664.69	5977.695218239983
664.81	5963.603048546984
664.94	5962.38994889921
665.06	6054.929200419454
665.18	6035.838252912193
665.3	6031.972935681234
665.42	5948.958191828253
665.55	5981.35017672123
665.67	6046.313873720732
665.79	5988.937094192397
665.91	5933.417427426501
666.03	5941.200050747271
666.16	5994.074706272581
666.28	5967.137425613548
666.4	5935.264661804804
666.52	5993.697656064029
666.64	6009.008512139495
666.77	5944.827903254203
666.89	6009.818655653314
667.01	5982.541988380341
667.13	5942.7875340306255
667.25	5970.87910597191
667.37	5933.184634204698
667.5	5961.484923270069
667.62	5992.171213962633
667.74	5954.464252691472
667.86	5926.05524087458
667.98	5993.962854299568
668.11	6005.564361094714
668.23	5945.552944945891
668.35	5915.839546941148
668.47	5942.186426903779
668.59	6009.590525207703
668.72	5964.785240289484
668.84	5976.456143049432
668.96	5985.344154647957
669.08	5975.763651608928
669.2	5944.939810169989
669.32	5924.429327401095
669.45	5999.2972800043
669.57	5923.992806232429
669.69	5963.604344290313
669.81	5948.666458242143
669.93	5937.48105275797
670.06	5949.597284042845
670.18	5927.37492859009
670.3	5977.021456996878
670.42	5939.907056959744
670.54	5996.498572987375
670.66	6013.954390031869
670.79	5992.512716614929
670.91	5973.069444939495
671.03	6051.906845926545
671.15	5972.522050956126
671.27	5939.045281578688
671.39	5940.871795298717
671.52	6012.6528233509625
671.64	5966.779037821861
671.76	5949.692700963211
671.88	6142.579031877239
672.0	6087.325493803886
672.12	6010.5677827216405
672.25	5908.095530657136
672.37	5963.525359880779
672.49	5934.761599108149
672.61	5947.585554861329
672.73	5973.157010808281
672.85	5960.157847833258
672.98	5985.76354025317
673.1	5938.515117101597
673.22	5963.5900960093795
673.34	6027.660477284485
673.46	5955.958029639542
673.58	5938.815684279563
673.71	5914.821942615942
673.83	5979.457857486489
673.95	6086.038695124241
674.07	5952.39713282596
674.19	5884.972390702511
674.31	5931.566861081744
674.44	5952.362280858479
674.56	5963.7272297479785
674.68	5928.962025544575
674.8	6009.8661196881385
674.92	5952.98337941657
675.04	5921.990257929607
675.17	5942.22253434522
675.29	6001.210892549861
675.41	5990.7250549373275
675.53	5931.258664875933
675.65	5911.640433105343
675.77	5937.008479608282
675.89	5980.342105885344
676.02	5900.051833598627
676.14	5891.429494822681
676.26	6021.178601589445
676.38	6052.555943487127
676.5	5934.215779450325
676.62	5956.081137049911
676.75	5882.187426956874
676.87	5886.714086612055
676.99	5946.648956808662
677.11	5956.36443522444
677.23	5961.646585951559
677.35	5932.1027508952
677.47	5882.389567933406
677.6	5889.800326928306
677.72	5933.722970622671
677.84	5976.127667756625
677.96	5916.807640507084
678.08	5922.333958112711
678.2	5909.342203610819
678.32	5865.83652059913
678.45	5901.693488392948
678.57	5919.614751050554
678.69	6066.739503188914
678.81	5959.700857250529
678.93	5868.543309434521
679.05	5905.222125930285
679.17	5922.02104697552
679.3	5966.935402006144
679.42	5892.685519551992
679.54	5847.106157650256
679.66	5886.878752198605
679.78	5891.8250470142075
679.9	5867.007493610116
680.02	5911.564829333349
680.14	5945.40374532078
680.27	5840.682607841573
680.39	5855.075748383185
680.51	5930.450167613036
680.63	5982.848945801994
680.75	5895.929969642525
680.87	5869.624286415722
680.99	5871.004923695133
681.12	5927.515727768685
681.24	6007.053209699702
681.36	5858.966123908042
681.48	5820.962654341832
681.6	5817.900435620928
681.72	5977.016985093644
681.84	5869.439406276265
681.96	5844.687659503828
682.09	5927.5789453851785
682.21	5885.438596060329
682.33	5830.380019392563
682.45	5825.797767543794
682.57	5910.970704776577
682.69	5799.6712693037925
682.81	5819.263458336478
682.93	5861.994846359662
683.06	5856.560671185633
683.18	5825.074384308863
683.3	5817.853003159857
683.42	5859.806662741196
683.54	5845.2315571558665
683.66	5877.441371327683
683.78	5797.373083912743
683.9	5794.484552113594
684.03	5857.220149333204
684.15	5897.1875784268605
684.27	5831.476587628461
684.39	5827.413109168769
684.51	5855.714949467714
684.63	5832.025204121148
684.75	5842.909782140801
684.87	5814.648368159322
684.99	5822.185293172739
685.12	5876.533931889208
685.24	5785.693989045463
685.36	5830.276368377733
685.48	5948.9187661712485
685.6	5839.981297100192
685.72	5826.130663582341
685.84	5816.2102397609615
685.96	5758.309029157198
686.08	5751.475785513516
686.21	5751.278280100377
686.33	5771.51210811803
686.45	5784.986137793485
686.57	5808.110144701966
686.69	5775.645599049967
686.81	5875.386988138569
686.93	5845.627104740811
687.05	5909.304272677418
687.17	5820.783248342056
687.3	5786.145473658343
687.42	5804.168931065702
687.54	5841.563335960417
687.66	5786.113195622015
687.78	5805.16519476639
687.9	5827.906879193491
688.02	5843.016224265645
688.14	5753.58395857921
688.26	5805.999933119247
688.38	5837.867418982141
688.51	5787.531420354351
688.63	5744.897192029821
688.75	5768.879575689092
688.87	5787.288901786517
688.99	5796.878718048356
689.11	5761.562191592687
689.23	5780.6786928053025
689.35	5865.232002567803
689.47	5763.190712237883
689.59	5711.698601407616
689.71	5727.487520244221
689.84	5740.353017254131
689.96	5710.3047634637815
690.08	5740.364825770197
690.2	5788.839455579709
690.32	5792.7073144636925
690.44	5768.847540845283
690.56	5719.03692345401
690.68	5785.800167275096
690.8	5812.143330442591
690.92	5787.835678921088
691.04	5719.697498159132
691.17	5704.130141907984
691.29	5701.121909248685
691.41	5710.489216780135
691.53	5692.498812231128
691.65	5712.823901218522
691.77	5795.661652225949
691.89	5728.232384243793
692.01	5699.772345367479
692.13	5726.123353496096
692.25	5789.093076825028
692.37	5786.127303949696
692.49	5716.93516266843
692.62	5681.255455477896
692.74	5712.0642398315895
692.86	5707.526396082508
692.98	5663.289550684081
693.1	5685.039981837257
693.22	5684.927885578915
693.34	5650.015193280577
693.46	5672.289043470991
693.58	5707.717599297813
693.7	5725.048220048054
693.82	5720.162354889574
693.94	5695.632204404053
694.06	5707.420960655324
694.19	5693.476430117531
694.31	5693.930194265416
694.43	5710.637967227013
694.55	5713.637017618994
694.67	5688.9386123219765
694.79	5646.3152333426215
694.91	5668.966669245343
695.03	5707.9612880383565
695.15	5718.429239873139
695.27	5696.114947683202
695.39	5646.702831262868
695.51	5649.299982787379
695.63	5668.338501646799
695.75	5669.845510971491
695.88	5657.280360890383
696.0	5694.482690244955
696.12	5693.327945700286
696.24	5631.494377478287
696.36	5619.837732655354
696.48	5661.436751222463
696.6	5731.102137086879
696.72	5665.7882385434095
696.84	5642.45023304412
696.96	5645.825768374567
697.08	5692.368659830568
697.2	5738.3039758057
697.32	5659.316835211747
697.44	5664.375002942965
697.56	5676.45615048437
697.68	5618.065809963869
697.81	5636.480167770703
697.93	5624.395905574611
698.05	5572.05926590926
698.17	5570.753244675975
698.29	5595.135609009276
698.41	5613.802009164226
698.53	5646.722301038069
698.65	5648.802122995856
698.77	5671.800894554513
698.89	5651.700065919464
699.01	5618.632758041149
699.13	5631.761391231547
699.25	5621.393392585663
699.37	5605.971572063009
699.49	5627.655261830189
699.61	5620.336878000721
699.73	5581.161939143239
699.85	5591.476891515326
699.97	5606.145810690255
700.1	5614.160827257485
700.22	5596.946709610723
