Wavelength (nm)	Intensity
377.35	813.62
377.48	589.75
377.62	611.75
377.75	603.75
377.88	804.50
378.02	786.12
378.15	791.62
378.28	767.50
378.41	840.38
378.55	801.38
378.68	791.88
378.81	772.62
378.95	798.88
379.08	783.38
379.21	758.25
379.35	815.25
379.48	817.75
379.61	887.00
379.74	820.62
379.88	810.75
380.01	880.38
380.14	938.75
380.28	873.38
380.41	799.12
380.54	839.00
380.68	855.12
380.81	777.38
380.94	857.00
381.07	893.88
381.21	896.50
381.34	829.38
381.47	782.00
381.61	965.00
381.74	838.62
381.87	805.62
382.00	853.12
382.14	920.12
382.27	869.25
382.40	795.75
382.54	893.25
382.67	888.88
382.80	800.88
382.93	813.88
383.07	841.12
383.20	832.88
383.33	865.25
383.47	814.38
383.60	793.25
383.73	961.62
383.86	862.00
384.00	834.50
384.13	821.50
384.26	870.00
384.40	885.88
384.53	841.75
384.66	894.38
384.79	860.00
384.93	824.50
385.06	833.25
385.19	857.25
385.33	952.88
385.46	864.25
385.59	826.38
385.72	864.88
385.86	804.38
385.99	831.88
386.12	838.75
386.25	811.50
386.39	881.62
386.52	891.88
386.65	840.00
386.79	835.25
386.92	824.62
387.05	916.88
387.18	798.62
387.32	815.38
387.45	881.62
387.58	853.38
387.71	832.62
387.85	829.38
387.98	859.25
388.11	867.50
388.25	864.00
388.38	852.00
388.51	877.88
388.64	879.75
388.78	826.38
388.91	810.88
389.04	845.38
389.17	947.00
389.31	862.25
389.44	889.25
389.57	909.75
389.70	876.12
389.84	838.38
389.97	832.75
390.10	833.38
390.24	875.12
390.37	847.50
390.50	836.12
390.63	912.62
390.77	849.88
390.90	856.12
391.03	863.50
391.16	816.12
391.30	839.88
391.43	844.75
391.56	842.62
391.69	831.12
391.83	899.00
391.96	871.00
392.09	854.75
392.22	942.12
392.36	874.38
392.49	831.25
392.62	858.12
392.75	882.75
392.89	919.38
393.02	825.62
393.15	830.62
393.28	816.75
393.42	937.00
393.55	823.38
393.68	849.88
393.81	797.12
393.95	844.88
394.08	845.88
394.21	847.12
394.34	901.25
394.48	895.50
394.61	896.50
394.74	887.00
394.87	912.88
395.01	877.50
395.14	893.25
395.27	849.50
395.40	956.75
395.54	954.25
395.67	876.75
395.80	860.50
395.93	894.25
396.07	849.12
396.20	848.38
396.33	801.25
396.46	846.38
396.59	862.75
396.73	864.00
396.86	844.38
396.99	915.38
397.12	881.12
397.26	887.88
397.39	876.00
397.52	1143.75
397.65	972.62
397.79	885.25
397.92	865.50
398.05	919.00
398.18	855.25
398.32	862.25
398.45	898.12
398.58	889.75
398.71	894.50
398.84	837.38
398.98	875.88
399.11	908.62
399.24	903.75
399.37	869.50
399.51	847.88
399.64	877.75
399.77	886.25
399.90	879.75
400.03	885.25
400.17	840.00
400.30	932.00
400.43	912.12
400.56	879.62
400.70	887.62
400.83	862.50
400.96	856.25
401.09	890.88
401.23	889.50
401.36	945.88
401.49	873.62
401.62	894.25
401.75	871.38
401.89	851.00
402.02	878.00
402.15	891.88
402.28	911.12
402.41	892.00
402.55	875.00
402.68	884.88
402.81	959.25
402.94	930.88
403.08	878.00
403.21	857.38
403.34	929.25
403.47	922.12
403.60	883.38
403.74	922.88
403.87	926.88
404.00	870.75
404.13	872.88
404.26	851.50
404.40	859.62
404.53	914.50
404.66	889.25
404.79	865.62
404.93	924.62
405.06	902.38
405.19	847.88
405.32	912.75
405.45	913.00
405.59	936.88
405.72	903.00
405.85	870.38
405.98	1060.25
406.11	875.25
406.25	872.12
406.38	888.00
406.51	927.75
406.64	901.62
406.77	865.62
406.91	860.12
407.04	922.38
407.17	894.00
407.30	927.12
407.43	908.75
407.57	981.12
407.70	961.12
407.83	882.75
407.96	911.25
408.09	878.62
408.23	990.50
408.36	912.50
408.49	902.00
408.62	1019.62
408.75	931.50
408.89	885.75
409.02	925.62
409.15	914.88
409.28	983.38
409.41	940.75
409.55	907.88
409.68	1037.75
409.81	935.75
409.94	900.38
410.07	928.62
410.20	924.75
410.34	917.25
410.47	917.50
410.60	931.38
410.73	958.38
410.86	901.25
411.00	922.88
411.13	898.12
411.26	930.25
411.39	925.88
411.52	949.00
411.66	920.00
411.79	911.38
411.92	894.25
412.05	922.88
412.18	912.50
412.31	951.25
412.45	961.50
412.58	959.75
412.71	889.50
412.84	948.12
412.97	1006.25
413.11	942.50
413.24	943.75
413.37	968.50
413.50	1033.75
413.63	948.38
413.76	926.88
413.90	972.75
414.03	919.88
414.16	921.25
414.29	963.50
414.42	943.75
414.56	1034.88
414.69	925.75
414.82	943.75
414.95	949.75
415.08	958.88
415.21	934.00
415.35	964.00
415.48	874.25
415.61	979.25
415.74	985.12
415.87	906.00
416.00	961.50
416.14	1056.88
416.27	945.75
416.40	927.25
416.53	948.38
416.66	970.12
416.79	952.38
416.93	916.50
417.06	994.62
417.19	948.12
417.32	940.50
417.45	932.00
417.58	906.00
417.72	996.38
417.85	935.38
417.98	947.25
418.11	984.25
418.24	942.25
418.37	939.88
418.51	958.12
418.64	964.62
418.77	1029.88
418.90	975.62
419.03	923.12
419.16	968.75
419.29	999.12
419.43	943.88
419.56	925.75
419.69	1060.12
419.82	1013.00
419.95	971.62
420.08	1014.38
420.22	1031.38
420.35	1079.12
420.48	1008.00
420.61	968.50
420.74	916.62
420.87	998.62
421.00	932.25
421.14	952.25
421.27	1004.12
421.40	1037.38
421.53	991.50
421.66	972.75
421.79	964.50
421.93	972.88
422.06	977.00
422.19	956.62
422.32	1019.12
422.45	1013.25
422.58	985.75
422.71	970.50
422.85	1026.25
422.98	1020.38
423.11	935.50
423.24	936.25
423.37	957.00
423.50	955.75
423.63	979.75
423.77	955.00
423.90	952.62
424.03	1010.25
424.16	1023.25
424.29	978.88
424.42	939.12
424.55	953.12
424.69	951.62
424.82	988.50
424.95	1003.50
425.08	960.38
425.21	1012.25
425.34	973.00
425.47	988.25
425.60	1005.75
425.74	952.75
425.87	979.25
426.00	990.62
426.13	1005.12
426.26	960.25
426.39	970.88
426.52	987.75
426.66	1063.25
426.79	1026.25
426.92	970.62
427.05	1095.62
427.18	1074.50
427.31	992.38
427.44	995.62
427.57	963.88
427.71	997.75
427.84	986.88
427.97	1012.62
428.10	1069.62
428.23	1020.50
428.36	984.88
428.49	931.88
428.62	1133.50
428.76	1105.12
428.89	1027.12
429.02	974.00
429.15	1003.50
429.28	1101.88
429.41	1000.88
429.54	1015.38
429.67	998.50
429.81	1044.38
429.94	1015.75
430.07	1006.50
430.20	1063.50
430.33	1080.62
430.46	990.88
430.59	991.88
430.72	1019.88
430.85	976.12
430.99	1017.12
431.12	988.25
431.25	1074.38
431.38	1099.62
431.51	1031.75
431.64	1026.12
431.77	1100.38
431.90	1099.12
432.03	1036.25
432.17	1003.88
432.30	1045.38
432.43	1052.62
432.56	1039.12
432.69	1060.88
432.82	1052.62
432.95	1088.38
433.08	1038.62
433.21	1046.88
433.35	1032.25
433.48	1034.75
433.61	999.00
433.74	1033.75
433.87	1012.25
434.00	1078.88
434.13	1019.00
434.26	1069.62
434.39	1059.25
434.53	1073.25
434.66	1034.75
434.79	1033.88
434.92	1041.00
435.05	1113.75
435.18	1030.00
435.31	1066.62
435.44	1117.00
435.57	1063.62
435.70	1049.62
435.84	1026.00
435.97	1119.50
436.10	1160.50
436.23	1044.88
436.36	1027.88
436.49	1050.75
436.62	1079.50
436.75	1058.25
436.88	1087.62
437.01	1037.38
437.14	1030.62
437.28	1017.25
437.41	1046.88
437.54	1122.00
437.67	1097.75
437.80	1044.50
437.93	1017.12
438.06	1173.25
438.19	1120.25
438.32	1045.75
438.45	1050.50
438.58	1095.88
438.72	1140.25
438.85	1116.12
438.98	1069.62
439.11	1098.00
439.24	1147.88
439.37	1139.25
439.50	1112.62
439.63	1139.12
439.76	1067.25
439.89	1056.25
440.02	1064.62
440.15	1108.88
440.29	1150.88
440.42	1088.25
440.55	1086.62
440.68	1161.12
440.81	1208.62
440.94	1109.00
441.07	1099.00
441.20	1181.00
441.33	1113.12
441.46	1073.38
441.59	1078.75
441.72	1099.12
441.85	1106.12
441.99	1138.25
442.12	1146.88
442.25	1190.88
442.38	1130.12
442.51	1122.75
442.64	1061.62
442.77	1112.25
442.90	1094.88
443.03	1065.75
443.16	1093.00
443.29	1121.88
443.42	1180.62
443.55	1095.12
443.68	1126.12
443.82	1084.25
443.95	1098.38
444.08	1105.12
444.21	1118.12
444.34	1099.62
444.47	1116.12
444.60	1117.12
444.73	1136.12
444.86	1126.50
444.99	1186.25
445.12	1149.12
445.25	1139.12
445.38	1140.25
445.51	1162.00
445.64	1140.00
445.78	1111.62
445.91	1079.75
446.04	1234.75
446.17	1180.12
446.30	1091.38
446.43	1155.62
446.56	1142.38
446.69	1110.62
446.82	1125.75
446.95	1184.25
447.08	1203.50
447.21	1158.88
447.34	1138.75
447.47	1194.12
447.60	1190.12
447.73	1158.50
447.86	1182.38
447.99	1162.75
448.13	1165.62
448.26	1190.38
448.39	1151.38
448.52	1191.50
448.65	1197.75
448.78	1157.25
448.91	1158.38
449.04	1187.88
449.17	1153.75
449.30	1197.38
449.43	1178.88
449.56	1177.50
449.69	1235.62
449.82	1174.62
449.95	1129.12
450.08	1235.00
450.21	1207.88
450.34	1184.62
450.47	1175.62
450.60	1208.12
450.73	1192.38
450.87	1174.38
451.00	1208.88
451.13	1230.12
451.26	1334.75
451.39	1179.12
451.52	1214.50
451.65	1186.25
451.78	1183.38
451.91	1172.62
452.04	1173.25
452.17	1275.00
452.30	1277.88
452.43	1184.88
452.56	1192.75
452.69	1260.12
452.82	1167.75
452.95	1248.38
453.08	1184.62
453.21	1151.38
453.34	1248.88
453.47	1195.00
453.60	1268.25
453.73	1305.62
453.86	1251.75
453.99	1244.75
454.12	1237.25
454.25	1221.38
454.38	1233.88
454.52	1200.25
454.65	1216.12
454.78	1217.50
454.91	1187.25
455.04	1225.12
455.17	1202.12
455.30	1221.88
455.43	1296.50
455.56	1225.38
455.69	1207.00
455.82	1270.62
455.95	1265.00
456.08	1214.38
456.21	1218.12
456.34	1200.12
456.47	1197.88
456.60	1243.38
456.73	1238.50
456.86	1254.88
456.99	1284.50
457.12	1237.38
457.25	1253.38
457.38	1322.25
457.51	1307.62
457.64	1286.62
457.77	1257.75
457.90	1266.75
458.03	1261.38
458.16	1268.00
458.29	1272.88
458.42	1277.75
458.55	1239.62
458.68	1266.50
458.81	1279.25
458.94	1353.88
459.07	1391.38
459.20	1255.75
459.33	1271.00
459.46	1354.62
459.59	1399.88
459.72	1363.88
459.85	1306.62
459.98	1374.75
460.11	1351.00
460.24	1315.50
460.37	1279.12
460.50	1356.62
460.63	1330.62
460.76	1311.38
460.89	1333.75
461.02	1353.62
461.15	1366.62
461.28	1329.62
461.41	1337.25
461.54	1413.88
461.67	1314.38
461.80	1359.88
461.93	1398.12
462.06	1378.38
462.19	1409.12
462.32	1342.50
462.45	1338.50
462.58	1385.38
462.71	1344.25
462.84	1348.25
462.97	1308.50
463.10	1358.75
463.23	1381.62
463.36	1403.25
463.49	1379.62
463.62	1333.75
463.75	1399.50
463.88	1370.38
464.01	1397.50
464.14	1351.88
464.27	1483.75
464.40	1393.75
464.53	1401.38
464.66	1421.50
464.79	1424.88
464.92	1412.12
465.05	1389.62
465.18	1421.25
465.31	1421.38
465.44	1424.00
465.57	1409.12
465.70	1409.00
465.83	1539.12
465.96	1446.62
466.09	1425.12
466.22	1496.12
466.35	1470.75
466.48	1421.25
466.61	1428.62
466.74	1458.75
466.87	1508.38
467.00	1492.12
467.13	1497.00
467.26	1507.12
467.39	1440.88
467.52	1442.75
467.65	1469.75
467.78	1549.75
467.91	1487.12
468.04	1504.38
468.17	1473.25
468.30	1478.88
468.43	1468.50
468.56	1487.75
468.69	1532.25
468.82	1539.75
468.95	1486.50
469.08	1513.50
469.21	1527.50
469.34	1585.88
469.47	1639.12
469.60	1612.62
469.73	1559.50
469.86	1572.12
469.99	1595.12
470.11	1526.12
470.24	1562.50
470.37	1593.00
470.50	1572.38
470.63	1554.00
470.76	1581.62
470.89	1640.38
471.02	1691.25
471.15	1587.25
471.28	1600.38
471.41	1689.00
471.54	1638.75
471.67	1601.00
471.80	1564.12
471.93	1668.88
472.06	1642.50
472.19	1626.75
472.32	1597.88
472.45	1760.88
472.58	1713.38
472.71	1669.25
472.84	1645.25
472.97	1643.62
473.10	1630.25
473.23	1717.25
473.36	1641.25
473.49	1752.12
473.62	1737.75
473.74	1718.62
473.87	1730.62
474.00	1675.62
474.13	1686.50
474.26	1731.12
474.39	1769.62
474.52	1744.62
474.65	1730.50
474.78	1760.00
474.91	1710.62
475.04	1763.38
475.17	1869.25
475.30	1799.88
475.43	1791.88
475.56	1823.12
475.69	1770.88
475.82	1825.38
475.95	1781.38
476.08	1872.50
476.21	1817.12
476.34	1859.38
476.46	1861.50
476.59	1897.25
476.72	1830.12
476.85	1834.25
476.98	1828.75
477.11	1921.62
477.24	1856.50
477.37	1804.12
477.50	1861.88
477.63	1885.88
477.76	1862.00
477.89	1833.12
478.02	1850.38
478.15	1902.62
478.28	1906.00
478.41	1946.75
478.54	1905.25
478.66	1975.50
478.79	1920.25
478.92	1937.12
479.05	1939.38
479.18	1945.62
479.31	1936.25
479.44	1952.12
479.57	1952.75
479.70	1958.75
479.83	1994.50
479.96	1973.25
480.09	2021.00
480.22	2144.38
480.35	2131.75
480.48	2060.75
480.60	2040.12
480.73	2013.25
480.86	2076.62
480.99	2050.62
481.12	2053.88
481.25	2069.12
481.38	2127.50
481.51	2060.88
481.64	2084.25
481.77	2122.25
481.90	2071.38
482.03	2092.00
482.16	2101.50
482.29	2181.25
482.41	2128.12
482.54	2145.12
482.67	2112.75
482.80	2147.50
482.93	2198.00
483.06	2124.75
483.19	2216.25
483.32	2194.38
483.45	2169.38
483.58	2184.88
483.71	2217.38
483.84	2236.38
483.97	2217.12
484.09	2194.00
484.22	2202.25
484.35	2197.75
484.48	2169.50
484.61	2194.88
484.74	2214.88
484.87	2246.25
485.00	2213.62
485.13	2260.00
485.26	2223.38
485.39	2286.25
485.52	2265.00
485.64	2362.12
485.77	2326.62
485.90	2358.88
486.03	2261.62
486.16	2325.62
486.29	2280.25
486.42	2312.75
486.55	2346.75
486.68	2325.25
486.81	2364.75
486.94	2347.88
487.06	2334.12
487.19	2384.38
487.32	2376.00
487.45	2373.12
487.58	2342.50
487.71	2383.50
487.84	2340.75
487.97	2420.25
488.10	2434.25
488.23	2379.12
488.35	2355.00
488.48	2400.62
488.61	2386.00
488.74	2407.25
488.87	2416.00
489.00	2447.62
489.13	2531.88
489.26	2486.50
489.39	2485.62
489.52	2502.75
489.64	2482.12
489.77	2487.38
489.90	2472.62
490.03	2473.00
490.16	2468.12
490.29	2481.62
490.42	2486.00
490.55	2517.75
490.68	2494.62
490.81	2510.50
490.93	2463.50
491.06	2581.75
491.19	2560.75
491.32	2547.75
491.45	2568.25
491.58	2511.88
491.71	2557.88
491.84	2542.12
491.97	2531.25
492.09	2633.00
492.22	2598.00
492.35	2579.75
492.48	2630.62
492.61	2614.00
492.74	2596.00
492.87	2625.62
493.00	2597.88
493.12	2593.25
493.25	2623.50
493.38	2625.75
493.51	2598.25
493.64	2610.38
493.77	2652.38
493.90	2673.62
494.03	2677.50
494.16	2735.38
494.28	2721.00
494.41	2666.12
494.54	2683.88
494.67	2788.75
494.80	2753.25
494.93	2682.38
495.06	2727.62
495.19	2725.00
495.31	2711.38
495.44	2692.75
495.57	2687.75
495.70	2730.12
495.83	2724.88
495.96	2696.25
496.09	2748.25
496.22	2798.50
496.34	2848.25
496.47	2741.25
496.60	2789.12
496.73	2815.50
496.86	2804.75
496.99	2743.75
497.12	2790.50
497.24	2740.12
497.37	2780.00
497.50	2784.50
497.63	2780.75
497.76	2796.00
497.89	2861.25
498.02	2852.62
498.15	2756.00
498.27	2832.25
498.40	2879.00
498.53	2904.38
498.66	2872.25
498.79	2894.88
498.92	2832.75
499.05	2874.62
499.17	2866.75
499.30	2887.38
499.43	2956.00
499.56	2917.75
499.69	2833.25
499.82	2905.75
499.95	2887.50
500.07	2890.00
500.20	2913.75
500.33	2950.12
500.46	3052.25
500.59	2945.12
500.72	2931.38
500.85	2986.38
500.97	2983.12
501.10	2983.75
501.23	2903.38
501.36	2945.12
501.49	3022.62
501.62	2980.62
501.75	2975.62
501.87	3035.25
502.00	2941.75
502.13	2998.62
502.26	3007.38
502.39	2980.62
502.52	2987.12
502.64	2953.62
502.77	2978.12
502.90	3053.25
503.03	3025.38
503.16	2994.88
503.29	2994.88
503.42	3096.88
503.54	3032.62
503.67	3054.38
503.80	3056.88
503.93	3114.00
504.06	3032.12
504.19	3070.25
504.31	3120.62
504.44	3096.25
504.57	3098.75
504.70	3098.88
504.83	3045.50
504.96	3107.25
505.08	3077.25
505.21	3104.38
505.34	3212.50
505.47	3169.00
505.60	3165.38
505.73	3187.88
505.85	3163.75
505.98	3253.50
506.11	3147.00
506.24	3120.25
506.37	3134.50
506.50	3171.12
506.62	3204.25
506.75	3158.62
506.88	3156.38
507.01	3191.25
507.14	3143.88
507.27	3177.88
507.39	3152.12
507.52	3193.75
507.65	3188.12
507.78	3220.75
507.91	3183.88
508.04	3282.88
508.16	3272.88
508.29	3242.38
508.42	3221.88
508.55	3207.00
508.68	3206.62
508.81	3297.00
508.93	3230.50
509.06	3245.38
509.19	3293.62
509.32	3300.75
509.45	3294.25
509.57	3289.38
509.70	3254.12
509.83	3277.75
509.96	3257.25
510.09	3291.12
510.22	3277.88
510.34	3324.88
510.47	3292.38
510.60	3395.50
510.73	3336.38
510.86	3360.12
510.98	3328.25
511.11	3311.75
511.24	3397.75
511.37	3381.50
511.50	3342.75
511.63	3358.62
511.75	3366.25
511.88	3354.50
512.01	3395.75
512.14	3368.75
512.27	3379.25
512.39	3376.75
512.52	3369.75
512.65	3386.25
512.78	3370.88
512.91	3402.38
513.03	3413.62
513.16	3457.12
513.29	3412.88
513.42	3418.50
513.55	3377.12
513.67	3450.88
513.80	3384.25
513.93	3404.38
514.06	3417.12
514.19	3449.00
514.31	3454.12
514.44	3478.62
514.57	3445.62
514.70	3470.88
514.83	3515.12
514.95	3452.38
515.08	3492.50
515.21	3497.62
515.34	3479.88
515.47	3505.75
515.59	3471.25
515.72	3522.62
515.85	3519.75
515.98	3560.00
516.11	3517.00
516.23	3570.75
516.36	3598.12
516.49	3557.25
516.62	3529.25
516.75	3606.25
516.87	3616.62
517.00	3534.00
517.13	3583.12
517.26	3635.12
517.39	3591.50
517.51	3515.00
517.64	3595.62
517.77	3640.12
517.90	3555.25
518.02	3582.88
518.15	3542.00
518.28	3517.38
518.41	3586.88
518.54	3609.50
518.66	3633.62
518.79	3590.12
518.92	3616.75
519.05	3607.00
519.18	3606.88
519.30	3659.12
519.43	3607.00
519.56	3609.38
519.69	3631.00
519.81	3677.50
519.94	3633.75
520.07	3599.75
520.20	3639.38
520.33	3679.50
520.45	3722.88
520.58	3682.62
520.71	3724.50
520.84	3714.00
520.96	3707.62
521.09	3688.88
521.22	3673.62
521.35	3740.25
521.48	3744.50
521.60	3688.50
521.73	3728.12
521.86	3765.00
521.99	3795.75
522.11	3731.25
522.24	3739.62
522.37	3750.62
522.50	3753.38
522.62	3816.62
522.75	3695.00
522.88	3769.25
523.01	3738.62
523.14	3779.00
523.26	3787.75
523.39	3831.50
523.52	3744.62
523.65	3854.88
523.77	3779.38
523.90	3790.75
524.03	3765.00
524.16	3758.50
524.28	3774.38
524.41	3774.12
524.54	3802.62
524.67	3750.75
524.79	3806.25
524.92	3843.50
525.05	3887.50
525.18	3792.88
525.31	3852.75
525.43	3792.00
525.56	3915.50
525.69	3814.75
525.82	3772.25
525.94	3886.62
526.07	3874.88
526.20	3893.00
526.33	3884.62
526.45	3969.25
526.58	3938.38
526.71	3884.00
526.84	3844.75
526.96	3891.38
527.09	3846.00
527.22	3858.50
527.35	3867.00
527.47	3843.88
527.60	3952.62
527.73	3848.38
527.86	3929.38
527.98	3917.62
528.11	3922.12
528.24	3855.12
528.37	3906.25
528.49	3858.00
528.62	3930.88
528.75	3946.50
528.88	3894.38
529.00	3961.25
529.13	3977.25
529.26	3946.88
529.39	3972.88
529.51	4072.12
529.64	4019.88
529.77	3935.62
529.90	3930.50
530.02	3955.62
530.15	3934.12
530.28	3919.88
530.40	3949.12
530.53	3973.88
530.66	4001.38
530.79	3978.50
530.91	3975.38
531.04	3957.38
531.17	3991.38
531.30	3992.12
531.42	4008.62
531.55	4002.38
531.68	4065.12
531.81	3993.00
531.93	3991.25
532.06	4034.75
532.19	3980.75
532.31	4006.50
532.44	4016.38
532.57	4056.50
532.70	3984.75
532.82	4051.62
532.95	4070.88
533.08	4103.50
533.21	4073.88
533.33	4001.75
533.46	4028.50
533.59	4081.12
533.71	4165.62
533.84	4082.88
533.97	4062.12
534.10	4048.38
534.22	4065.75
534.35	4102.38
534.48	4085.75
534.61	4128.25
534.73	4035.12
534.86	4060.88
534.99	4124.25
535.11	4151.25
535.24	4111.75
535.37	4094.12
535.50	4095.50
535.62	4092.62
535.75	4172.50
535.88	4144.75
536.00	4116.75
536.13	4123.88
536.26	4146.25
536.39	4140.12
536.51	4103.25
536.64	4182.88
536.77	4135.75
536.89	4161.50
537.02	4168.38
537.15	4193.75
537.28	4180.25
537.40	4171.12
537.53	4162.00
537.66	4222.75
537.78	4174.88
537.91	4171.50
538.04	4172.50
538.17	4227.00
538.29	4205.88
538.42	4304.88
538.55	4265.00
538.67	4264.50
538.80	4200.25
538.93	4247.25
539.05	4249.12
539.18	4302.50
539.31	4251.62
539.44	4260.62
539.56	4199.62
539.69	4237.12
539.82	4213.75
539.94	4205.00
540.07	4236.38
540.20	4352.62
540.32	4237.88
540.45	4264.25
540.58	4252.38
540.71	4302.25
540.83	4243.50
540.96	4284.50
541.09	4280.75
541.21	4370.25
541.34	4349.12
541.47	4267.00
541.59	4304.88
541.72	4379.88
541.85	4430.00
541.98	4357.12
542.10	4315.62
542.23	4329.12
542.36	4435.88
542.48	4320.50
542.61	4315.38
542.74	4306.12
542.86	4314.00
542.99	4313.12
543.12	4328.88
543.24	4375.00
543.37	4283.88
543.50	4337.38
543.62	4335.75
543.75	4353.38
543.88	4348.75
544.01	4382.25
544.13	4411.88
544.26	4408.25
544.39	4362.75
544.51	4385.38
544.64	4375.25
544.77	4414.88
544.89	4366.88
545.02	4417.50
545.15	4399.25
545.27	4503.12
545.40	4475.12
545.53	4437.62
545.65	4451.00
545.78	4381.75
545.91	4376.75
546.03	4426.12
546.16	4428.75
546.29	4436.00
546.41	4406.62
546.54	4447.62
546.67	4420.00
546.79	4472.50
546.92	4517.75
547.05	4409.25
547.17	4467.75
547.30	4433.12
547.43	4521.00
547.56	4448.00
547.68	4474.75
547.81	4453.25
547.94	4481.12
548.06	4490.00
548.19	4456.50
548.32	4548.75
548.44	4502.62
548.57	4517.75
548.70	4541.12
548.82	4538.25
548.95	4520.38
549.08	4512.00
549.20	4498.75
549.33	4591.75
549.45	4512.75
549.58	4514.75
549.71	4469.50
549.83	4562.50
549.96	4468.50
550.09	4544.12
550.21	4522.12
550.34	4562.00
550.47	4515.12
550.59	4559.62
550.72	4498.88
550.85	4568.12
550.97	4615.25
551.10	4563.50
551.23	4569.38
551.35	4636.88
551.48	4582.88
551.61	4580.25
551.73	4589.00
551.86	4672.25
551.99	4646.62
552.11	4627.62
552.24	4636.38
552.37	4633.38
552.49	4565.88
552.62	4600.00
552.75	4643.62
552.87	4620.25
553.00	4626.38
553.12	4630.62
553.25	4626.12
553.38	4666.88
553.50	4700.75
553.63	4653.25
553.76	4601.25
553.88	4662.38
554.01	4655.50
554.14	4671.88
554.26	4730.25
554.39	4755.75
554.52	4676.38
554.64	4685.38
554.77	4699.00
554.89	4732.75
555.02	4751.62
555.15	4714.62
555.27	4732.00
555.40	4723.62
555.53	4782.00
555.65	4722.12
555.78	4702.75
555.91	4762.50
556.03	4815.62
556.16	4709.38
556.29	4738.75
556.41	4821.38
556.54	4826.62
556.66	4769.12
556.79	4733.50
556.92	4780.88
557.04	4805.25
557.17	4778.62
557.30	4771.62
557.42	4776.12
557.55	4785.00
557.67	4823.12
557.80	4805.62
557.93	4817.12
558.05	4822.75
558.18	4798.25
558.31	4804.88
558.43	4877.25
558.56	4845.00
558.68	4834.75
558.81	4804.00
558.94	4850.25
559.06	4954.88
559.19	4839.62
559.32	4852.25
559.44	4823.75
559.57	4844.38
559.69	4848.00
559.82	4858.38
559.95	4874.50
560.07	4872.00
560.20	4819.62
560.33	4870.50
560.45	4894.75
560.58	4864.38
560.70	4929.50
560.83	4880.12
560.96	4886.12
561.08	4899.38
561.21	4924.75
561.33	4893.25
561.46	4859.25
561.59	4972.25
561.71	4914.75
561.84	4936.00
561.97	4924.25
562.09	4987.88
562.22	4936.25
562.34	4934.75
562.47	4997.62
562.60	4984.50
562.72	4947.88
562.85	4987.88
562.97	4999.12
563.10	4958.50
563.23	4967.50
563.35	4959.62
563.48	5008.62
563.60	5015.25
563.73	5026.00
563.86	4975.12
563.98	4985.62
564.11	4997.88
564.23	5011.50
564.36	5087.12
564.49	5027.38
564.61	5084.00
564.74	5059.12
564.86	5017.88
564.99	5100.00
565.12	5112.00
565.24	5132.25
565.37	5112.62
565.49	5111.25
565.62	5143.12
565.75	5123.75
565.87	5051.75
566.00	5214.00
566.12	5143.50
566.25	5083.88
566.38	5119.12
566.50	5106.12
566.63	5124.00
566.75	5104.62
566.88	5071.88
567.01	5056.75
567.13	5076.38
567.26	5110.62
567.38	5086.25
567.51	5134.12
567.64	5087.38
567.76	5145.75
567.89	5141.00
568.01	5111.62
568.14	5091.38
568.26	5158.12
568.39	5129.62
568.52	5134.38
568.64	5160.62
568.77	5134.12
568.89	5120.00
569.02	5150.12
569.15	5148.50
569.27	5146.75
569.40	5170.88
569.52	5192.00
569.65	5149.00
569.77	5147.12
569.90	5143.62
570.03	5125.00
570.15	5210.12
570.28	5156.38
570.40	5176.00
570.53	5182.25
570.66	5229.62
570.78	5246.25
570.91	5175.38
571.03	5159.88
571.16	5193.75
571.28	5147.88
571.41	5114.25
571.54	5137.75
571.66	5127.25
571.79	5183.88
571.91	5155.25
572.04	5163.75
572.16	5192.75
572.29	5255.12
572.42	5178.38
572.54	5222.00
572.67	5165.38
572.79	5242.00
572.92	5226.88
573.04	5229.62
573.17	5238.75
573.29	5210.38
573.42	5182.12
573.55	5262.25
573.67	5229.50
573.80	5215.62
573.92	5182.88
574.05	5214.88
574.17	5251.00
574.30	5210.00
574.43	5209.38
574.55	5217.00
574.68	5248.75
574.80	5210.62
574.93	5210.12
575.05	5220.50
575.18	5215.88
575.30	5247.50
575.43	5265.75
575.56	5295.12
575.68	5231.25
575.81	5213.00
575.93	5214.38
576.06	5266.75
576.18	5281.12
576.31	5238.75
576.43	5232.75
576.56	5334.12
576.69	5298.00
576.81	5269.75
576.94	5215.25
577.06	5259.38
577.19	5308.50
577.31	5279.75
577.44	5302.50
577.56	5317.25
577.69	5254.25
577.82	5299.12
577.94	5249.75
578.07	5207.88
578.19	5290.62
578.32	5295.88
578.44	5251.38
578.57	5258.50
578.69	5308.88
578.82	5282.50
578.94	5305.12
579.07	5320.00
579.19	5311.38
579.32	5308.88
579.45	5299.12
579.57	5278.50
579.70	5242.00
579.82	5303.00
579.95	5274.25
580.07	5348.75
580.20	5284.88
580.32	5312.12
580.45	5323.50
580.57	5312.75
580.70	5335.88
580.82	5330.38
580.95	5343.25
581.08	5256.00
581.20	5370.50
581.33	5309.75
581.45	5320.00
581.58	5289.00
581.70	5334.25
581.83	5233.88
581.95	5328.00
582.08	5337.50
582.20	5314.25
582.33	5313.25
582.45	5279.38
582.58	5310.75
582.70	5302.38
582.83	5297.62
582.95	5306.38
583.08	5350.38
583.21	5350.62
583.33	5343.38
583.46	5323.75
583.58	5269.00
583.71	5345.25
583.83	5366.75
583.96	5342.38
584.08	5385.62
584.21	5363.62
584.33	5360.62
584.46	5308.88
584.58	5272.75
584.71	5377.75
584.83	5374.50
584.96	5347.25
585.08	5332.12
585.21	5398.50
585.33	5395.25
585.46	5366.75
585.58	5375.38
585.71	5326.00
585.83	5322.50
585.96	5394.62
586.08	5366.88
586.21	5384.62
586.33	5409.62
586.46	5323.12
586.59	5422.75
586.71	5327.88
586.84	5375.50
586.96	5376.00
587.09	5299.50
587.21	5349.88
587.34	5419.88
587.46	5348.88
587.59	5320.38
587.71	5354.88
587.84	5325.38
587.96	5349.75
588.09	5326.88
588.21	5402.38
588.34	5367.88
588.46	5379.50
588.59	5358.12
588.71	5379.62
588.84	5374.75
588.96	5402.25
589.09	5452.62
589.21	5402.62
589.34	5326.25
589.46	5379.50
589.59	5381.38
589.71	5415.50
589.84	5354.25
589.96	5367.75
590.09	5372.12
590.21	5397.12
590.34	5385.12
590.46	5374.38
590.59	5349.88
590.71	5362.12
590.84	5425.25
590.96	5376.25
591.09	5426.75
591.21	5393.50
591.34	5389.25
591.46	5372.62
591.59	5453.25
591.71	5396.75
591.83	5416.38
591.96	5331.75
592.08	5388.00
592.21	5438.25
592.33	5417.88
592.46	5393.88
592.58	5401.00
592.71	5470.12
592.83	5494.38
592.96	5445.38
593.08	5464.88
593.21	5387.00
593.33	5384.25
593.46	5412.25
593.58	5397.12
593.71	5452.88
593.83	5458.00
593.96	5381.62
594.08	5535.50
594.21	5425.12
594.33	5412.88
594.46	5399.88
594.58	5367.00
594.71	5353.25
594.83	5418.12
594.96	5434.62
595.08	5553.62
595.20	5475.62
595.33	5463.38
595.45	5407.25
595.58	5522.75
595.70	5471.25
595.83	5427.38
595.95	5438.75
596.08	5473.62
596.20	5405.88
596.33	5387.00
596.45	5419.12
596.58	5413.50
596.70	5432.12
596.83	5452.12
596.95	5410.75
597.08	5443.38
597.20	5416.25
597.32	5442.62
597.45	5479.62
597.57	5465.38
597.70	5456.38
597.82	5458.75
597.95	5470.12
598.07	5455.88
598.20	5485.38
598.32	5450.12
598.45	5450.00
598.57	5506.00
598.70	5509.25
598.82	5449.75
598.94	5455.62
599.07	5484.00
599.19	5472.38
599.32	5446.38
599.44	5357.62
599.57	5482.75
599.69	5482.50
599.82	5479.38
599.94	5433.12
600.07	5516.75
600.19	5493.88
600.31	5457.75
600.44	5531.00
600.56	5568.12
600.69	5538.75
600.81	5464.12
600.94	5459.88
601.06	5498.38
601.19	5503.25
601.31	5527.88
601.44	5431.00
601.56	5538.88
601.68	5526.00
601.81	5518.88
601.93	5489.62
602.06	5527.00
602.18	5464.38
602.31	5474.38
602.43	5561.38
602.56	5533.50
602.68	5520.75
602.80	5516.62
602.93	5502.50
603.05	5448.62
603.18	5495.62
603.30	5483.38
603.43	5479.62
603.55	5479.62
603.68	5531.88
603.80	5518.50
603.92	5492.88
604.05	5502.00
604.17	5491.62
604.30	5474.50
604.42	5489.12
604.55	5531.00
604.67	5532.38
604.79	5497.12
604.92	5504.12
605.04	5508.62
605.17	5503.75
605.29	5511.75
605.42	5494.00
605.54	5601.00
605.66	5521.88
605.79	5551.50
605.91	5515.75
606.04	5543.38
606.16	5493.75
606.29	5542.88
606.41	5508.38
606.53	5499.62
606.66	5465.12
606.78	5542.62
606.91	5514.88
607.03	5508.38
607.16	5515.75
607.28	5502.12
607.40	5534.12
607.53	5542.25
607.65	5480.00
607.78	5505.75
607.90	5517.00
608.03	5640.00
608.15	5533.62
608.27	5576.38
608.40	5531.00
608.52	5549.00
608.65	5553.12
608.77	5567.88
608.89	5531.00
609.02	5623.62
609.14	5620.88
609.27	5567.88
609.39	5600.25
609.52	5520.88
609.64	5484.88
609.76	5540.50
609.89	5547.88
610.01	5621.50
610.14	5574.88
610.26	5550.00
610.38	5523.00
610.51	5585.62
610.63	5545.62
610.76	5526.50
610.88	5558.25
611.01	5577.25
611.13	5646.25
611.25	5605.38
611.38	5514.75
611.50	5548.50
611.63	5563.25
611.75	5580.62
611.87	5589.00
612.00	5541.38
612.12	5595.38
612.25	5545.50
612.37	5536.38
612.49	5601.75
612.62	5576.12
612.74	5609.50
612.87	5550.38
612.99	5554.75
613.11	5499.50
613.24	5539.62
613.36	5550.50
613.49	5566.75
613.61	5565.00
613.73	5556.12
613.86	5592.62
613.98	5528.00
614.11	5596.00
614.23	5600.38
614.35	5603.38
614.48	5605.25
614.60	5563.25
614.72	5539.38
614.85	5553.75
614.97	5535.88
615.10	5560.62
615.22	5552.88
615.34	5577.38
615.47	5593.62
615.59	5532.62
615.72	5547.50
615.84	5556.62
615.96	5533.75
616.09	5656.75
616.21	5556.25
616.34	5516.12
616.46	5545.75
616.58	5551.25
616.71	5596.38
616.83	5591.00
616.95	5576.00
617.08	5578.12
617.20	5542.62
617.33	5501.88
617.45	5543.62
617.57	5590.25
617.70	5559.50
617.82	5535.62
617.95	5560.62
618.07	5611.25
618.19	5577.75
618.32	5558.75
618.44	5560.88
618.56	5502.50
618.69	5504.62
618.81	5489.50
618.94	5598.50
619.06	5502.00
619.18	5553.88
619.31	5527.00
619.43	5521.12
619.55	5576.62
619.68	5554.62
619.80	5500.75
619.92	5564.12
620.05	5682.00
620.17	5610.12
620.30	5532.75
620.42	5543.62
620.54	5585.50
620.67	5549.00
620.79	5562.88
620.91	5563.75
621.04	5579.00
621.16	5514.00
621.29	5513.12
621.41	5500.00
621.53	5501.88
621.66	5548.75
621.78	5506.25
621.90	5578.12
622.03	5611.38
622.15	5534.88
622.27	5551.00
622.40	5525.88
622.52	5506.12
622.64	5517.12
622.77	5481.12
622.89	5531.75
623.02	5562.12
623.14	5555.75
623.26	5552.50
623.39	5557.75
623.51	5576.00
623.63	5520.12
623.76	5496.00
623.88	5601.50
624.00	5542.75
624.13	5502.25
624.25	5517.25
624.37	5473.88
624.50	5554.38
624.62	5583.38
624.75	5471.88
624.87	5479.75
624.99	5545.88
625.12	5506.25
625.24	5506.50
625.36	5590.88
625.49	5543.38
625.61	5533.38
625.73	5512.38
625.86	5554.88
625.98	5497.25
626.10	5496.00
626.23	5458.50
626.35	5534.75
626.47	5492.38
626.60	5459.75
626.72	5474.62
626.84	5498.00
626.97	5526.50
627.09	5480.12
627.21	5492.00
627.34	5605.88
627.46	5592.75
627.58	5498.38
627.71	5500.50
627.83	5557.25
627.95	5443.88
628.08	5502.75
628.20	5516.38
628.32	5449.62
628.45	5408.12
628.57	5448.50
628.69	5444.12
628.82	5501.25
628.94	5532.75
629.06	5487.88
629.19	5478.25
629.31	5515.75
629.43	5451.25
629.56	5504.12
629.68	5479.88
629.80	5505.25
629.93	5449.88
630.05	5455.25
630.17	5457.38
630.30	5474.75
630.42	5432.00
630.54	5497.62
630.67	5476.62
630.79	5435.00
630.91	5576.38
631.04	5510.62
631.16	5491.00
631.28	5447.62
631.41	5424.38
631.53	5437.25
631.65	5467.75
631.78	5471.25
631.90	5461.88
632.02	5451.88
632.14	5374.25
632.27	5500.62
632.39	5437.88
632.51	5425.00
632.64	5502.25
632.76	5443.50
632.88	5442.00
633.01	5444.00
633.13	5434.75
633.25	5454.12
633.38	5549.50
633.50	5405.50
633.62	5397.50
633.75	5378.25
633.87	5353.25
633.99	5450.62
634.11	5389.00
634.24	5428.50
634.36	5438.50
634.48	5408.12
634.61	5417.50
634.73	5474.00
634.85	5364.88
634.98	5407.00
635.10	5409.00
635.22	5420.50
635.35	5515.25
635.47	5446.88
635.59	5409.38
635.71	5434.75
635.84	5453.88
635.96	5395.75
636.08	5436.50
636.21	5393.88
636.33	5435.12
636.45	5410.88
636.58	5371.75
636.70	5366.75
636.82	5441.88
636.94	5406.25
637.07	5361.12
637.19	5436.00
637.31	5424.62
637.44	5440.88
637.56	5359.12
637.68	5433.12
637.81	5393.25
637.93	5419.75
638.05	5357.88
638.17	5444.62
638.30	5493.12
638.42	5410.00
638.54	5372.38
638.67	5386.75
638.79	5414.38
638.91	5362.88
639.03	5372.75
639.16	5360.75
639.28	5374.00
639.40	5371.25
639.53	5352.12
639.65	5411.38
639.77	5375.50
639.89	5382.50
640.02	5375.38
640.14	5372.00
640.26	5306.88
640.39	5380.38
640.51	5338.75
640.63	5353.12
640.75	5412.88
640.88	5358.62
641.00	5341.62
641.12	5335.25
641.24	5427.38
641.37	5336.75
641.49	5308.38
641.61	5460.38
641.74	5336.88
641.86	5383.50
641.98	5318.75
642.10	5368.25
642.23	5380.62
642.35	5337.62
642.47	5367.25
642.60	5343.75
642.72	5379.12
642.84	5288.00
642.96	5316.75
643.09	5328.00
643.21	5340.00
643.33	5310.38
643.45	5328.50
643.58	5378.38
643.70	5417.00
643.82	5325.50
643.94	5331.88
644.07	5338.38
644.19	5366.38
644.31	5356.88
644.44	5344.25
644.56	5305.12
644.68	5294.12
644.80	5297.75
644.93	5290.75
645.05	5309.00
645.17	5356.25
645.29	5332.62
645.42	5338.62
645.54	5321.38
645.66	5359.50
645.78	5318.75
645.91	5304.88
646.03	5310.25
646.15	5383.25
646.27	5291.88
646.40	5330.12
646.52	5327.75
646.64	5344.50
646.76	5297.50
646.89	5259.62
647.01	5339.75
647.13	5327.00
647.25	5337.62
647.38	5299.00
647.50	5308.62
647.62	5351.38
647.74	5258.88
647.87	5251.50
647.99	5328.62
648.11	5335.00
648.23	5304.38
648.36	5258.88
648.48	5350.88
648.60	5310.12
648.72	5282.25
648.85	5254.62
648.97	5317.50
649.09	5321.50
649.21	5301.38
649.34	5290.62
649.46	5340.50
649.58	5328.00
649.70	5291.50
649.83	5246.75
649.95	5322.12
650.07	5314.12
650.19	5310.75
650.32	5300.38
650.44	5346.38
650.56	5310.00
650.68	5296.00
650.81	5301.00
650.93	5276.38
651.05	5322.75
651.17	5269.50
651.29	5302.88
651.42	5251.25
651.54	5305.88
651.66	5265.62
651.78	5238.38
651.91	5311.12
652.03	5412.38
652.15	5311.75
652.27	5247.25
652.40	5292.50
652.52	5263.50
652.64	5273.25
652.76	5265.00
652.88	5376.38
653.01	5268.12
653.13	5255.00
653.25	5184.88
653.37	5299.88
653.50	5305.50
653.62	5303.00
653.74	5242.25
653.86	5336.50
653.98	5302.75
654.11	5249.25
654.23	5263.50
654.35	5253.25
654.47	5350.88
654.60	5268.88
654.72	5245.75
654.84	5227.62
654.96	5310.38
655.08	5246.50
655.21	5282.12
655.33	5254.88
655.45	5307.62
655.57	5281.12
655.70	5263.62
655.82	5289.62
655.94	5313.75
656.06	5302.12
656.18	5214.25
656.31	5308.00
656.43	5283.25
656.55	5236.12
656.67	5236.75
656.79	5275.62
656.92	5312.00
657.04	5268.88
657.16	5234.88
657.28	5352.62
657.40	5252.38
657.53	5280.62
657.65	5221.12
657.77	5285.25
657.89	5295.88
658.01	5209.50
658.14	5219.25
658.26	5275.62
658.38	5210.50
658.50	5212.38
658.62	5223.88
658.75	5351.62
658.87	5251.25
658.99	5280.25
659.11	5212.00
659.23	5280.88
659.36	5337.25
659.48	5304.25
659.60	5279.25
659.72	5262.62
659.84	5224.00
659.97	5292.88
660.09	5265.25
660.21	5349.50
660.33	5286.62
660.45	5204.88
660.58	5162.88
660.70	5198.88
660.82	5208.25
660.94	5162.25
661.06	5233.88
661.19	5266.38
661.31	5258.75
661.43	5222.88
661.55	5226.38
661.67	5265.75
661.80	5275.12
661.92	5215.38
662.04	5248.38
662.16	5240.88
662.28	5283.75
662.40	5237.88
662.53	5214.00
662.65	5258.25
662.77	5214.88
662.89	5266.00
663.01	5208.50
663.14	5202.12
663.26	5236.88
663.38	5220.75
663.50	5179.38
663.62	5221.12
663.74	5224.38
663.87	5220.00
663.99	5235.12
664.11	5241.75
664.23	5307.75
664.35	5202.75
664.48	5192.62
664.60	5200.25
664.72	5203.88
664.84	5183.50
664.96	5181.88
665.08	5278.38
665.21	5239.12
665.33	5246.00
665.45	5153.75
665.57	5223.62
665.69	5274.50
665.81	5230.38
665.94	5163.25
666.06	5176.62
666.18	5232.88
666.30	5196.00
666.42	5170.00
666.54	5235.88
666.67	5236.62
666.79	5184.88
666.91	5237.12
667.03	5208.75
667.15	5170.62
667.27	5206.75
667.40	5161.50
667.52	5189.50
667.64	5219.25
667.76	5194.62
667.88	5168.50
668.00	5232.62
668.13	5209.38
668.25	5158.38
668.37	5149.88
668.49	5185.00
668.61	5243.88
668.73	5169.00
668.85	5172.75
668.98	5188.38
669.10	5202.00
669.22	5157.25
669.34	5166.62
669.46	5209.00
669.58	5142.50
669.71	5186.25
669.83	5167.62
669.95	5138.38
670.07	5167.38
670.19	5152.38
670.31	5195.12
670.43	5144.38
670.56	5203.25
670.68	5227.38
670.80	5206.12
670.92	5175.88
671.04	5222.88
671.16	5178.00
671.28	5143.75
671.41	5146.25
671.53	5212.00
671.65	5170.12
671.77	5166.62
671.89	5310.38
672.01	5252.12
672.13	5211.12
672.26	5125.00
672.38	5188.25
672.50	5136.00
672.62	5163.00
672.74	5178.12
672.86	5163.88
672.98	5170.62
673.11	5148.75
673.23	5150.25
673.35	5214.62
673.47	5145.50
673.59	5169.88
673.71	5114.88
673.83	5172.25
673.96	5276.38
674.08	5148.88
674.20	5124.38
674.32	5135.00
674.44	5137.62
674.56	5165.88
674.68	5129.38
674.80	5179.12
674.93	5143.12
675.05	5140.00
675.17	5139.50
675.29	5169.75
675.41	5191.88
675.53	5133.88
675.65	5122.88
675.77	5127.88
675.90	5168.12
676.02	5118.50
676.14	5092.25
676.26	5189.88
676.38	5209.50
676.50	5142.75
676.62	5145.50
676.74	5091.00
676.87	5099.62
676.99	5157.38
677.11	5136.62
677.23	5144.25
677.35	5123.38
677.47	5103.25
677.59	5097.00
677.71	5133.00
677.83	5164.12
677.96	5107.62
678.08	5130.62
678.20	5105.38
678.32	5079.62
678.44	5087.00
678.56	5105.12
678.68	5224.38
678.80	5135.88
678.93	5100.38
679.05	5096.12
679.17	5096.12
679.29	5145.75
679.41	5095.75
679.53	5056.12
679.65	5082.88
679.77	5102.75
679.89	5087.88
680.01	5117.38
680.14	5122.12
680.26	5028.12
680.38	5051.50
680.50	5114.38
680.62	5163.75
680.74	5101.50
680.86	5068.38
680.98	5065.25
681.10	5105.62
681.22	5190.12
681.35	5054.50
681.47	5044.12
681.59	5039.75
681.71	5142.75
681.83	5049.00
681.95	5038.62
682.07	5111.88
682.19	5062.25
682.31	5047.88
682.43	5012.12
682.56	5086.88
682.68	5000.25
682.80	5048.75
682.92	5072.88
683.04	5072.12
683.16	5049.50
683.28	5050.38
683.40	5072.12
683.52	5051.50
683.64	5071.00
683.76	5020.88
683.89	5032.75
684.01	5051.25
684.13	5111.00
684.25	5057.88
684.37	5032.00
684.49	5069.38
684.61	5033.75
684.73	5081.38
684.85	5035.00
684.97	5010.75
685.09	5085.00
685.21	4996.38
685.34	5029.88
685.46	5146.00
685.58	5046.62
685.70	5037.00
685.82	5042.38
685.94	4987.75
686.06	4983.50
686.18	4981.50
686.30	5003.75
686.42	4988.00
686.54	5041.62
686.66	4964.38
686.79	5088.62
686.91	5038.38
687.03	5116.50
687.15	5034.88
687.27	5019.00
687.39	5006.12
687.51	5060.62
687.63	5012.50
687.75	5058.50
687.87	5033.75
687.99	5087.12
688.11	4980.62
688.23	5024.25
688.35	5031.38
688.48	5014.75
688.60	4952.25
688.72	4965.38
688.84	5017.38
688.96	5005.50
689.08	5000.12
689.20	4983.38
689.32	5092.25
689.44	4989.00
689.56	4935.25
689.68	4957.00
689.80	4984.00
689.92	4953.00
690.04	4939.75
690.16	4996.50
690.28	4992.38
690.41	4987.12
690.53	4914.50
690.65	4987.62
690.77	5036.00
690.89	5021.50
691.01	4958.38
691.13	4940.62
691.25	4910.75
691.37	4943.88
691.49	4938.62
691.61	4911.38
691.73	5008.38
691.85	4980.00
691.97	4957.88
692.09	4924.00
692.21	4981.50
692.33	5025.62
692.45	4974.88
692.57	4916.88
692.70	4953.12
692.82	4980.38
692.94	4927.00
693.06	4939.75
693.18	4940.25
693.30	4923.75
693.42	4909.25
693.54	4949.00
693.66	4942.00
693.78	4956.25
693.90	4911.75
694.02	4945.38
694.14	4936.38
694.26	4926.25
694.38	4949.38
694.50	4963.50
694.62	4933.50
694.74	4884.88
694.86	4900.38
694.98	4943.25
695.10	4932.00
695.22	4941.25
695.34	4915.12
695.46	4886.38
695.58	4904.38
695.71	4900.62
695.83	4901.25
695.95	4895.88
696.07	4969.38
696.19	4888.62
696.31	4908.88
696.43	4876.25
696.55	4994.12
696.67	4928.38
696.79	4888.38
696.91	4918.75
697.03	4909.88
697.15	5021.50
697.27	4910.50
697.39	4878.75
697.51	4955.62
697.63	4892.62
697.75	4896.38
697.87	4925.62
697.99	4864.62
698.11	4840.50
698.23	4850.12
698.35	4878.62
698.47	4884.25
698.59	4921.00
698.71	4866.38
698.83	4958.12
698.95	4851.12
699.07	4885.00
699.19	4883.38
699.31	4886.00
699.43	4856.38
699.55	4912.38
699.67	4863.25
699.79	4871.75
699.91	4865.38
700.03	4877.00
700.15	4875.88
700.27	4851.00
700.39	4866.38
700.51	4845.25
700.63	4887.62
700.75	4862.00
700.87	4877.12
700.99	4859.50
701.11	4893.25
701.24	4868.38
701.36	4918.25
701.48	4910.38
701.60	4914.62
701.72	4832.38
701.84	4935.38
701.96	4890.62
702.08	4872.62
702.20	4938.25
702.32	4903.38
702.44	4899.00
702.56	4840.12
702.68	4866.12
702.80	4888.62
702.92	4964.75
703.04	4919.88
703.16	4879.88
703.28	4884.50
703.40	4849.38
703.52	4898.00
703.64	4891.00
703.76	4901.38
703.88	4853.88
704.00	4858.88
704.12	4872.12
704.24	4909.00
704.36	4887.00
704.48	4879.62
704.60	4818.38
704.72	4883.88
704.84	4864.62
704.96	4866.00
705.07	4862.00
705.19	4818.62
705.31	4863.38
705.43	4892.38
705.55	4844.00
705.67	4888.12
705.79	4854.38
705.91	4800.50
706.03	4826.38
706.15	4855.75
706.27	4858.75
706.39	4818.62
706.51	4835.00
706.63	4848.88
706.75	4867.50
706.87	4877.62
706.99	4898.50
707.11	4849.38
707.23	4822.25
707.35	4869.12
707.47	4836.12
707.59	4855.88
707.71	4868.12
707.83	4834.88
707.95	4865.12
708.07	4828.88
708.19	4953.50
708.31	4862.88
708.43	4800.50
708.55	4826.62
708.67	4895.38
708.79	4851.25
708.91	4867.00
709.03	4855.75
709.15	4893.38
709.27	4811.75
709.39	4835.38
709.51	4813.00
709.63	4845.25
709.75	4867.62
709.87	4800.38
709.99	4877.88
710.11	4817.25
710.23	4812.50
710.35	4792.50
710.47	4912.75
710.58	4868.88
710.70	4883.38
710.82	4879.25
710.94	4855.12
711.06	4828.38
711.18	4827.88
711.30	4797.88
711.42	4879.75
711.54	4828.12
711.66	4865.50
711.78	4807.62
711.90	4875.62
712.02	4874.38
712.14	4809.12
712.26	4779.62
712.38	4877.00
712.50	4867.50
712.62	4825.62
712.74	4778.50
712.86	4791.88
712.98	4856.75
713.10	4794.88
713.22	4759.50
713.34	4827.25
713.45	4800.38
713.57	4834.12
713.69	4792.38
713.81	4810.25
713.93	4819.00
714.05	4807.50
714.17	4776.25
714.29	4855.00
714.41	4898.25
714.53	4809.38
714.65	4844.12
714.77	4794.75
714.89	4767.12
715.01	4868.12
715.13	4781.50
715.25	4810.88
715.37	4759.75
715.49	4765.62
715.61	4835.88
715.72	4841.75
715.84	4854.00
715.96	4782.88
716.08	4775.38
716.20	4842.00
716.32	4832.12
716.44	4792.12
716.56	4778.62
716.68	4801.50
716.80	4873.50
716.92	4833.38
717.04	4819.88
717.16	4804.00
717.28	4761.88
717.40	4771.62
717.52	4799.50
717.63	4765.00
717.75	4776.12
717.87	4808.75
717.99	4787.25
718.11	4773.88
718.23	4834.00
718.35	4792.50
718.47	4783.25
718.59	4713.25
718.71	4752.12
718.83	4718.38
718.95	4778.25
719.07	4719.38
719.19	4754.88
719.30	4754.88
719.42	4781.38
719.54	4774.75
719.66	4771.25
719.78	4772.62
719.90	4691.12
720.02	4740.12
720.14	4749.25
720.26	4773.25
720.38	4774.38
720.50	4714.88
720.62	4671.50
720.74	4764.12
720.85	4738.38
720.97	4820.00
721.09	4822.62
721.21	4721.38
721.33	4800.00
721.45	4724.62
721.57	4758.75
721.69	4702.12
721.81	4664.38
721.93	4780.62
722.05	4739.12
722.16	4689.62
722.28	4668.88
722.40	4705.62
722.52	4769.75
722.64	4793.62
722.76	4692.00
722.88	4729.38
723.00	4743.12
723.12	4712.00
723.24	4738.25
723.36	4672.12
723.47	4755.62
723.59	4742.75
723.71	4689.75
723.83	4744.00
723.95	4700.25
724.07	4732.75
724.19	4739.25
724.31	4791.62
724.43	4703.38
724.55	4653.88
724.66	4694.88
724.78	4839.75
724.90	4679.75
725.02	4678.25
725.14	4683.62
725.26	4709.25
725.38	4648.75
725.50	4717.75
725.62	4706.75
725.74	4703.75
725.85	4700.25
725.97	4705.62
726.09	4748.38
726.21	5037.88
726.33	4749.75
726.45	4717.75
726.57	4685.50
726.69	4713.75
726.81	4697.88
726.92	4718.38
727.04	4727.88
727.16	4719.75
727.28	4676.00
727.40	4703.50
727.52	4707.75
727.64	4826.00
727.76	4788.38
727.88	4726.38
727.99	4676.12
728.11	4665.75
728.23	4691.12
728.35	4685.62
728.47	4692.88
728.59	4702.12
728.71	4710.25
728.83	4701.50
728.94	4726.00
729.06	4776.88
729.18	4744.00
729.30	4709.38
729.42	4709.00
729.54	4778.50
729.66	4788.00
729.78	4693.00
729.90	4706.38
730.01	4702.25
730.13	4602.62
730.25	4688.75
730.37	4681.88
730.49	4709.50
730.61	4682.62
730.73	4698.75
730.84	4720.38
730.96	4689.00
731.08	4693.75
731.20	4687.38
731.32	4688.75
731.44	4804.12
731.56	4670.62
731.68	4656.62
731.79	4690.12
731.91	4665.62
732.03	4668.25
732.15	4682.00
732.27	4648.25
732.39	4640.88
732.51	4692.38
732.62	4652.88
732.74	4652.25
732.86	4737.12
732.98	4677.25
733.10	4670.75
733.22	4694.88
733.34	4695.88
733.45	4618.12
733.57	4658.00
733.69	4611.00
733.81	4650.38
733.93	4667.50
734.05	4607.00
734.17	4656.00
734.28	4647.50
734.40	4665.25
734.52	4605.62
734.64	4627.38
734.76	4710.25
734.88	4644.62
735.00	4614.25
735.11	4643.88
735.23	4695.25
735.35	4618.38
735.47	4607.25
735.59	4678.25
735.71	4640.00
735.83	4636.00
735.94	4641.62
736.06	4639.00
736.18	4647.25
736.30	4666.38
736.42	4667.50
736.54	4616.62
736.65	4661.50
736.77	4786.00
736.89	4679.00
737.01	4624.12
737.13	4729.00
737.25	4554.75
737.36	4566.88
737.48	4604.12
737.60	4635.38
737.72	4592.38
737.84	4620.50
737.96	4672.12
738.08	4606.00
738.19	4677.50
738.31	4582.88
738.43	4623.62
738.55	4606.62
738.67	4627.00
738.79	4576.12
738.90	4576.50
739.02	4619.38
739.14	4571.88
739.26	4592.38
739.38	4594.38
739.50	4614.38
739.61	4562.50
739.73	4599.75
739.85	4606.62
739.97	4586.38
740.09	4635.00
740.20	4511.88
740.32	4578.62
740.44	4605.50
740.56	4532.88
740.68	4578.38
740.80	4566.88
740.91	4566.50
741.03	4596.62
741.15	4613.75
741.27	4534.25
741.39	4623.25
741.51	4575.62
741.62	4603.62
741.74	4547.50
741.86	4545.38
741.98	4529.12
742.10	4573.38
742.21	4555.75
742.33	4552.62
742.45	4510.75
742.57	4607.62
742.69	4517.25
742.80	4576.50
742.92	4546.50
743.04	4539.25
743.16	4498.75
743.28	4602.50
743.40	4489.62
743.51	4503.62
743.63	4486.00
743.75	4515.62
743.87	4527.62
743.99	4522.00
744.10	4514.38
744.22	4509.62
744.34	4493.75
744.46	4513.50
744.58	4516.00
744.69	4442.38
744.81	4513.75
744.93	4458.75
745.05	4454.88
745.17	4553.25
745.28	4525.12
745.40	4500.12
745.52	4493.38
745.64	4481.12
745.76	4502.62
745.87	4459.38
745.99	4442.25
746.11	4477.50
746.23	4429.75
746.35	4476.88
746.46	4453.75
746.58	4570.62
746.70	4467.38
746.82	4458.00
746.94	4442.00
747.05	4399.00
747.17	4387.50
747.29	4396.62
747.41	4428.75
747.53	4536.38
747.64	4400.00
747.76	4456.38
747.88	4480.25
748.00	4458.62
748.12	4437.50
748.23	4422.38
748.35	4444.62
748.47	4468.75
748.59	4425.75
748.70	4388.12
748.82	4353.12
748.94	4380.50
749.06	4371.62
749.18	4388.62
749.29	4353.88
749.41	4409.38
749.53	4360.00
749.65	4375.12
749.76	4430.38
749.88	4370.62
750.00	4370.00
750.12	4399.38
750.24	4379.75
750.35	4386.50
750.47	4319.88
750.59	4394.62
750.71	4347.38
750.82	4378.25
750.94	4324.12
751.06	4335.62
751.18	4333.88
751.30	4370.75
751.41	4364.75
751.53	4335.75
751.65	4313.38
751.77	4308.62
751.88	4348.88
752.00	4370.12
752.12	4274.38
752.24	4347.75
752.35	4332.12
752.47	4354.38
752.59	4340.50
752.71	4385.00
752.83	4294.00
752.94	4369.25
753.06	4272.50
753.18	4313.50
753.30	4263.50
753.41	4243.75
753.53	4260.12
753.65	4265.62
753.77	4311.12
753.88	4244.88
754.00	4264.62
754.12	4270.12
754.24	4333.25
754.35	4247.62
754.47	4187.88
754.59	4290.88
754.71	4275.62
754.82	4261.25
754.94	4235.75
755.06	4288.12
755.18	4256.62
755.29	4257.62
755.41	4214.25
755.53	4275.12
755.65	4196.62
755.76	4229.50
755.88	4218.38
756.00	4260.38
756.12	4203.38
756.23	4120.25
756.35	4172.62
756.47	4220.12
756.59	4184.25
756.70	4132.00
756.82	4160.62
756.94	4156.88
757.06	4199.12
757.17	4181.88
757.29	4162.75
757.41	4114.25
757.53	4164.00
757.64	4158.50
757.76	4162.00
757.88	4168.00
758.00	4161.25
758.11	4127.62
758.23	4086.25
758.35	4153.25
758.47	4102.25
758.58	4168.88
758.70	4094.12
758.82	4117.50
758.94	4055.62
759.05	4125.25
759.17	4049.75
759.29	4082.75
759.40	4151.75
759.52	4097.62
759.64	4089.62
759.76	4106.25
759.87	4120.00
759.99	4102.12
760.11	4078.75
760.23	4095.12
760.34	4110.25
760.46	4101.38
760.58	4077.50
760.70	4083.62
760.81	4099.88
760.93	4087.50
761.05	4076.38
761.16	4068.00
761.28	4031.25
761.40	4046.00
761.52	3994.00
761.63	4106.38
761.75	4043.00
761.87	4007.75
761.98	3987.12
762.10	4048.12
762.22	4016.62
762.34	4058.38
762.45	3990.38
762.57	4065.62
762.69	4134.25
762.81	3992.62
762.92	4046.25
763.04	3932.00
763.16	4020.75
763.27	4026.75
763.39	3975.75
763.51	4011.00
763.63	3998.00
763.74	3959.88
763.86	3914.75
763.98	3939.75
764.09	3933.38
764.21	3972.25
764.33	3914.75
764.44	3935.38
764.56	3945.12
764.68	3927.88
764.80	3953.75
764.91	3882.88
765.03	3997.75
765.15	3937.75
765.26	3919.75
765.38	3879.50
765.50	3930.62
765.62	3928.12
765.73	3890.25
765.85	3906.00
765.97	3843.88
766.08	3907.75
766.20	3917.12
766.32	3899.00
766.43	3901.50
766.55	3913.25
766.67	3860.50
766.79	3879.00
766.90	3842.50
767.02	3835.75
767.14	3852.88
767.25	3830.38
767.37	3953.75
767.49	3847.75
767.60	3839.88
767.72	3894.88
767.84	3857.12
767.95	3824.62
768.07	3812.75
768.19	3848.75
768.31	3843.25
768.42	3856.62
768.54	3819.12
768.66	3808.75
768.77	3816.38
768.89	3810.62
769.01	3770.12
769.12	3795.38
769.24	3812.38
769.36	3775.88
769.47	3748.12
769.59	3736.62
769.71	3802.25
769.82	3764.62
769.94	3738.38
770.06	3723.00
770.17	3819.62
770.29	3775.88
770.41	3791.00
770.53	3788.12
770.64	3714.88
770.76	3746.38
770.88	3781.88
770.99	3766.62
771.11	3695.50
771.23	3741.88
771.34	3702.00
771.46	3805.38
771.58	3762.62
771.69	3745.38
771.81	3717.50
771.93	3745.88
772.04	3671.88
772.16	3705.75
772.28	3696.88
772.39	3737.88
772.51	3674.75
772.63	3715.25
772.74	3670.00
772.86	3671.00
772.98	3780.25
773.09	3634.88
773.21	3637.12
773.33	3675.12
773.44	3667.75
773.56	3642.75
773.68	3630.62
773.79	3674.62
773.91	3613.25
774.03	3625.50
774.14	3628.50
774.26	3666.75
774.38	3589.38
774.49	3562.12
774.61	3592.25
774.73	3593.12
774.84	3563.25
774.96	3569.00
775.08	3599.75
775.19	3595.50
775.31	3615.88
775.43	3593.50
775.54	3559.25
775.66	3524.75
775.77	3615.50
775.89	3528.50
776.01	3598.12
776.12	3592.88
776.24	3559.50
776.36	3503.50
776.47	3523.50
776.59	3557.50
776.71	3580.62
776.82	3464.75
776.94	3503.38
777.06	3512.00
777.17	3572.50
777.29	3492.50
777.41	3495.38
777.52	3528.62
777.64	3485.50
777.75	3540.12
777.87	3434.88
777.99	3461.38
778.10	3514.25
778.22	3463.75
778.34	3485.38
778.45	3481.00
778.57	3493.50
778.69	3502.12
778.80	3456.38
778.92	3557.12
779.04	3467.75
779.15	3462.88
779.27	3485.38
779.38	3463.25
779.50	3476.25
779.62	3395.62
779.73	3431.88
779.85	3366.00
779.97	3514.12
780.08	3402.38
780.20	3410.50
780.31	3435.50
780.43	3430.62
780.55	3381.25
780.66	3399.50
780.78	3434.88
780.90	3478.25
781.01	3346.12
781.13	3365.12
781.25	3358.12
781.36	3399.50
781.48	3337.75
781.59	3358.75
781.71	3365.75
781.83	3370.38
781.94	3325.38
782.06	3316.38
782.18	3395.25
782.29	3334.00
782.41	3292.25
782.52	3381.50
782.64	3354.25
782.76	3322.88
782.87	3328.75
782.99	3295.00
783.10	3422.38
783.22	3446.62
783.34	3296.75
783.45	3292.12
783.57	3296.00
783.69	3267.88
783.80	3293.00
783.92	3293.62
784.03	3279.75
784.15	3247.88
784.27	3265.12
784.38	3241.88
784.50	3258.38
784.61	3258.12
784.73	3222.88
784.85	3235.75
784.96	3208.12
785.08	3286.88
785.19	3270.75
785.31	3234.88
785.43	3193.38
785.54	3186.12
785.66	3248.38
785.77	3228.25
785.89	3238.38
786.01	3169.25
786.12	3194.00
786.24	3207.50
786.35	3260.88
786.47	3191.00
786.59	3174.12
786.70	3144.00
786.82	3203.00
786.93	3180.12
787.05	3174.88
787.17	3183.88
787.28	3165.12
787.40	3184.75
787.51	3177.50
787.63	3179.25
787.75	3119.50
787.86	3167.25
787.98	3174.12
788.09	3131.88
788.21	3172.00
788.33	3174.38
788.44	3132.62
788.56	3099.88
788.67	3148.50
788.79	3101.50
788.91	3117.38
789.02	3093.62
789.14	3088.00
789.25	3167.25
789.37	3131.00
789.48	3091.75
789.60	3100.00
789.72	3053.12
789.83	3107.62
789.95	3078.88
790.06	3022.12
790.18	3039.75
790.30	3092.75
790.41	3078.88
790.53	3045.38
790.64	3029.25
790.76	3013.62
790.87	3032.38
790.99	3038.25
791.11	3038.25
791.22	3010.38
791.34	3038.50
791.45	3075.12
791.57	3040.25
791.68	3016.50
791.80	2989.88
791.92	3068.88
792.03	3000.75
792.15	2966.12
792.26	2983.75
792.38	2966.12
792.49	3014.12
792.61	2984.00
792.73	2991.25
792.84	2979.12
792.96	3072.50
793.07	2968.50
793.19	3726.62
793.30	3054.38
793.42	2991.00
793.54	2901.38
793.65	2914.88
793.77	3092.88
793.88	2940.62
794.00	2905.25
794.11	2945.88
794.23	2884.88
794.34	2942.50
794.46	2882.75
794.58	2883.88
794.69	3007.88
794.81	2988.38
794.92	2885.00
795.04	2894.50
795.15	2996.00
795.27	2944.25
795.39	2928.00
795.50	2882.12
795.62	2888.25
795.73	2884.38
795.85	2882.50
795.96	2894.38
796.08	2936.00
796.19	2856.88
796.31	2877.50
796.42	2839.12
796.54	2845.88
796.66	2894.38
796.77	2830.75
796.89	2813.75
797.00	2903.88
797.12	2779.12
797.23	2845.88
797.35	2853.88
797.46	2879.12
797.58	2887.12
797.69	2864.12
797.81	2809.38
797.93	2818.75
798.04	2782.00
798.16	2800.25
798.27	2832.12
798.39	2774.50
798.50	2759.38
798.62	2771.38
798.73	2765.75
798.85	2868.12
798.96	2788.75
799.08	2825.50
799.19	2826.88
799.31	2790.00
799.43	2771.00
799.54	2761.12
799.66	2787.50
799.77	2810.75
799.89	2732.00
800.00	2698.50
800.12	2746.50
800.23	2802.12
800.35	2830.50
800.46	2691.50
800.58	2676.75
800.69	2719.38
800.81	2728.88
800.92	2694.50
801.04	2721.25
801.16	2664.62
801.27	2673.38
801.39	2679.75
801.50	2691.88
801.62	2707.12
801.73	2756.88
801.85	2734.62
801.96	2658.50
802.08	2739.62
802.19	2729.62
802.31	2667.62
802.42	2673.00
802.54	2747.25
802.65	2719.75
802.77	2643.75
802.88	2717.88
803.00	2632.62
803.11	2752.12
803.23	2666.88
803.34	2656.12
803.46	2675.12
803.57	2624.00
803.69	2689.38
803.80	2609.38
803.92	2690.25
804.03	2635.50
804.15	2651.38
804.26	2655.50
804.38	2664.62
804.50	2598.50
804.61	2644.50
804.73	2605.75
804.84	2615.12
804.96	2525.12
805.07	2589.25
805.19	2562.12
805.30	2605.88
805.42	2636.88
805.53	2586.50
805.65	2548.12
805.76	2515.75
805.88	2524.62
805.99	2549.62
806.11	2554.50
806.22	2498.75
806.34	2505.88
806.45	2517.25
806.57	2494.75
806.68	2524.50
806.80	2412.25
806.91	2441.50
807.03	2430.62
807.14	2399.50
807.26	2382.38
807.37	2384.50
807.49	2421.00
807.60	2394.38
807.72	2468.88
807.83	2478.12
807.95	2393.62
808.06	2395.88
808.17	2382.75
808.29	2412.25
808.40	2321.38
808.52	2348.50
808.63	2338.25
808.75	2359.00
808.86	2323.75
808.98	2322.00
809.09	2264.12
809.21	2300.12
809.32	2252.62
809.44	2299.88
809.55	2215.12
809.67	2243.50
809.78	2208.00
809.90	2243.75
810.01	2270.00
810.13	2180.62
810.24	2224.62
810.36	2136.50
810.47	2140.12
810.59	2169.38
810.70	2166.62
810.82	2174.62
810.93	2079.88
811.05	2089.75
811.16	2089.62
811.27	2060.62
811.39	2087.12
811.50	2124.12
811.62	2012.00
811.73	1983.88
811.85	2056.00
811.96	2034.38
812.08	2045.38
812.19	2006.12
812.31	2018.62
812.42	1981.62
812.54	1947.00
812.65	2009.38
812.77	1998.50
812.88	1982.88
813.00	1980.88
813.11	1954.62
813.22	1887.38
813.34	1885.50
813.45	1895.88
813.57	1962.75
813.68	1959.62
813.80	1864.75
813.91	1828.25
814.03	1830.62
814.14	1915.62
814.26	1818.00
814.37	1822.12
814.49	1804.00
814.60	1771.75
814.71	1781.62
814.83	1771.12
814.94	1724.25
815.06	1736.25
815.17	1742.38
815.29	1731.00
815.40	1690.88
815.52	1791.00
815.63	1700.12
815.75	1666.62
815.86	1696.62
815.97	1634.00
816.09	1665.75
816.20	1674.25
816.32	1662.25
816.43	1589.38
816.55	1629.62
816.66	1601.50
816.78	1687.88
816.89	1605.38
817.00	1599.00
817.12	1568.75
817.23	1555.50
817.35	1609.50
817.46	1558.12
817.58	1520.88
817.69	1649.38
817.81	1527.25
817.92	1546.75
818.03	1520.38
818.15	1504.00
818.26	1460.88
818.38	1443.88
818.49	1469.50
818.61	1478.00
818.72	1414.62
818.83	2265.62
818.95	1545.50
819.06	1408.25
819.18	1405.12
819.29	1423.62
819.41	1400.38
819.52	1408.50
819.64	1383.62
819.75	1345.50
819.86	1313.88
819.98	1338.62
820.09	1366.12
820.21	1334.38
820.32	1290.62
820.44	1334.62
820.55	1373.12
820.66	1287.62
820.78	1320.50
820.89	1290.38
821.01	1290.50
821.12	1267.12
821.23	1274.38
821.35	1236.50
821.46	1288.88
821.58	1242.88
821.69	1214.75
821.81	1195.12
821.92	1266.00
822.03	1201.38
822.15	1214.00
822.26	1155.75
822.38	1145.75
822.49	1195.00
822.61	1168.62
822.72	1168.12
822.83	1188.00
822.95	1152.00
823.06	1149.88
823.18	1173.38
823.29	1183.50
823.40	1134.00
823.52	1097.62
823.63	1046.75
823.75	1170.88
823.86	1081.25
823.97	1028.50
824.09	1083.62
824.20	1023.62
824.32	1068.00
824.43	1048.50
824.55	1071.62
824.66	1109.25
824.77	1026.50
824.89	1044.62
825.00	1073.75
825.12	1012.25
825.23	1026.00
825.34	952.75
825.46	950.00
825.57	1003.25
825.69	954.50
825.80	898.62
825.91	934.75
826.03	904.25
826.14	972.25
826.26	904.62
826.37	930.50
826.48	914.00
826.60	923.12
826.71	886.00
826.83	915.88
826.94	916.88
827.05	951.12
827.17	924.25
827.28	878.38
827.39	861.75
827.51	838.50
827.62	870.75
827.74	860.75
827.85	845.75
827.96	837.62
828.08	851.88
828.19	947.75
828.31	841.12
828.42	793.00
828.53	860.62
828.65	884.12
828.76	888.25
828.87	856.25
828.99	806.75
