Wavelength (nm)	Intensity
377.35	829.40
377.48	587.20
377.62	613.90
377.75	610.00
377.88	803.40
378.02	793.60
378.15	798.50
378.28	771.00
378.41	837.40
378.55	802.80
378.68	788.00
378.81	772.30
378.95	798.40
379.08	787.40
379.21	757.10
379.35	820.60
379.48	816.90
379.61	884.80
379.74	821.70
379.88	814.20
380.01	881.40
380.14	932.00
380.28	866.20
380.41	802.70
380.54	842.20
380.68	847.20
380.81	775.80
380.94	854.80
381.07	889.70
381.21	898.60
381.34	834.80
381.47	775.50
381.61	964.30
381.74	844.00
381.87	801.40
382.00	859.00
382.14	914.30
382.27	873.10
382.40	804.10
382.54	892.10
382.67	889.60
382.80	799.00
382.93	808.20
383.07	840.30
383.20	832.70
383.33	870.70
383.47	816.40
383.60	798.90
383.73	967.50
383.86	865.90
384.00	835.50
384.13	826.30
384.26	867.10
384.40	883.90
384.53	840.00
384.66	890.50
384.79	859.60
384.93	821.20
385.06	829.00
385.19	855.40
385.33	945.50
385.46	868.90
385.59	820.30
385.72	859.30
385.86	800.90
385.99	829.00
386.12	841.10
386.25	813.30
386.39	880.50
386.52	894.60
386.65	842.10
386.79	842.10
386.92	826.70
387.05	918.60
387.18	801.30
387.32	819.20
387.45	881.30
387.58	848.90
387.71	836.00
387.85	828.90
387.98	862.30
388.11	876.90
388.25	862.90
388.38	850.80
388.51	878.50
388.64	890.30
388.78	839.40
388.91	811.20
389.04	848.00
389.17	946.20
389.31	858.80
389.44	881.90
389.57	911.50
389.70	877.50
389.84	838.90
389.97	836.90
390.10	833.80
390.24	878.10
390.37	850.60
390.50	844.40
390.63	916.50
390.77	850.50
390.90	864.90
391.03	854.90
391.16	811.30
391.30	836.50
391.43	845.40
391.56	844.90
391.69	831.30
391.83	908.30
391.96	862.40
392.09	842.20
392.22	942.90
392.36	878.00
392.49	830.20
392.62	851.30
392.75	882.60
392.89	916.10
393.02	831.00
393.15	834.00
393.28	815.60
393.42	937.30
393.55	818.00
393.68	847.40
393.81	800.40
393.95	846.60
394.08	843.30
394.21	842.00
394.34	900.30
394.48	890.40
394.61	894.70
394.74	885.30
394.87	904.90
395.01	879.60
395.14	893.00
395.27	847.50
395.40	956.00
395.54	953.20
395.67	870.70
395.80	854.30
395.93	892.70
396.07	852.90
396.20	845.10
396.33	805.20
396.46	851.30
396.59	867.60
396.73	863.40
396.86	844.80
396.99	914.80
397.12	887.70
397.26	887.80
397.39	872.80
397.52	1139.20
397.65	970.40
397.79	875.50
397.92	869.30
398.05	917.00
398.18	852.70
398.32	870.30
398.45	900.30
398.58	896.80
398.71	900.10
398.84	842.20
398.98	877.00
399.11	906.70
399.24	896.80
399.37	870.80
399.51	852.00
399.64	877.30
399.77	885.90
399.90	882.90
400.03	883.00
400.17	840.60
400.30	937.60
400.43	918.40
400.56	888.50
400.70	880.80
400.83	858.80
400.96	857.50
401.09	892.70
401.23	889.80
401.36	941.80
401.49	871.10
401.62	895.00
401.75	884.90
401.89	852.20
402.02	877.10
402.15	888.20
402.28	912.00
402.41	900.40
402.55	871.80
402.68	885.40
402.81	953.20
402.94	922.40
403.08	873.10
403.21	854.50
403.34	924.10
403.47	924.70
403.60	884.30
403.74	917.80
403.87	934.90
404.00	867.20
404.13	875.10
404.26	854.20
404.40	861.00
404.53	906.50
404.66	893.10
404.79	861.10
404.93	932.60
405.06	906.40
405.19	850.80
405.32	913.20
405.45	918.00
405.59	933.80
405.72	907.70
405.85	876.80
405.98	1061.50
406.11	875.40
406.25	877.30
406.38	900.20
406.51	930.90
406.64	896.70
406.77	865.50
406.91	865.80
407.04	927.80
407.17	895.20
407.30	923.20
407.43	901.80
407.57	976.00
407.70	958.80
407.83	882.10
407.96	916.00
408.09	872.60
408.23	991.70
408.36	910.70
408.49	909.00
408.62	1019.00
408.75	926.30
408.89	892.90
409.02	934.00
409.15	919.60
409.28	990.40
409.41	945.40
409.55	907.50
409.68	1026.30
409.81	926.00
409.94	889.70
410.07	928.80
410.20	926.80
410.34	914.80
410.47	927.70
410.60	936.30
410.73	952.40
410.86	892.50
411.00	923.90
411.13	894.40
411.26	928.20
411.39	926.40
411.52	941.50
411.66	914.40
411.79	913.30
411.92	898.00
412.05	921.20
412.18	916.20
412.31	949.10
412.45	960.00
412.58	973.00
412.71	896.70
412.84	946.40
412.97	1008.00
413.11	938.20
413.24	945.50
413.37	974.50
413.50	1027.30
413.63	947.50
413.76	925.50
413.90	973.00
414.03	916.40
414.16	922.40
414.29	955.10
414.42	940.40
414.56	1039.60
414.69	915.50
414.82	940.60
414.95	942.10
415.08	960.80
415.21	941.00
415.35	958.50
415.48	875.30
415.61	983.00
415.74	991.00
415.87	908.00
416.00	955.30
416.14	1050.00
416.27	953.10
416.40	920.00
416.53	946.70
416.66	973.10
416.79	949.80
416.93	924.70
417.06	1007.10
417.19	955.30
417.32	941.60
417.45	933.10
417.58	905.30
417.72	1000.20
417.85	934.00
417.98	940.20
418.11	984.80
418.24	938.60
418.37	945.30
418.51	956.10
418.64	965.30
418.77	1032.50
418.90	980.50
419.03	929.20
419.16	969.20
419.29	998.50
419.43	943.40
419.56	925.10
419.69	1060.70
419.82	1000.60
419.95	958.70
420.08	1004.10
420.22	1030.90
420.35	1080.90
420.48	1005.80
420.61	963.00
420.74	916.30
420.87	995.20
421.00	930.90
421.14	958.80
421.27	1003.30
421.40	1037.90
421.53	987.70
421.66	970.40
421.79	963.50
421.93	968.80
422.06	983.00
422.19	955.40
422.32	1019.40
422.45	1015.00
422.58	999.00
422.71	964.00
422.85	1020.20
422.98	1015.60
423.11	934.80
423.24	933.20
423.37	942.80
423.50	956.00
423.63	979.50
423.77	963.40
423.90	955.00
424.03	1002.40
424.16	1013.20
424.29	979.40
424.42	938.80
424.55	950.90
424.69	949.00
424.82	997.00
424.95	1003.80
425.08	958.00
425.21	1014.50
425.34	975.80
425.47	992.80
425.60	1002.90
425.74	951.60
425.87	978.30
426.00	995.60
426.13	1007.50
426.26	963.10
426.39	974.00
426.52	989.40
426.66	1063.80
426.79	1028.90
426.92	980.20
427.05	1091.40
427.18	1067.40
427.31	995.60
427.44	1000.40
427.57	973.10
427.71	1001.90
427.84	985.80
427.97	1008.50
428.10	1068.10
428.23	1013.00
428.36	986.10
428.49	931.00
428.62	1134.10
428.76	1104.80
428.89	1026.40
429.02	977.20
429.15	1010.30
429.28	1106.10
429.41	1007.40
429.54	1011.60
429.67	999.00
429.81	1046.30
429.94	1012.40
430.07	1003.90
430.20	1063.50
430.33	1079.90
430.46	989.80
430.59	992.70
430.72	1021.20
430.85	976.80
430.99	1021.20
431.12	994.30
431.25	1075.40
431.38	1096.60
431.51	1038.10
431.64	1029.70
431.77	1099.20
431.90	1098.20
432.03	1036.60
432.17	999.00
432.30	1039.30
432.43	1055.30
432.56	1032.00
432.69	1057.70
432.82	1049.20
432.95	1088.90
433.08	1036.00
433.21	1044.40
433.35	1027.40
433.48	1030.40
433.61	994.30
433.74	1038.40
433.87	1018.80
434.00	1074.40
434.13	1019.20
434.26	1079.20
434.39	1068.70
434.53	1075.10
434.66	1035.50
434.79	1034.30
434.92	1038.60
435.05	1118.00
435.18	1028.70
435.31	1063.60
435.44	1111.40
435.57	1057.90
435.70	1046.20
435.84	1014.70
435.97	1114.60
436.10	1160.70
436.23	1037.60
436.36	1022.20
436.49	1045.70
436.62	1076.40
436.75	1051.30
436.88	1084.50
437.01	1035.50
437.14	1028.10
437.28	1013.50
437.41	1045.40
437.54	1119.80
437.67	1094.90
437.80	1041.20
437.93	1022.90
438.06	1179.50
438.19	1116.90
438.32	1040.50
438.45	1043.10
438.58	1093.10
438.72	1137.80
438.85	1107.40
438.98	1069.50
439.11	1095.50
439.24	1146.50
439.37	1138.10
439.50	1110.10
439.63	1137.30
439.76	1066.30
439.89	1060.70
440.02	1066.80
440.15	1104.00
440.29	1149.90
440.42	1082.90
440.55	1083.80
440.68	1165.60
440.81	1202.30
440.94	1106.50
441.07	1094.80
441.20	1187.50
441.33	1125.00
441.46	1084.50
441.59	1081.20
441.72	1098.50
441.85	1109.90
441.99	1139.00
442.12	1138.50
442.25	1187.90
442.38	1122.70
442.51	1124.10
442.64	1064.70
442.77	1109.50
442.90	1089.30
443.03	1067.20
443.16	1093.30
443.29	1118.60
443.42	1180.50
443.55	1094.80
443.68	1119.00
443.82	1076.20
443.95	1094.60
444.08	1112.40
444.21	1123.00
444.34	1095.50
444.47	1115.50
444.60	1116.90
444.73	1138.30
444.86	1130.10
444.99	1177.20
445.12	1145.10
445.25	1139.50
445.38	1143.00
445.51	1170.60
445.64	1134.60
445.78	1114.30
445.91	1080.80
446.04	1239.90
446.17	1184.70
446.30	1090.90
446.43	1157.80
446.56	1157.80
446.69	1117.00
446.82	1128.00
446.95	1189.60
447.08	1226.60
447.21	1161.90
447.34	1135.70
447.47	1190.60
447.60	1187.40
447.73	1158.40
447.86	1188.30
447.99	1156.60
448.13	1167.80
448.26	1188.00
448.39	1154.30
448.52	1188.90
448.65	1196.80
448.78	1155.30
448.91	1155.90
449.04	1188.90
449.17	1146.60
449.30	1190.50
449.43	1183.50
449.56	1174.90
449.69	1230.30
449.82	1170.80
449.95	1133.40
450.08	1228.40
450.21	1213.90
450.34	1179.50
450.47	1179.50
450.60	1217.60
450.73	1191.60
450.87	1176.10
451.00	1200.80
451.13	1229.90
451.26	1339.00
451.39	1176.90
451.52	1220.00
451.65	1194.90
451.78	1176.80
451.91	1175.20
452.04	1174.20
452.17	1284.80
452.30	1277.90
452.43	1184.90
452.56	1189.20
452.69	1259.10
452.82	1175.70
452.95	1241.60
453.08	1180.90
453.21	1143.50
453.34	1258.90
453.47	1200.20
453.60	1265.80
453.73	1306.20
453.86	1263.00
453.99	1243.50
454.12	1237.50
454.25	1223.70
454.38	1236.40
454.52	1202.40
454.65	1222.60
454.78	1216.70
454.91	1183.50
455.04	1223.20
455.17	1207.00
455.30	1219.00
455.43	1296.70
455.56	1227.00
455.69	1204.90
455.82	1260.90
455.95	1263.30
456.08	1220.20
456.21	1216.60
456.34	1212.50
456.47	1201.40
456.60	1240.10
456.73	1233.10
456.86	1259.10
456.99	1291.70
457.12	1232.40
457.25	1255.30
457.38	1315.10
457.51	1302.30
457.64	1291.10
457.77	1258.40
457.90	1266.00
458.03	1267.50
458.16	1274.20
458.29	1272.20
458.42	1281.10
458.55	1235.30
458.68	1266.30
458.81	1285.40
458.94	1350.60
459.07	1391.00
459.20	1260.30
459.33	1269.40
459.46	1355.00
459.59	1394.60
459.72	1364.90
459.85	1298.40
459.98	1376.40
460.11	1349.10
460.24	1316.60
460.37	1276.90
460.50	1361.70
460.63	1325.00
460.76	1312.40
460.89	1332.10
461.02	1352.60
461.15	1367.90
461.28	1333.30
461.41	1333.30
461.54	1412.10
461.67	1318.10
461.80	1349.30
461.93	1383.50
462.06	1376.20
462.19	1400.60
462.32	1331.90
462.45	1336.50
462.58	1390.80
462.71	1348.00
462.84	1355.90
462.97	1307.00
463.10	1355.70
463.23	1382.00
463.36	1399.60
463.49	1380.10
463.62	1333.40
463.75	1389.50
463.88	1369.60
464.01	1398.40
464.14	1355.70
464.27	1486.90
464.40	1398.40
464.53	1394.10
464.66	1423.00
464.79	1414.40
464.92	1430.30
465.05	1383.30
465.18	1414.00
465.31	1419.50
465.44	1417.20
465.57	1412.20
465.70	1410.00
465.83	1535.60
465.96	1454.60
466.09	1426.20
466.22	1494.80
466.35	1470.80
466.48	1419.90
466.61	1432.00
466.74	1452.30
466.87	1501.90
467.00	1501.70
467.13	1489.90
467.26	1509.60
467.39	1441.80
467.52	1443.00
467.65	1468.70
467.78	1546.00
467.91	1483.10
468.04	1496.80
468.17	1469.80
468.30	1489.80
468.43	1456.70
468.56	1490.20
468.69	1523.00
468.82	1547.30
468.95	1483.60
469.08	1513.80
469.21	1521.50
469.34	1567.30
469.47	1629.20
469.60	1615.20
469.73	1555.20
469.86	1570.80
469.99	1589.80
470.11	1520.90
470.24	1551.60
470.37	1598.40
470.50	1570.10
470.63	1547.60
470.76	1576.80
470.89	1640.70
471.02	1683.10
471.15	1586.90
471.28	1598.50
471.41	1689.30
471.54	1640.00
471.67	1603.30
471.80	1555.20
471.93	1673.10
472.06	1641.10
472.19	1626.50
472.32	1603.10
472.45	1752.50
472.58	1701.50
472.71	1672.60
472.84	1645.40
472.97	1636.90
473.10	1628.90
473.23	1708.00
473.36	1638.70
473.49	1746.90
473.62	1731.60
473.74	1719.10
473.87	1739.80
474.00	1677.80
474.13	1688.50
474.26	1734.70
474.39	1767.70
474.52	1738.00
474.65	1731.90
474.78	1761.90
474.91	1697.10
475.04	1771.00
475.17	1873.10
475.30	1795.40
475.43	1791.50
475.56	1822.90
475.69	1777.70
475.82	1829.70
475.95	1773.60
476.08	1868.20
476.21	1823.60
476.34	1855.70
476.46	1858.50
476.59	1899.30
476.72	1830.70
476.85	1830.20
476.98	1820.90
477.11	1918.40
477.24	1857.10
477.37	1820.50
477.50	1862.70
477.63	1893.50
477.76	1864.40
477.89	1829.20
478.02	1857.00
478.15	1902.80
478.28	1902.00
478.41	1942.40
478.54	1901.80
478.66	1983.40
478.79	1928.00
478.92	1948.30
479.05	1950.10
479.18	1955.20
479.31	1934.70
479.44	1969.60
479.57	1958.80
479.70	1964.50
479.83	1988.40
479.96	1971.80
480.09	2022.80
480.22	2142.40
480.35	2118.90
480.48	2059.90
480.60	2035.70
480.73	2019.60
480.86	2067.80
480.99	2047.20
481.12	2043.50
481.25	2068.90
481.38	2123.60
481.51	2065.40
481.64	2088.40
481.77	2120.50
481.90	2084.20
482.03	2082.10
482.16	2088.80
482.29	2168.30
482.41	2113.80
482.54	2149.70
482.67	2117.30
482.80	2141.10
482.93	2195.90
483.06	2132.30
483.19	2207.60
483.32	2190.30
483.45	2170.10
483.58	2191.50
483.71	2210.60
483.84	2239.50
483.97	2214.80
484.09	2199.20
484.22	2200.10
484.35	2201.00
484.48	2174.30
484.61	2221.60
484.74	2216.20
484.87	2251.80
485.00	2222.90
485.13	2267.30
485.26	2229.30
485.39	2293.10
485.52	2265.20
485.64	2353.90
485.77	2313.30
485.90	2356.90
486.03	2256.40
486.16	2314.60
486.29	2274.90
486.42	2306.00
486.55	2340.70
486.68	2308.30
486.81	2361.20
486.94	2351.10
487.06	2331.70
487.19	2381.70
487.32	2387.00
487.45	2372.30
487.58	2349.80
487.71	2375.20
487.84	2345.80
487.97	2404.40
488.10	2437.80
488.23	2397.70
488.35	2357.60
488.48	2395.10
488.61	2375.00
488.74	2407.20
488.87	2422.70
489.00	2451.70
489.13	2530.90
489.26	2469.90
489.39	2492.00
489.52	2498.80
489.64	2495.70
489.77	2496.30
489.90	2488.40
490.03	2489.10
490.16	2476.40
490.29	2482.70
490.42	2485.90
490.55	2523.20
490.68	2480.60
490.81	2513.80
490.93	2476.00
491.06	2602.00
491.19	2557.90
491.32	2549.40
491.45	2574.80
491.58	2521.50
491.71	2567.00
491.84	2547.30
491.97	2540.20
492.09	2625.90
492.22	2602.10
492.35	2600.20
492.48	2623.80
492.61	2607.30
492.74	2595.50
492.87	2620.50
493.00	2608.50
493.12	2582.80
493.25	2627.60
493.38	2624.60
493.51	2596.10
493.64	2611.40
493.77	2654.30
493.90	2676.10
494.03	2668.50
494.16	2720.20
494.28	2723.20
494.41	2665.20
494.54	2682.30
494.67	2791.30
494.80	2741.80
494.93	2678.60
495.06	2721.00
495.19	2733.00
495.31	2715.70
495.44	2706.50
495.57	2689.30
495.70	2735.00
495.83	2737.90
495.96	2702.80
496.09	2755.70
496.22	2800.20
496.34	2836.90
496.47	2746.10
496.60	2796.00
496.73	2822.90
496.86	2813.90
496.99	2755.50
497.12	2780.10
497.24	2734.00
497.37	2798.20
497.50	2782.10
497.63	2782.20
497.76	2810.80
497.89	2872.90
498.02	2845.30
498.15	2751.10
498.27	2839.80
498.40	2879.80
498.53	2918.40
498.66	2878.90
498.79	2894.30
498.92	2823.90
499.05	2885.00
499.17	2874.50
499.30	2913.00
499.43	2961.50
499.56	2906.10
499.69	2838.90
499.82	2911.80
499.95	2876.70
500.07	2863.20
500.20	2908.60
500.33	2943.40
500.46	3050.50
500.59	2938.50
500.72	2934.60
500.85	2974.90
500.97	2987.50
501.10	3003.90
501.23	2924.40
501.36	2949.30
501.49	3021.50
501.62	2991.20
501.75	2967.40
501.87	3024.40
502.00	2940.60
502.13	3000.40
502.26	2998.00
502.39	2975.70
502.52	2988.30
502.64	2954.10
502.77	2984.50
502.90	3040.50
503.03	3018.40
503.16	3000.50
503.29	3007.30
503.42	3102.50
503.54	3043.90
503.67	3061.60
503.80	3056.20
503.93	3121.80
504.06	3027.60
504.19	3074.70
504.31	3134.60
504.44	3089.40
504.57	3105.50
504.70	3095.60
504.83	3063.10
504.96	3122.80
505.08	3098.60
505.21	3112.90
505.34	3205.00
505.47	3169.80
505.60	3150.00
505.73	3178.30
505.85	3174.40
505.98	3262.40
506.11	3155.00
506.24	3123.60
506.37	3140.00
506.50	3158.80
506.62	3208.00
506.75	3153.20
506.88	3141.40
507.01	3180.60
507.14	3142.40
507.27	3168.80
507.39	3153.50
507.52	3170.30
507.65	3173.40
507.78	3223.80
507.91	3172.20
508.04	3279.50
508.16	3270.40
508.29	3248.30
508.42	3221.90
508.55	3187.10
508.68	3207.90
508.81	3289.90
508.93	3229.50
509.06	3240.60
509.19	3302.00
509.32	3294.40
509.45	3282.30
509.57	3298.60
509.70	3271.10
509.83	3280.70
509.96	3256.60
510.09	3283.60
510.22	3265.70
510.34	3307.80
510.47	3309.20
510.60	3404.30
510.73	3331.40
510.86	3358.30
510.98	3309.80
511.11	3300.20
511.24	3381.80
511.37	3365.80
511.50	3347.80
511.63	3363.20
511.75	3353.30
511.88	3350.20
512.01	3397.30
512.14	3375.60
512.27	3386.80
512.39	3374.20
512.52	3379.00
512.65	3397.30
512.78	3354.20
512.91	3398.10
513.03	3420.50
513.16	3458.60
513.29	3418.80
513.42	3414.10
513.55	3382.80
513.67	3442.30
513.80	3383.40
513.93	3411.50
514.06	3418.00
514.19	3449.40
514.31	3453.80
514.44	3496.50
514.57	3447.20
514.70	3478.80
514.83	3520.10
514.95	3461.90
515.08	3491.30
515.21	3504.30
515.34	3482.80
515.47	3494.20
515.59	3481.20
515.72	3518.50
515.85	3522.10
515.98	3575.70
516.11	3519.60
516.23	3570.50
516.36	3583.10
516.49	3563.40
516.62	3534.90
516.75	3599.60
516.87	3621.30
517.00	3518.20
517.13	3581.50
517.26	3623.40
517.39	3579.00
517.51	3511.70
517.64	3590.90
517.77	3655.00
517.90	3567.20
518.02	3601.70
518.15	3561.70
518.28	3519.20
518.41	3599.90
518.54	3607.50
518.66	3618.10
518.79	3596.50
518.92	3585.60
519.05	3595.90
519.18	3607.40
519.30	3668.20
519.43	3594.60
519.56	3634.00
519.69	3646.30
519.81	3689.80
519.94	3631.30
520.07	3580.70
520.20	3630.80
520.33	3667.30
520.45	3721.40
520.58	3689.90
520.71	3708.60
520.84	3712.90
520.96	3705.60
521.09	3689.70
521.22	3676.00
521.35	3733.90
521.48	3732.40
521.60	3690.90
521.73	3717.40
521.86	3766.70
521.99	3795.00
522.11	3740.90
522.24	3736.20
522.37	3764.50
522.50	3756.00
522.62	3805.90
522.75	3690.30
522.88	3762.70
523.01	3741.50
523.14	3782.50
523.26	3784.70
523.39	3831.60
523.52	3742.10
523.65	3870.60
523.77	3793.00
523.90	3798.10
524.03	3790.00
524.16	3782.50
524.28	3775.80
524.41	3782.00
524.54	3789.20
524.67	3751.40
524.79	3806.80
524.92	3839.70
525.05	3886.00
525.18	3795.20
525.31	3843.70
525.43	3784.50
525.56	3930.00
525.69	3828.90
525.82	3778.50
525.94	3871.10
526.07	3878.40
526.20	3876.20
526.33	3879.60
526.45	3981.10
526.58	3938.90
526.71	3891.70
526.84	3865.90
526.96	3885.40
527.09	3843.30
527.22	3860.10
527.35	3868.40
527.47	3835.70
527.60	3925.30
527.73	3861.20
527.86	3937.50
527.98	3910.90
528.11	3914.20
528.24	3881.30
528.37	3901.70
528.49	3859.70
528.62	3924.60
528.75	3951.40
528.88	3900.10
529.00	3952.90
529.13	3962.70
529.26	3946.60
529.39	3958.20
529.51	4073.00
529.64	4020.10
529.77	3933.00
529.90	3931.00
530.02	3959.60
530.15	3938.50
530.28	3914.70
530.40	3941.10
530.53	3981.40
530.66	3995.30
530.79	3973.40
530.91	3972.50
531.04	3959.00
531.17	3976.00
531.30	3991.20
531.42	4014.80
531.55	4016.50
531.68	4053.70
531.81	3998.60
531.93	3994.50
532.06	4043.80
532.19	3994.60
532.31	4039.50
532.44	4021.20
532.57	4066.90
532.70	4009.40
532.82	4042.90
532.95	4065.20
533.08	4097.10
533.21	4075.40
533.33	4031.50
533.46	4033.20
533.59	4073.80
533.71	4163.50
533.84	4077.60
533.97	4066.90
534.10	4052.90
534.22	4065.50
534.35	4106.20
534.48	4083.30
534.61	4120.70
534.73	4042.00
534.86	4058.00
534.99	4114.90
535.11	4156.80
535.24	4131.20
535.37	4088.20
535.50	4083.80
535.62	4092.20
535.75	4186.00
535.88	4125.20
536.00	4107.30
536.13	4117.70
536.26	4139.20
536.39	4115.80
536.51	4092.10
536.64	4177.00
536.77	4140.80
536.89	4154.60
537.02	4185.50
537.15	4192.00
537.28	4167.50
537.40	4185.20
537.53	4158.20
537.66	4220.90
537.78	4185.30
537.91	4154.10
538.04	4169.40
538.17	4243.20
538.29	4215.00
538.42	4264.70
538.55	4253.40
538.67	4246.30
538.80	4211.20
538.93	4240.90
539.05	4235.00
539.18	4297.00
539.31	4265.40
539.44	4269.80
539.56	4185.50
539.69	4224.60
539.82	4212.10
539.94	4209.30
540.07	4216.10
540.20	4329.80
540.32	4240.50
540.45	4271.90
540.58	4261.00
540.71	4302.10
540.83	4216.70
540.96	4270.50
541.09	4275.70
541.21	4372.30
541.34	4348.30
541.47	4268.60
541.59	4320.50
541.72	4384.60
541.85	4440.10
541.98	4356.10
542.10	4299.10
542.23	4334.40
542.36	4442.90
542.48	4316.50
542.61	4334.20
542.74	4306.90
542.86	4339.60
542.99	4332.50
543.12	4336.40
543.24	4358.70
543.37	4304.50
543.50	4367.00
543.62	4350.50
543.75	4367.30
543.88	4341.60
544.01	4384.10
544.13	4412.00
544.26	4415.40
544.39	4354.70
544.51	4367.10
544.64	4355.90
544.77	4405.70
544.89	4369.80
545.02	4405.10
545.15	4387.30
545.27	4486.90
545.40	4478.50
545.53	4456.70
545.65	4450.50
545.78	4362.80
545.91	4382.40
546.03	4408.60
546.16	4433.70
546.29	4421.20
546.41	4399.10
546.54	4449.00
546.67	4422.00
546.79	4494.20
546.92	4526.10
547.05	4421.70
547.17	4480.90
547.30	4437.40
547.43	4486.30
547.56	4432.90
547.68	4474.40
547.81	4440.90
547.94	4473.10
548.06	4481.30
548.19	4445.80
548.32	4548.70
548.44	4480.50
548.57	4520.20
548.70	4531.00
548.82	4541.20
548.95	4497.00
549.08	4527.10
549.20	4511.40
549.33	4580.80
549.45	4516.60
549.58	4513.10
549.71	4467.10
549.83	4561.20
549.96	4479.00
550.09	4523.30
550.21	4531.70
550.34	4567.70
550.47	4511.40
550.59	4573.60
550.72	4496.60
550.85	4559.80
550.97	4604.30
551.10	4535.00
551.23	4560.00
551.35	4639.30
551.48	4598.50
551.61	4568.60
551.73	4576.90
551.86	4667.50
551.99	4651.70
552.11	4618.30
552.24	4624.10
552.37	4613.00
552.49	4594.00
552.62	4625.90
552.75	4632.90
552.87	4612.90
553.00	4612.30
553.12	4637.30
553.25	4629.50
553.38	4673.50
553.50	4713.10
553.63	4658.50
553.76	4606.00
553.88	4670.90
554.01	4647.10
554.14	4660.50
554.26	4690.70
554.39	4751.50
554.52	4690.40
554.64	4695.50
554.77	4697.10
554.89	4723.60
555.02	4743.60
555.15	4728.30
555.27	4713.60
555.40	4711.70
555.53	4790.00
555.65	4723.10
555.78	4710.50
555.91	4773.60
556.03	4811.50
556.16	4722.40
556.29	4743.90
556.41	4794.90
556.54	4822.70
556.66	4794.30
556.79	4754.40
556.92	4793.00
557.04	4808.90
557.17	4763.80
557.30	4766.50
557.42	4784.10
557.55	4789.30
557.67	4827.30
557.80	4796.90
557.93	4826.10
558.05	4831.80
558.18	4787.30
558.31	4810.60
558.43	4857.80
558.56	4850.00
558.68	4835.90
558.81	4809.30
558.94	4847.80
559.06	4937.70
559.19	4840.70
559.32	4848.60
559.44	4836.10
559.57	4848.90
559.69	4867.30
559.82	4852.60
559.95	4863.40
560.07	4842.30
560.20	4820.50
560.33	4892.60
560.45	4897.70
560.58	4860.80
560.70	4902.40
560.83	4871.50
560.96	4874.50
561.08	4895.90
561.21	4952.70
561.33	4905.20
561.46	4880.90
561.59	4984.20
561.71	4938.40
561.84	4945.50
561.97	4926.90
562.09	4990.60
562.22	4950.30
562.34	4946.60
562.47	5009.30
562.60	4985.80
562.72	4948.50
562.85	4994.70
562.97	4988.30
563.10	4967.10
563.23	4964.50
563.35	4963.90
563.48	5006.40
563.60	5023.10
563.73	5033.60
563.86	4968.30
563.98	4982.90
564.11	5019.20
564.23	5021.80
564.36	5091.40
564.49	5031.30
564.61	5071.80
564.74	5045.00
564.86	5035.90
564.99	5111.30
565.12	5092.20
565.24	5137.40
565.37	5107.80
565.49	5110.10
565.62	5130.40
565.75	5105.70
565.87	5046.50
566.00	5219.40
566.12	5130.70
566.25	5077.70
566.38	5113.50
566.50	5086.00
566.63	5118.20
566.75	5104.80
566.88	5085.10
567.01	5069.90
567.13	5081.20
567.26	5114.70
567.38	5081.50
567.51	5134.70
567.64	5083.80
567.76	5150.20
567.89	5144.90
568.01	5121.90
568.14	5081.80
568.26	5144.10
568.39	5131.60
568.52	5129.10
568.64	5173.30
568.77	5151.90
568.89	5126.90
569.02	5148.20
569.15	5133.00
569.27	5143.30
569.40	5176.80
569.52	5186.20
569.65	5126.80
569.77	5133.50
569.90	5139.00
570.03	5128.00
570.15	5226.30
570.28	5153.00
570.40	5172.20
570.53	5172.30
570.66	5240.90
570.78	5220.50
570.91	5187.30
571.03	5158.10
571.16	5190.10
571.28	5168.70
571.41	5145.30
571.54	5141.70
571.66	5121.60
571.79	5173.10
571.91	5146.40
572.04	5153.50
572.16	5203.50
572.29	5226.80
572.42	5155.90
572.54	5211.60
572.67	5176.60
572.79	5242.40
572.92	5204.60
573.04	5235.90
573.17	5244.90
573.29	5207.30
573.42	5200.90
573.55	5257.00
573.67	5235.30
573.80	5216.90
573.92	5212.40
574.05	5226.50
574.17	5282.70
574.30	5227.80
574.43	5210.50
574.55	5208.10
574.68	5250.80
574.80	5214.90
574.93	5213.30
575.05	5207.70
575.18	5212.30
575.30	5233.20
575.43	5271.50
575.56	5296.80
575.68	5240.60
575.81	5235.20
575.93	5224.10
576.06	5272.10
576.18	5281.30
576.31	5235.10
576.43	5218.20
576.56	5339.70
576.69	5279.00
576.81	5265.20
576.94	5226.40
577.06	5265.30
577.19	5306.50
577.31	5250.70
577.44	5280.00
577.56	5298.10
577.69	5263.70
577.82	5296.40
577.94	5236.80
578.07	5205.00
578.19	5292.10
578.32	5305.50
578.44	5252.30
578.57	5264.50
578.69	5287.60
578.82	5279.80
578.94	5294.90
579.07	5321.20
579.19	5308.00
579.32	5290.00
579.45	5269.90
579.57	5269.30
579.70	5253.00
579.82	5308.60
579.95	5290.40
580.07	5338.80
580.20	5286.80
580.32	5299.60
580.45	5306.30
580.57	5321.40
580.70	5340.90
580.82	5320.70
580.95	5335.70
581.08	5241.40
581.20	5380.70
581.33	5288.80
581.45	5301.60
581.58	5301.30
581.70	5354.40
581.83	5237.20
581.95	5320.00
582.08	5348.90
582.20	5313.60
582.33	5308.10
582.45	5284.10
582.58	5293.90
582.70	5312.90
582.83	5330.80
582.95	5309.40
583.08	5377.80
583.21	5350.80
583.33	5351.10
583.46	5324.80
583.58	5281.20
583.71	5340.70
583.83	5345.20
583.96	5323.90
584.08	5373.30
584.21	5352.10
584.33	5357.00
584.46	5301.80
584.58	5277.70
584.71	5370.40
584.83	5386.80
584.96	5341.90
585.08	5320.70
585.21	5399.70
585.33	5405.00
585.46	5366.30
585.58	5374.10
585.71	5322.30
585.83	5362.40
585.96	5385.70
586.08	5347.20
586.21	5370.30
586.33	5386.70
586.46	5326.30
586.59	5421.10
586.71	5323.40
586.84	5406.60
586.96	5382.20
587.09	5300.90
587.21	5331.40
587.34	5395.80
587.46	5356.00
587.59	5300.30
587.71	5354.90
587.84	5340.30
587.96	5342.40
588.09	5312.30
588.21	5380.10
588.34	5352.50
588.46	5378.60
588.59	5361.20
588.71	5393.00
588.84	5391.70
588.96	5400.00
589.09	5460.70
589.21	5391.10
589.34	5333.70
589.46	5354.50
589.59	5399.40
589.71	5399.80
589.84	5347.40
589.96	5354.10
590.09	5374.20
590.21	5393.40
590.34	5394.90
590.46	5362.90
590.59	5349.10
590.71	5374.20
590.84	5432.00
590.96	5375.40
591.09	5413.60
591.21	5388.40
591.34	5389.70
591.46	5392.60
591.59	5474.00
591.71	5423.10
591.83	5394.30
591.96	5353.00
592.08	5416.40
592.21	5457.30
592.33	5417.30
592.46	5406.80
592.58	5430.10
592.71	5469.50
592.83	5498.70
592.96	5443.10
593.08	5467.70
593.21	5390.40
593.33	5363.70
593.46	5397.10
593.58	5403.60
593.71	5458.50
593.83	5446.80
593.96	5386.90
594.08	5516.00
594.21	5437.70
594.33	5402.00
594.46	5409.90
594.58	5373.20
594.71	5364.60
594.83	5413.80
594.96	5418.00
595.08	5565.60
595.20	5462.70
595.33	5451.30
595.45	5417.50
595.58	5542.90
595.70	5480.10
595.83	5420.80
595.95	5453.40
596.08	5454.40
596.20	5395.80
596.33	5399.10
596.45	5418.30
596.58	5415.40
596.70	5438.10
596.83	5441.30
596.95	5424.20
597.08	5438.80
597.20	5388.40
597.32	5457.80
597.45	5469.20
597.57	5457.10
597.70	5469.00
597.82	5457.10
597.95	5472.70
598.07	5446.90
598.20	5479.60
598.32	5468.30
598.45	5454.90
598.57	5497.20
598.70	5512.00
598.82	5456.80
598.94	5448.10
599.07	5489.80
599.19	5490.30
599.32	5448.20
599.44	5375.10
599.57	5508.20
599.69	5488.00
599.82	5470.50
599.94	5418.10
600.07	5506.00
600.19	5484.40
600.31	5459.60
600.44	5515.20
600.56	5570.50
600.69	5556.50
600.81	5485.10
600.94	5463.00
601.06	5475.20
601.19	5490.40
601.31	5519.70
601.44	5426.40
601.56	5554.60
601.68	5522.70
601.81	5511.50
601.93	5482.40
602.06	5527.30
602.18	5459.60
602.31	5480.10
602.43	5538.30
602.56	5529.80
602.68	5509.60
602.80	5490.60
602.93	5505.40
603.05	5469.40
603.18	5518.30
603.30	5467.90
603.43	5465.50
603.55	5488.30
603.68	5532.20
603.80	5531.20
603.92	5484.50
604.05	5497.70
604.17	5485.80
604.30	5466.70
604.42	5469.70
604.55	5499.30
604.67	5533.50
604.79	5520.40
604.92	5512.00
605.04	5526.00
605.17	5497.90
605.29	5502.00
605.42	5497.20
605.54	5581.80
605.66	5509.80
605.79	5545.90
605.91	5512.90
606.04	5524.40
606.16	5500.50
606.29	5529.00
606.41	5486.30
606.53	5495.20
606.66	5470.40
606.78	5527.40
606.91	5505.10
607.03	5512.30
607.16	5493.40
607.28	5494.70
607.40	5520.00
607.53	5552.20
607.65	5498.60
607.78	5505.70
607.90	5531.90
608.03	5622.50
608.15	5508.40
608.27	5548.80
608.40	5502.70
608.52	5553.30
608.65	5558.90
608.77	5585.20
608.89	5515.30
609.02	5621.50
609.14	5614.30
609.27	5579.70
609.39	5598.30
609.52	5520.20
609.64	5455.40
609.76	5522.60
609.89	5527.70
610.01	5588.40
610.14	5572.60
610.26	5539.80
610.38	5522.00
610.51	5579.70
610.63	5543.10
610.76	5520.60
610.88	5555.10
611.01	5588.30
611.13	5626.80
611.25	5604.40
611.38	5529.40
611.50	5553.10
611.63	5556.50
611.75	5571.40
611.87	5583.10
612.00	5537.10
612.12	5592.60
612.25	5555.00
612.37	5521.70
612.49	5605.70
612.62	5570.40
612.74	5617.10
612.87	5564.70
612.99	5552.00
613.11	5520.50
613.24	5545.30
613.36	5559.20
613.49	5572.00
613.61	5569.80
613.73	5557.60
613.86	5590.40
613.98	5533.00
614.11	5588.80
614.23	5610.10
614.35	5601.00
614.48	5591.90
614.60	5568.10
614.72	5552.40
614.85	5565.20
614.97	5570.70
615.10	5572.70
615.22	5554.70
615.34	5577.00
615.47	5599.40
615.59	5519.20
615.72	5550.90
615.84	5554.20
615.96	5529.70
616.09	5652.00
616.21	5568.70
616.34	5528.10
616.46	5560.20
616.58	5557.60
616.71	5572.20
616.83	5583.20
616.95	5580.30
617.08	5584.30
617.20	5566.80
617.33	5508.30
617.45	5542.70
617.57	5579.10
617.70	5548.80
617.82	5550.10
617.95	5574.50
618.07	5627.10
618.19	5569.70
618.32	5589.90
618.44	5544.00
618.56	5521.20
618.69	5505.10
618.81	5491.10
618.94	5597.70
619.06	5518.90
619.18	5552.00
619.31	5492.10
619.43	5527.30
619.55	5569.60
619.68	5562.80
619.80	5504.60
619.92	5574.90
620.05	5661.70
620.17	5630.30
620.30	5537.10
620.42	5542.90
620.54	5586.30
620.67	5532.10
620.79	5566.70
620.91	5566.40
621.04	5585.30
621.16	5534.70
621.29	5532.60
621.41	5495.70
621.53	5527.50
621.66	5528.80
621.78	5497.60
621.90	5598.20
622.03	5622.70
622.15	5540.40
622.27	5541.70
622.40	5523.50
622.52	5492.80
622.64	5519.10
622.77	5487.80
622.89	5546.70
623.02	5563.70
623.14	5551.10
623.26	5560.70
623.39	5556.10
623.51	5589.10
623.63	5541.60
623.76	5502.50
623.88	5574.40
624.00	5516.20
624.13	5486.20
624.25	5519.40
624.37	5476.60
624.50	5546.90
624.62	5546.00
624.75	5482.50
624.87	5485.80
624.99	5537.40
625.12	5515.70
625.24	5516.60
625.36	5596.70
625.49	5513.20
625.61	5530.10
625.73	5522.40
625.86	5553.20
625.98	5501.60
626.10	5490.10
626.23	5448.30
626.35	5527.50
626.47	5491.20
626.60	5479.80
626.72	5461.30
626.84	5509.30
626.97	5519.80
627.09	5505.70
627.21	5507.00
627.34	5603.00
627.46	5592.70
627.58	5494.60
627.71	5507.50
627.83	5537.10
627.95	5429.30
628.08	5524.70
628.20	5510.10
628.32	5458.60
628.45	5429.40
628.57	5454.90
628.69	5431.80
628.82	5516.20
628.94	5538.00
629.06	5484.20
629.19	5470.20
629.31	5521.30
629.43	5426.00
629.56	5497.10
629.68	5472.50
629.80	5507.00
629.93	5439.40
630.05	5447.80
630.17	5431.40
630.30	5471.90
630.42	5434.90
630.54	5503.10
630.67	5491.00
630.79	5462.00
630.91	5570.70
631.04	5492.20
631.16	5508.10
631.28	5459.00
631.41	5424.80
631.53	5423.70
631.65	5447.00
631.78	5470.90
631.90	5455.80
632.02	5453.20
632.14	5358.20
632.27	5501.80
632.39	5453.40
632.51	5455.60
632.64	5500.90
632.76	5457.90
632.88	5418.10
633.01	5449.70
633.13	5442.40
633.25	5465.20
633.38	5547.30
633.50	5383.80
633.62	5393.80
633.75	5376.20
633.87	5355.10
633.99	5455.30
634.11	5387.60
634.24	5396.10
634.36	5438.80
634.48	5408.70
634.61	5388.20
634.73	5466.40
634.85	5369.50
634.98	5403.80
635.10	5412.50
635.22	5408.60
635.35	5510.30
635.47	5425.70
635.59	5400.70
635.71	5426.00
635.84	5440.40
635.96	5408.20
636.08	5438.70
636.21	5400.00
636.33	5402.00
636.45	5393.20
636.58	5386.80
636.70	5354.70
636.82	5425.00
636.94	5392.80
637.07	5343.00
637.19	5438.40
637.31	5406.50
637.44	5438.00
637.56	5351.50
637.68	5433.70
637.81	5382.20
637.93	5419.30
638.05	5356.60
638.17	5453.90
638.30	5486.90
638.42	5385.90
638.54	5366.80
638.67	5367.50
638.79	5409.30
638.91	5364.10
639.03	5369.10
639.16	5361.10
639.28	5369.40
639.40	5384.60
639.53	5347.80
639.65	5409.70
639.77	5366.20
639.89	5378.50
640.02	5360.40
640.14	5382.60
640.26	5327.90
640.39	5372.00
640.51	5325.30
640.63	5357.40
640.75	5409.50
640.88	5365.80
641.00	5325.80
641.12	5328.80
641.24	5421.80
641.37	5332.30
641.49	5313.80
641.61	5434.20
641.74	5328.40
641.86	5359.50
641.98	5330.30
642.10	5378.50
642.23	5363.90
642.35	5334.80
642.47	5360.00
642.60	5369.60
642.72	5380.00
642.84	5286.20
642.96	5290.60
643.09	5307.60
643.21	5316.10
643.33	5314.30
643.45	5321.50
643.58	5368.10
643.70	5392.70
643.82	5334.70
643.94	5322.10
644.07	5338.40
644.19	5342.00
644.31	5355.60
644.44	5347.70
644.56	5317.50
644.68	5304.40
644.80	5294.20
644.93	5302.60
645.05	5306.10
645.17	5349.10
645.29	5334.40
645.42	5345.00
645.54	5312.70
645.66	5359.90
645.78	5320.10
645.91	5298.10
646.03	5318.80
646.15	5388.80
646.27	5280.10
646.40	5326.60
646.52	5342.00
646.64	5344.10
646.76	5302.90
646.89	5257.10
647.01	5333.50
647.13	5338.30
647.25	5365.50
647.38	5302.40
647.50	5295.20
647.62	5355.10
647.74	5267.90
647.87	5265.00
647.99	5330.80
648.11	5360.40
648.23	5303.80
648.36	5233.40
648.48	5328.40
648.60	5301.70
648.72	5270.40
648.85	5248.20
648.97	5324.00
649.09	5298.40
649.21	5293.60
649.34	5314.90
649.46	5332.40
649.58	5334.60
649.70	5304.30
649.83	5271.20
649.95	5340.20
650.07	5325.50
650.19	5327.80
650.32	5299.60
650.44	5326.50
650.56	5306.00
650.68	5288.90
650.81	5276.10
650.93	5263.80
651.05	5310.00
651.17	5257.80
651.29	5302.20
651.42	5241.70
651.54	5309.70
651.66	5270.70
651.78	5250.90
651.91	5315.80
652.03	5394.10
652.15	5307.30
652.27	5274.50
652.40	5301.30
652.52	5281.80
652.64	5292.50
652.76	5261.10
652.88	5365.30
653.01	5274.70
653.13	5254.50
653.25	5219.70
653.37	5278.90
653.50	5301.70
653.62	5299.40
653.74	5236.20
653.86	5342.30
653.98	5292.70
654.11	5235.20
654.23	5276.80
654.35	5248.60
654.47	5350.70
654.60	5269.40
654.72	5259.70
654.84	5229.20
654.96	5319.70
655.08	5261.80
655.21	5266.90
655.33	5245.10
655.45	5323.40
655.57	5275.60
655.70	5259.90
655.82	5298.00
655.94	5309.70
656.06	5301.80
656.18	5207.80
656.31	5295.90
656.43	5291.80
656.55	5230.90
656.67	5238.70
656.79	5249.80
656.92	5291.40
657.04	5274.60
657.16	5234.30
657.28	5367.60
657.40	5241.30
657.53	5287.20
657.65	5233.70
657.77	5276.30
657.89	5305.60
658.01	5211.60
658.14	5231.00
658.26	5265.30
658.38	5237.20
658.50	5210.40
658.62	5222.70
658.75	5347.60
658.87	5268.10
658.99	5295.30
659.11	5210.00
659.23	5267.80
659.36	5345.60
659.48	5286.70
659.60	5267.50
659.72	5264.50
659.84	5235.80
659.97	5275.40
660.09	5258.70
660.21	5355.90
660.33	5280.50
660.45	5188.80
660.58	5163.90
660.70	5205.30
660.82	5229.40
660.94	5165.60
661.06	5244.20
661.19	5282.80
661.31	5261.30
661.43	5223.20
661.55	5235.30
661.67	5266.10
661.80	5288.10
661.92	5217.30
662.04	5255.60
662.16	5245.10
662.28	5277.50
662.40	5240.80
662.53	5249.40
662.65	5259.70
662.77	5202.30
662.89	5250.60
663.01	5207.20
663.14	5200.00
663.26	5239.80
663.38	5221.20
663.50	5170.80
663.62	5213.80
663.74	5238.10
663.87	5228.60
663.99	5250.20
664.11	5238.00
664.23	5320.50
664.35	5189.30
664.48	5190.80
664.60	5195.00
664.72	5199.00
664.84	5171.70
664.96	5185.20
665.08	5286.70
665.21	5209.40
665.33	5230.80
665.45	5162.10
665.57	5210.80
665.69	5263.00
665.81	5196.20
665.94	5158.00
666.06	5187.50
666.18	5219.20
666.30	5202.20
666.42	5163.40
666.54	5228.40
666.67	5244.60
666.79	5182.60
666.91	5234.40
667.03	5210.60
667.15	5155.10
667.27	5194.70
667.40	5165.80
667.52	5191.70
667.64	5228.00
667.76	5178.50
667.88	5153.90
668.00	5202.50
668.13	5201.80
668.25	5164.80
668.37	5142.60
668.49	5177.50
668.61	5231.80
668.73	5173.70
668.85	5182.10
668.98	5212.10
669.10	5188.40
669.22	5158.10
669.34	5173.30
669.46	5226.60
669.58	5143.20
669.71	5192.40
669.83	5186.60
669.95	5167.40
670.07	5190.60
670.19	5144.50
670.31	5179.60
670.43	5153.50
670.56	5211.60
670.68	5222.50
670.80	5190.70
670.92	5174.90
671.04	5241.80
671.16	5166.10
671.28	5142.40
671.41	5150.30
671.53	5207.50
671.65	5169.80
671.77	5160.20
671.89	5288.10
672.01	5265.30
672.13	5215.80
672.26	5121.70
672.38	5175.20
672.50	5117.40
672.62	5153.80
672.74	5162.30
672.86	5152.90
672.98	5166.50
673.11	5154.40
673.23	5155.60
673.35	5200.20
673.47	5141.90
673.59	5162.30
673.71	5124.70
673.83	5184.20
673.96	5274.20
674.08	5136.00
674.20	5129.50
674.32	5160.40
674.44	5168.30
674.56	5163.40
674.68	5138.20
674.80	5184.10
674.93	5142.00
675.05	5135.30
675.17	5125.60
675.29	5176.30
675.41	5185.00
675.53	5141.60
675.65	5125.50
675.77	5136.60
675.90	5159.40
676.02	5125.10
676.14	5085.10
676.26	5183.80
676.38	5231.20
676.50	5156.60
676.62	5147.30
676.74	5093.20
676.87	5080.50
676.99	5158.40
677.11	5155.70
677.23	5140.60
677.35	5126.30
677.47	5083.80
677.59	5102.10
677.71	5089.60
677.83	5153.60
677.96	5111.00
678.08	5120.80
678.20	5103.50
678.32	5063.10
678.44	5122.30
678.56	5107.30
678.68	5209.10
678.80	5133.30
678.93	5088.70
679.05	5102.60
679.17	5084.80
679.29	5139.80
679.41	5072.40
679.53	5045.60
679.65	5066.40
679.77	5093.50
679.89	5078.80
680.01	5124.10
680.14	5132.10
680.26	5012.10
680.38	5043.00
680.50	5118.00
680.62	5163.80
680.74	5098.90
680.86	5082.90
680.98	5066.90
681.10	5086.60
681.22	5166.00
681.35	5049.90
681.47	5070.00
681.59	5033.50
681.71	5139.50
681.83	5084.10
681.95	5041.00
682.07	5115.50
682.19	5091.40
682.31	5038.10
682.43	5004.20
682.56	5087.10
682.68	5004.30
682.80	5027.00
682.92	5076.90
683.04	5063.90
683.16	5046.50
683.28	5045.50
683.40	5083.40
683.52	5030.10
683.64	5057.30
683.76	5001.90
683.89	5035.70
684.01	5027.90
684.13	5100.30
684.25	5063.60
684.37	5038.60
684.49	5081.40
684.61	5044.00
684.73	5062.40
684.85	5031.20
684.97	5033.00
685.09	5090.50
685.21	5007.80
685.34	5039.00
685.46	5141.00
685.58	5045.30
685.70	5036.70
685.82	5041.00
685.94	4987.70
686.06	4998.90
686.18	4978.70
686.30	4995.20
686.42	4986.80
686.54	5031.10
686.66	4961.90
686.79	5076.40
686.91	5018.10
687.03	5114.00
687.15	5033.90
687.27	5018.20
687.39	5009.10
687.51	5055.60
687.63	5005.90
687.75	5052.70
687.87	5043.80
687.99	5083.50
688.11	4980.80
688.23	5018.40
688.35	5043.70
688.48	5014.90
688.60	4953.20
688.72	4975.40
688.84	5012.20
688.96	5011.70
689.08	4988.00
689.20	4973.80
689.32	5087.90
689.44	4979.20
689.56	4946.30
689.68	4950.00
689.80	4980.90
689.92	4951.20
690.04	4949.10
690.16	5007.20
690.28	5003.10
690.41	4986.50
690.53	4922.90
690.65	4988.90
690.77	5035.20
690.89	5021.90
691.01	4946.70
691.13	4939.70
691.25	4923.20
691.37	4943.30
691.49	4926.00
691.61	4902.90
691.73	5004.90
691.85	4972.40
691.97	4934.00
692.09	4928.00
692.21	4991.90
692.33	5011.40
692.45	4972.80
692.57	4919.40
692.70	4942.30
692.82	4959.20
692.94	4912.20
693.06	4912.60
693.18	4962.70
693.30	4916.20
693.42	4915.00
693.54	4960.90
693.66	4951.80
693.78	4958.70
693.90	4927.30
694.02	4948.70
694.14	4941.50
694.26	4934.20
694.38	4970.20
694.50	4972.10
694.62	4939.60
694.74	4888.70
694.86	4881.60
694.98	4955.70
695.10	4943.00
695.22	4959.70
695.34	4885.50
695.46	4893.10
695.58	4900.30
695.71	4923.20
695.83	4914.00
695.95	4905.50
696.07	4974.30
696.19	4870.50
696.31	4903.30
696.43	4878.40
696.55	4991.00
696.67	4936.40
696.79	4903.50
696.91	4915.90
697.03	4898.40
697.15	4986.90
697.27	4909.90
697.39	4885.20
697.51	4947.20
697.63	4877.40
697.75	4899.70
697.87	4914.70
697.99	4865.50
698.11	4816.00
698.23	4854.40
698.35	4885.80
698.47	4894.50
698.59	4910.40
698.71	4879.10
698.83	4973.00
698.95	4866.30
699.07	4890.30
699.19	4883.00
699.31	4905.60
699.43	4867.30
699.55	4927.80
699.67	4859.20
699.79	4863.10
699.91	4847.20
700.03	4864.30
700.15	4884.40
700.27	4845.20
700.39	4887.10
700.51	4828.20
700.63	4878.70
700.75	4865.90
700.87	4894.30
700.99	4861.60
701.11	4887.30
701.24	4850.10
701.36	4905.80
701.48	4906.50
701.60	4910.70
701.72	4835.00
701.84	4927.80
701.96	4876.80
702.08	4851.30
702.20	4941.80
702.32	4889.60
702.44	4910.00
702.56	4859.60
702.68	4875.20
702.80	4885.30
702.92	4956.80
703.04	4923.90
703.16	4866.70
703.28	4897.30
703.40	4854.10
703.52	4889.40
703.64	4897.40
703.76	4867.90
703.88	4845.40
704.00	4857.90
704.12	4864.50
704.24	4907.10
704.36	4873.90
704.48	4859.00
704.60	4817.60
704.72	4867.80
704.84	4853.80
704.96	4870.30
705.07	4877.80
705.19	4834.50
705.31	4836.00
705.43	4875.00
705.55	4837.40
705.67	4863.90
705.79	4859.60
705.91	4783.00
706.03	4834.70
706.15	4850.90
706.27	4860.80
706.39	4821.20
706.51	4820.00
706.63	4825.70
706.75	4871.80
706.87	4859.50
706.99	4906.80
707.11	4866.10
707.23	4825.90
707.35	4880.10
707.47	4855.50
707.59	4865.60
707.71	4886.10
707.83	4841.50
707.95	4880.80
708.07	4833.50
708.19	4947.30
708.31	4859.90
708.43	4788.70
708.55	4850.70
708.67	4890.50
708.79	4845.90
708.91	4871.20
709.03	4869.60
709.15	4893.30
709.27	4819.70
709.39	4825.80
709.51	4820.50
709.63	4839.70
709.75	4868.90
709.87	4799.20
709.99	4864.70
710.11	4803.10
710.23	4810.40
710.35	4791.80
710.47	4930.70
710.58	4883.60
710.70	4894.80
710.82	4890.40
710.94	4850.80
711.06	4828.20
711.18	4841.40
711.30	4816.90
711.42	4864.30
711.54	4839.70
711.66	4858.80
711.78	4789.60
711.90	4859.20
712.02	4897.70
712.14	4814.20
712.26	4784.30
712.38	4901.70
712.50	4868.20
712.62	4816.90
712.74	4779.50
712.86	4797.60
712.98	4855.40
713.10	4791.40
713.22	4771.00
713.34	4844.20
713.45	4795.60
713.57	4819.80
713.69	4781.00
713.81	4806.00
713.93	4823.50
714.05	4804.90
714.17	4772.30
714.29	4878.70
714.41	4906.10
714.53	4816.60
714.65	4826.10
714.77	4799.40
714.89	4778.10
715.01	4856.10
715.13	4790.40
715.25	4802.00
715.37	4772.90
715.49	4780.40
715.61	4847.00
715.72	4841.40
715.84	4850.10
715.96	4786.20
716.08	4795.50
716.20	4855.80
716.32	4823.40
716.44	4772.50
716.56	4789.30
716.68	4797.10
716.80	4875.20
716.92	4854.00
717.04	4825.70
717.16	4806.20
717.28	4764.40
717.40	4779.20
717.52	4794.40
717.63	4772.70
717.75	4781.60
717.87	4796.10
717.99	4800.80
718.11	4773.40
718.23	4835.10
718.35	4787.90
718.47	4783.20
718.59	4708.30
718.71	4761.10
718.83	4748.40
718.95	4793.20
719.07	4731.30
719.19	4738.10
719.30	4735.80
719.42	4752.50
719.54	4758.00
719.66	4766.70
719.78	4764.50
719.90	4673.40
720.02	4746.90
720.14	4750.50
720.26	4798.40
720.38	4770.20
720.50	4729.80
720.62	4680.90
720.74	4760.90
720.85	4744.40
720.97	4807.80
721.09	4830.90
721.21	4727.10
721.33	4790.10
721.45	4735.70
721.57	4729.60
721.69	4698.10
721.81	4670.30
721.93	4792.10
722.05	4741.10
722.16	4701.10
722.28	4681.70
722.40	4716.10
722.52	4775.60
722.64	4805.30
722.76	4682.80
722.88	4750.40
723.00	4735.10
723.12	4715.30
723.24	4731.50
723.36	4664.60
723.47	4745.00
723.59	4747.70
723.71	4699.40
723.83	4739.10
723.95	4695.10
724.07	4735.60
724.19	4744.30
724.31	4779.00
724.43	4684.70
724.55	4641.30
724.66	4673.00
724.78	4848.50
724.90	4651.70
725.02	4693.90
725.14	4675.20
725.26	4712.20
725.38	4636.10
725.50	4712.20
725.62	4714.50
725.74	4700.30
725.85	4688.90
725.97	4699.50
726.09	4768.90
726.21	5048.30
726.33	4739.40
726.45	4717.00
726.57	4687.80
726.69	4737.60
726.81	4721.80
726.92	4715.00
727.04	4713.20
727.16	4735.20
727.28	4692.30
727.40	4721.80
727.52	4692.70
727.64	4831.20
727.76	4786.20
727.88	4737.70
727.99	4673.10
728.11	4669.80
728.23	4682.80
728.35	4703.20
728.47	4689.00
728.59	4694.80
728.71	4721.20
728.83	4711.10
728.94	4721.10
729.06	4783.40
729.18	4757.00
729.30	4718.20
729.42	4706.50
729.54	4763.30
729.66	4773.80
729.78	4692.10
729.90	4711.90
730.01	4705.00
730.13	4635.10
730.25	4679.80
730.37	4672.90
730.49	4716.50
730.61	4685.80
730.73	4699.90
730.84	4725.40
730.96	4691.40
731.08	4724.50
731.20	4693.80
731.32	4686.80
731.44	4808.70
731.56	4679.30
731.68	4658.80
731.79	4704.00
731.91	4654.90
732.03	4667.20
732.15	4680.40
732.27	4638.30
732.39	4658.60
732.51	4687.60
732.62	4659.80
732.74	4652.40
732.86	4732.10
732.98	4677.40
733.10	4656.20
733.22	4670.90
733.34	4685.50
733.45	4617.10
733.57	4648.50
733.69	4612.50
733.81	4642.30
733.93	4667.70
734.05	4603.70
734.17	4662.00
734.28	4635.70
734.40	4643.40
734.52	4602.80
734.64	4638.40
734.76	4730.10
734.88	4653.70
735.00	4604.80
735.11	4643.00
735.23	4708.40
735.35	4626.20
735.47	4605.70
735.59	4684.80
735.71	4635.70
735.83	4642.60
735.94	4667.60
736.06	4648.80
736.18	4673.10
736.30	4680.80
736.42	4657.70
736.54	4630.80
736.65	4666.10
736.77	4784.50
736.89	4670.70
737.01	4626.20
737.13	4730.30
737.25	4525.00
737.36	4584.50
737.48	4615.60
737.60	4620.50
737.72	4599.30
737.84	4591.30
737.96	4655.30
738.08	4612.90
738.19	4685.70
738.31	4588.80
738.43	4629.50
738.55	4608.80
738.67	4605.90
738.79	4573.30
738.90	4581.70
739.02	4623.30
739.14	4557.60
739.26	4575.20
739.38	4580.90
739.50	4616.30
739.61	4557.80
739.73	4592.90
739.85	4584.20
739.97	4612.90
740.09	4643.70
740.20	4507.60
740.32	4602.00
740.44	4586.20
740.56	4522.50
740.68	4559.20
740.80	4567.60
740.91	4564.50
741.03	4601.10
741.15	4595.90
741.27	4537.40
741.39	4600.80
741.51	4576.90
741.62	4605.50
741.74	4541.70
741.86	4532.30
741.98	4538.50
742.10	4564.40
742.21	4524.80
742.33	4558.10
742.45	4528.60
742.57	4609.80
742.69	4518.90
742.80	4557.10
742.92	4521.80
743.04	4537.00
743.16	4493.60
743.28	4584.60
743.40	4489.20
743.51	4494.50
743.63	4486.50
743.75	4510.90
743.87	4510.80
743.99	4522.80
744.10	4506.40
744.22	4494.20
744.34	4493.40
744.46	4524.90
744.58	4517.30
744.69	4443.10
744.81	4498.40
744.93	4441.60
745.05	4428.70
745.17	4577.90
745.28	4546.90
745.40	4508.90
745.52	4475.20
745.64	4472.40
745.76	4516.20
745.87	4448.50
745.99	4452.20
746.11	4480.00
746.23	4441.70
746.35	4468.50
746.46	4439.60
746.58	4560.20
746.70	4483.80
746.82	4461.20
746.94	4458.10
747.05	4410.80
747.17	4400.00
747.29	4396.50
747.41	4413.50
747.53	4567.40
747.64	4420.40
747.76	4485.60
747.88	4489.30
748.00	4465.20
748.12	4422.40
748.23	4416.80
748.35	4428.70
748.47	4462.50
748.59	4451.80
748.70	4395.00
748.82	4359.10
748.94	4380.90
749.06	4384.30
749.18	4387.00
749.29	4373.60
749.41	4416.00
749.53	4372.10
749.65	4385.60
749.76	4437.70
749.88	4367.50
750.00	4385.90
750.12	4424.70
750.24	4396.30
750.35	4385.20
750.47	4324.80
750.59	4392.10
750.71	4347.00
750.82	4387.60
750.94	4319.30
751.06	4339.20
751.18	4328.50
751.30	4376.50
751.41	4382.10
751.53	4356.50
751.65	4317.90
751.77	4306.30
751.88	4361.80
752.00	4371.30
752.12	4290.70
752.24	4360.80
752.35	4333.10
752.47	4353.50
752.59	4355.10
752.71	4388.30
752.83	4276.50
752.94	4368.10
753.06	4277.70
753.18	4307.40
753.30	4278.40
753.41	4237.60
753.53	4266.90
753.65	4263.90
753.77	4311.80
753.88	4258.60
754.00	4270.40
754.12	4279.60
754.24	4333.90
754.35	4247.70
754.47	4192.10
754.59	4294.80
754.71	4278.30
754.82	4237.90
754.94	4224.20
755.06	4291.60
755.18	4262.10
755.29	4260.80
755.41	4225.10
755.53	4263.10
755.65	4195.50
755.76	4231.20
755.88	4210.80
756.00	4263.70
756.12	4205.80
756.23	4128.20
756.35	4172.10
756.47	4224.40
756.59	4185.90
756.70	4153.50
756.82	4151.30
756.94	4151.90
757.06	4199.70
757.17	4197.60
757.29	4153.90
757.41	4145.70
757.53	4183.00
757.64	4163.30
757.76	4168.20
757.88	4194.60
758.00	4182.10
758.11	4139.50
758.23	4104.90
758.35	4157.90
758.47	4097.30
758.58	4163.60
758.70	4103.00
758.82	4126.80
758.94	4075.50
759.05	4128.90
759.17	4077.40
759.29	4104.10
759.40	4173.10
759.52	4095.20
759.64	4095.40
759.76	4108.70
759.87	4119.00
759.99	4107.50
760.11	4076.10
760.23	4097.10
760.34	4109.40
760.46	4082.90
760.58	4047.60
760.70	4061.10
760.81	4100.70
760.93	4077.40
761.05	4079.00
761.16	4056.50
761.28	4023.00
761.40	4037.00
761.52	3994.40
761.63	4097.60
761.75	4035.50
761.87	4024.90
761.98	3990.50
762.10	4049.40
762.22	4021.50
762.34	4074.70
762.45	4009.20
762.57	4057.30
762.69	4144.40
762.81	3990.30
762.92	4033.90
763.04	3951.60
763.16	4013.20
763.27	4029.00
763.39	3952.20
763.51	3999.20
763.63	4004.50
763.74	3967.20
763.86	3923.70
763.98	3937.50
764.09	3926.90
764.21	3967.40
764.33	3919.90
764.44	3928.60
764.56	3951.80
764.68	3926.40
764.80	3953.30
764.91	3878.50
765.03	3989.60
765.15	3929.00
765.26	3925.10
765.38	3883.20
765.50	3935.60
765.62	3931.90
765.73	3916.90
765.85	3902.30
765.97	3850.30
766.08	3901.70
766.20	3891.70
766.32	3887.90
766.43	3928.20
766.55	3919.80
766.67	3857.90
766.79	3873.00
766.90	3843.30
767.02	3816.80
767.14	3831.30
767.25	3805.50
767.37	3952.00
767.49	3859.70
767.60	3859.90
767.72	3896.00
767.84	3850.70
767.95	3835.50
768.07	3803.00
768.19	3849.90
768.31	3849.30
768.42	3830.90
768.54	3819.30
768.66	3823.70
768.77	3828.40
768.89	3820.20
769.01	3780.50
769.12	3821.30
769.24	3811.40
769.36	3775.10
769.47	3756.20
769.59	3743.80
769.71	3798.70
769.82	3768.10
769.94	3754.10
770.06	3722.10
770.17	3798.20
770.29	3772.00
770.41	3778.90
770.53	3781.80
770.64	3723.50
770.76	3735.90
770.88	3764.80
770.99	3769.80
771.11	3699.00
771.23	3750.30
771.34	3727.00
771.46	3799.10
771.58	3772.50
771.69	3744.00
771.81	3712.10
771.93	3737.20
772.04	3673.50
772.16	3725.10
772.28	3697.40
772.39	3731.80
772.51	3665.10
772.63	3704.50
772.74	3669.30
772.86	3665.90
772.98	3775.60
773.09	3652.30
773.21	3649.80
773.33	3675.50
773.44	3668.50
773.56	3639.50
773.68	3646.40
773.79	3682.90
773.91	3611.10
774.03	3638.90
774.14	3615.80
774.26	3661.10
774.38	3585.30
774.49	3570.70
774.61	3593.60
774.73	3599.40
774.84	3567.10
774.96	3569.50
775.08	3594.40
775.19	3592.20
775.31	3624.00
775.43	3597.30
775.54	3551.90
775.66	3522.10
775.77	3613.80
775.89	3522.90
776.01	3591.10
776.12	3604.00
776.24	3561.40
776.36	3494.00
776.47	3508.20
776.59	3549.00
776.71	3584.10
776.82	3470.10
776.94	3503.40
777.06	3507.90
777.17	3572.60
777.29	3496.50
777.41	3485.50
777.52	3537.30
777.64	3502.60
777.75	3536.60
777.87	3422.50
777.99	3455.80
778.10	3524.90
778.22	3460.40
778.34	3482.90
778.45	3466.40
778.57	3507.10
778.69	3489.20
778.80	3457.40
778.92	3551.70
779.04	3458.60
779.15	3449.40
779.27	3487.80
779.38	3467.20
779.50	3492.90
779.62	3391.00
779.73	3420.70
779.85	3365.60
779.97	3510.80
780.08	3413.00
780.20	3409.20
780.31	3430.80
780.43	3439.60
780.55	3383.40
780.66	3397.60
780.78	3425.90
780.90	3468.30
781.01	3344.50
781.13	3369.40
781.25	3362.80
781.36	3401.10
781.48	3336.30
781.59	3338.90
781.71	3388.80
781.83	3367.60
781.94	3324.50
782.06	3318.80
782.18	3390.40
782.29	3330.80
782.41	3270.60
782.52	3380.00
782.64	3367.20
782.76	3328.50
782.87	3330.80
782.99	3296.30
783.10	3422.80
783.22	3444.80
783.34	3299.10
783.45	3290.30
783.57	3296.00
783.69	3269.40
783.80	3290.20
783.92	3297.20
784.03	3282.10
784.15	3232.60
784.27	3246.30
784.38	3242.40
784.50	3259.00
784.61	3255.80
784.73	3231.60
784.85	3232.00
784.96	3213.30
785.08	3283.20
785.19	3276.60
785.31	3243.70
785.43	3196.40
785.54	3184.70
785.66	3253.70
785.77	3227.60
785.89	3240.50
786.01	3160.00
786.12	3199.10
786.24	3210.30
786.35	3262.90
786.47	3211.90
786.59	3176.50
786.70	3150.40
786.82	3188.70
786.93	3194.80
787.05	3180.30
787.17	3184.90
787.28	3163.10
787.40	3177.90
787.51	3172.80
787.63	3188.40
787.75	3114.10
787.86	3156.90
787.98	3169.40
788.09	3128.60
788.21	3153.90
788.33	3154.20
788.44	3148.60
788.56	3109.40
788.67	3156.30
788.79	3096.70
788.91	3107.20
789.02	3100.50
789.14	3103.00
789.25	3167.60
789.37	3126.30
789.48	3080.90
789.60	3095.80
789.72	3057.00
789.83	3104.90
789.95	3086.00
790.06	3037.80
790.18	3039.70
790.30	3091.80
790.41	3077.00
790.53	3051.50
790.64	3012.00
790.76	3011.50
790.87	3027.90
790.99	3036.00
791.11	3056.60
791.22	3017.40
791.34	3032.80
791.45	3072.40
791.57	3047.70
791.68	3007.10
791.80	2997.10
791.92	3048.00
792.03	2984.10
792.15	2972.80
792.26	2977.50
792.38	2964.70
792.49	3005.20
792.61	2985.20
792.73	2999.50
792.84	2976.90
792.96	3078.60
793.07	2968.10
793.19	3719.10
793.30	3056.00
793.42	2992.80
793.54	2908.90
793.65	2931.90
793.77	3100.50
793.88	2956.80
794.00	2915.40
794.11	2945.00
794.23	2887.70
794.34	2952.40
794.46	2873.30
794.58	2896.30
794.69	3005.10
794.81	2999.40
794.92	2903.10
795.04	2890.60
795.15	2981.30
795.27	2931.70
795.39	2915.80
795.50	2871.90
795.62	2869.30
795.73	2871.00
795.85	2871.60
795.96	2896.80
796.08	2944.70
796.19	2850.50
796.31	2871.30
796.42	2833.60
796.54	2839.90
796.66	2891.80
796.77	2829.40
796.89	2812.90
797.00	2896.30
797.12	2782.80
797.23	2849.50
797.35	2849.60
797.46	2880.10
797.58	2888.30
797.69	2843.40
797.81	2814.90
797.93	2817.50
798.04	2793.60
798.16	2801.30
798.27	2835.60
798.39	2773.40
798.50	2767.10
798.62	2779.90
798.73	2769.30
798.85	2865.30
798.96	2796.20
799.08	2814.40
799.19	2813.70
799.31	2781.20
799.43	2777.20
799.54	2748.80
799.66	2789.00
799.77	2791.10
799.89	2730.70
800.00	2690.40
800.12	2749.20
800.23	2797.50
800.35	2816.10
800.46	2693.30
800.58	2678.30
800.69	2729.90
800.81	2715.80
800.92	2696.10
801.04	2724.80
801.16	2663.00
801.27	2675.90
801.39	2678.20
801.50	2682.20
801.62	2698.40
801.73	2750.10
801.85	2743.40
801.96	2662.10
802.08	2743.90
802.19	2733.60
802.31	2670.50
802.42	2683.90
802.54	2746.00
802.65	2719.00
802.77	2638.00
802.88	2717.40
803.00	2612.70
803.11	2755.20
803.23	2682.40
803.34	2663.70
803.46	2680.40
803.57	2633.80
803.69	2686.40
803.80	2622.50
803.92	2683.80
804.03	2632.00
804.15	2649.80
804.26	2659.70
804.38	2668.40
804.50	2595.10
804.61	2638.90
804.73	2610.50
804.84	2613.20
804.96	2535.50
805.07	2595.30
805.19	2564.30
805.30	2597.80
805.42	2624.90
805.53	2577.00
805.65	2534.60
805.76	2515.00
805.88	2535.50
805.99	2551.00
806.11	2553.60
806.22	2502.90
806.34	2505.10
806.45	2514.30
806.57	2490.30
806.68	2527.80
806.80	2417.40
806.91	2452.90
807.03	2422.80
807.14	2402.50
807.26	2385.80
807.37	2397.20
807.49	2446.50
807.60	2404.30
807.72	2472.20
807.83	2483.40
807.95	2400.70
808.06	2393.80
808.17	2387.90
808.29	2404.90
808.40	2326.90
808.52	2334.20
808.63	2332.30
808.75	2334.60
808.86	2303.70
808.98	2331.50
809.09	2259.90
809.21	2302.00
809.32	2253.40
809.44	2282.30
809.55	2207.40
809.67	2255.50
809.78	2209.80
809.90	2248.00
810.01	2264.60
810.13	2173.80
810.24	2229.30
810.36	2131.80
810.47	2141.80
810.59	2160.10
810.70	2171.30
810.82	2169.10
810.93	2081.30
811.05	2092.10
811.16	2086.90
811.27	2068.00
811.39	2081.30
811.50	2114.30
811.62	2014.30
811.73	1995.30
811.85	2052.60
811.96	2036.00
812.08	2056.70
812.19	2014.40
812.31	2008.80
812.42	1987.40
812.54	1947.30
812.65	2011.00
812.77	2013.30
812.88	1983.40
813.00	1970.60
813.11	1947.80
813.22	1891.80
813.34	1891.90
813.45	1909.00
813.57	1973.30
813.68	1954.40
813.80	1873.80
813.91	1828.70
814.03	1844.90
814.14	1922.10
814.26	1819.50
814.37	1825.30
814.49	1804.60
814.60	1773.30
814.71	1766.70
814.83	1772.40
814.94	1728.70
815.06	1746.90
815.17	1744.40
815.29	1724.20
815.40	1689.90
815.52	1790.00
815.63	1697.20
815.75	1678.70
815.86	1700.20
815.97	1633.40
816.09	1675.30
816.20	1669.40
816.32	1663.50
816.43	1589.00
816.55	1635.00
816.66	1609.00
816.78	1685.60
816.89	1597.70
817.00	1599.50
817.12	1566.40
817.23	1544.10
817.35	1593.50
817.46	1562.90
817.58	1521.80
817.69	1645.80
817.81	1537.00
817.92	1551.90
818.03	1518.10
818.15	1504.30
818.26	1459.10
818.38	1448.00
818.49	1468.60
818.61	1479.30
818.72	1426.20
818.83	2260.50
818.95	1540.00
819.06	1401.60
819.18	1398.60
819.29	1418.00
819.41	1404.60
819.52	1403.00
819.64	1394.80
819.75	1337.20
819.86	1316.50
819.98	1339.60
820.09	1371.70
820.21	1343.00
820.32	1304.70
820.44	1333.20
820.55	1380.50
820.66	1291.10
820.78	1327.20
820.89	1285.30
821.01	1305.80
821.12	1280.00
821.23	1273.00
821.35	1238.20
821.46	1288.50
821.58	1243.50
821.69	1215.10
821.81	1194.20
821.92	1268.40
822.03	1201.80
822.15	1212.40
822.26	1152.10
822.38	1161.60
822.49	1195.00
822.61	1171.20
822.72	1168.70
822.83	1195.80
822.95	1147.60
823.06	1143.90
823.18	1179.30
823.29	1180.00
823.40	1137.20
823.52	1093.60
823.63	1047.80
823.75	1177.40
823.86	1083.10
823.97	1029.20
824.09	1093.20
824.20	1026.00
824.32	1067.10
824.43	1042.70
824.55	1077.80
824.66	1117.50
824.77	1020.50
824.89	1040.10
825.00	1070.40
825.12	1015.90
825.23	1031.10
825.34	953.70
825.46	950.00
825.57	1015.60
825.69	957.50
825.80	903.40
825.91	934.40
826.03	905.70
826.14	963.90
826.26	907.30
826.37	930.50
826.48	913.10
826.60	923.90
826.71	888.90
826.83	914.50
826.94	919.20
827.05	949.60
827.17	931.70
827.28	877.30
827.39	865.70
827.51	840.70
827.62	869.70
827.74	868.80
827.85	852.50
827.96	842.70
828.08	853.00
828.19	938.80
828.31	839.30
828.42	792.90
828.53	862.30
828.65	883.70
828.76	891.30
828.87	851.30
828.99	805.50
