Wavelength (nm)	Intensity
377.35	821.38
377.48	602.00
377.62	636.25
377.75	629.50
377.88	851.25
378.02	838.00
378.15	829.88
378.28	801.50
378.41	892.00
378.55	857.75
378.68	831.00
378.81	811.25
378.95	847.25
379.08	845.00
379.21	802.00
379.35	860.50
379.48	869.75
379.61	927.25
379.74	835.00
379.88	816.62
380.01	904.88
380.14	971.88
380.28	881.00
380.41	803.38
380.54	857.75
380.68	873.88
380.81	776.25
380.94	873.00
381.07	922.62
381.21	921.38
381.34	834.00
381.47	775.75
381.61	993.75
381.74	853.88
381.87	795.62
382.00	855.50
382.14	941.50
382.27	889.75
382.40	809.88
382.54	898.88
382.67	918.12
382.80	807.75
382.93	805.12
383.07	835.62
383.20	845.00
383.33	878.75
383.47	808.75
383.60	793.25
383.73	1002.62
383.86	883.50
384.00	829.50
384.13	820.38
384.26	887.25
384.40	902.12
384.53	839.88
384.66	875.50
384.79	860.88
384.93	829.38
385.06	829.50
385.19	845.75
385.33	974.00
385.46	877.25
385.59	812.12
385.72	849.62
385.86	804.75
385.99	832.00
386.12	825.62
386.25	807.00
386.39	893.62
386.52	906.50
386.65	837.25
386.79	819.12
386.92	828.75
387.05	934.50
387.18	791.50
387.32	801.62
387.45	883.75
387.58	850.62
387.71	824.25
387.85	815.12
387.98	858.25
388.11	880.00
388.25	847.00
388.38	841.50
388.51	882.62
388.64	894.38
388.78	819.62
388.91	798.12
389.04	841.88
389.17	960.88
389.31	852.62
389.44	877.38
389.57	917.25
389.70	879.88
389.84	822.62
389.97	814.38
390.10	828.50
390.24	878.50
390.37	825.88
390.50	813.75
390.63	918.50
390.77	846.38
390.90	842.62
391.03	832.38
391.16	803.00
391.30	830.38
391.43	824.50
391.56	821.62
391.69	814.38
391.83	903.38
391.96	848.25
392.09	823.00
392.22	941.75
392.36	869.00
392.49	803.75
392.62	834.50
392.75	870.50
392.89	915.88
393.02	806.38
393.15	803.12
393.28	796.50
393.42	953.88
393.55	795.75
393.68	822.12
393.81	771.50
393.95	834.62
394.08	812.50
394.21	816.88
394.34	893.38
394.48	882.75
394.61	881.12
394.74	844.50
394.87	897.25
395.01	868.50
395.14	867.38
395.27	811.00
395.40	951.00
395.54	949.50
395.67	844.50
395.80	829.00
395.93	878.00
396.07	823.38
396.20	815.75
396.33	769.25
396.46	823.88
396.59	851.62
396.73	828.12
396.86	803.00
396.99	916.38
397.12	867.62
397.26	853.25
397.39	834.00
397.52	1175.50
397.65	964.75
397.79	842.38
397.92	828.00
398.05	900.00
398.18	833.12
398.32	841.50
398.45	869.88
398.58	869.25
398.71	880.75
398.84	797.62
398.98	826.62
399.11	879.62
399.24	876.12
399.37	832.88
399.51	799.12
399.64	850.75
399.77	854.38
399.90	835.75
400.03	832.25
400.17	800.62
400.30	915.62
400.43	866.38
400.56	835.75
400.70	851.25
400.83	817.75
400.96	811.12
401.09	839.25
401.23	853.75
401.36	918.25
401.49	814.12
401.62	836.25
401.75	836.50
401.89	815.00
402.02	834.88
402.15	838.75
402.28	865.38
402.41	870.12
402.55	816.88
402.68	826.50
402.81	921.88
402.94	893.62
403.08	810.62
403.21	798.38
403.34	892.38
403.47	886.75
403.60	824.25
403.74	868.38
403.87	898.00
404.00	821.00
404.13	817.00
404.26	787.00
404.40	806.50
404.53	869.88
404.66	828.12
404.79	793.38
404.93	881.62
405.06	860.75
405.19	794.75
405.32	840.75
405.45	875.00
405.59	895.00
405.72	841.62
405.85	809.12
405.98	1028.12
406.11	819.12
406.25	803.75
406.38	825.75
406.51	878.00
406.64	845.38
406.77	797.12
406.91	791.50
407.04	867.00
407.17	838.75
407.30	851.75
407.43	830.62
407.57	927.62
407.70	911.88
407.83	813.75
407.96	836.50
408.09	809.12
408.23	948.50
408.36	838.12
408.49	822.38
408.62	962.75
408.75	865.12
408.89	819.25
409.02	857.38
409.15	856.00
409.28	934.12
409.41	864.25
409.55	815.25
409.68	983.38
409.81	869.38
409.94	819.38
410.07	847.25
410.20	866.62
410.34	842.12
410.47	839.38
410.60	844.00
410.73	886.00
410.86	825.00
411.00	844.38
411.13	810.38
411.26	862.75
411.39	861.50
411.52	864.62
411.66	827.00
411.79	834.50
411.92	817.75
412.05	828.38
412.18	824.25
412.31	870.50
412.45	886.38
412.58	874.88
412.71	797.50
412.84	868.00
412.97	938.12
413.11	849.88
413.24	855.00
413.37	892.62
413.50	959.88
413.63	855.12
413.76	823.62
413.90	885.38
414.03	840.00
414.16	826.62
414.29	857.50
414.42	851.00
414.56	973.62
414.69	828.12
414.82	834.50
414.95	848.88
415.08	872.75
415.21	833.38
415.35	858.00
415.48	773.25
415.61	901.62
415.74	896.00
415.87	792.88
416.00	871.88
416.14	984.62
416.27	850.00
416.40	812.75
416.53	846.12
416.66	881.75
416.79	847.75
416.93	806.12
417.06	910.00
417.19	862.75
417.32	829.50
417.45	821.88
417.58	799.88
417.72	909.38
417.85	817.75
417.98	840.38
418.11	890.88
418.24	841.50
418.37	824.12
418.51	841.50
418.64	861.12
418.77	931.75
418.90	853.00
419.03	801.62
419.16	868.00
419.29	897.75
419.43	818.62
419.56	799.38
419.69	975.75
419.82	905.00
419.95	837.88
420.08	879.50
420.22	927.38
420.35	984.88
420.48	884.38
420.61	823.50
420.74	790.50
420.87	886.88
421.00	809.88
421.14	831.25
421.27	889.25
421.40	940.75
421.53	862.88
421.66	840.75
421.79	848.25
421.93	853.62
422.06	834.75
422.19	813.50
422.32	897.75
422.45	903.75
422.58	857.12
422.71	826.75
422.85	899.50
422.98	898.12
423.11	798.00
423.24	796.25
423.37	819.00
423.50	827.00
423.63	849.12
423.77	808.75
423.90	822.88
424.03	874.88
424.16	870.75
424.29	837.25
424.42	791.38
424.55	819.25
424.69	811.00
424.82	840.00
424.95	868.25
425.08	818.38
425.21	863.12
425.34	824.12
425.47	856.00
425.60	875.00
425.74	791.38
425.87	837.00
426.00	850.75
426.13	869.00
426.26	812.38
426.39	808.62
426.52	844.62
426.66	925.00
426.79	870.25
426.92	817.88
427.05	951.38
427.18	917.75
427.31	832.88
427.44	828.75
427.57	815.88
427.71	854.25
427.84	809.12
427.97	836.12
428.10	916.62
428.23	855.88
428.36	829.25
428.49	755.00
428.62	988.12
428.76	960.38
428.89	863.12
429.02	799.25
429.15	848.88
429.28	958.88
429.41	824.62
429.54	827.62
429.67	830.75
429.81	883.38
429.94	838.38
430.07	820.00
430.20	904.25
430.33	930.75
430.46	818.25
430.59	809.62
430.72	851.00
430.85	802.12
430.99	832.00
431.12	811.12
431.25	906.25
431.38	926.62
431.51	845.88
431.64	842.38
431.77	933.12
431.90	933.00
432.03	844.88
432.17	814.62
432.30	863.75
432.43	882.62
432.56	843.50
432.69	866.00
432.82	864.88
432.95	922.38
433.08	844.50
433.21	842.88
433.35	842.62
433.48	856.00
433.61	806.00
433.74	829.25
433.87	816.38
434.00	890.00
434.13	818.38
434.26	870.75
434.39	874.25
434.53	892.12
434.66	839.50
434.79	838.88
434.92	833.88
435.05	923.88
435.18	825.25
435.31	861.00
435.44	925.00
435.57	866.38
435.70	842.12
435.84	806.50
435.97	919.50
436.10	974.75
436.23	826.00
436.36	811.00
436.49	840.38
436.62	876.38
436.75	830.88
436.88	869.88
437.01	829.75
437.14	808.00
437.28	787.62
437.41	820.38
437.54	921.12
437.67	901.50
437.80	827.38
437.93	800.12
438.06	984.88
438.19	902.75
438.32	808.62
438.45	811.50
438.58	883.00
438.72	941.75
438.85	888.62
438.98	836.88
439.11	884.88
439.24	936.50
439.37	907.12
439.50	869.38
439.63	910.62
439.76	835.12
439.89	818.00
440.02	825.38
440.15	880.00
440.29	927.62
440.42	843.38
440.55	840.75
440.68	938.75
440.81	994.38
440.94	856.50
441.07	840.25
441.20	960.88
441.33	875.38
441.46	829.50
441.59	819.00
441.72	854.62
441.85	871.75
441.99	883.25
442.12	879.88
442.25	954.75
442.38	890.38
442.51	872.62
442.64	804.62
442.77	865.25
442.90	849.38
443.03	806.00
443.16	824.62
443.29	862.25
443.42	930.88
443.55	832.25
443.68	853.25
443.82	799.50
443.95	838.00
444.08	833.25
444.21	836.62
444.34	821.50
444.47	849.88
444.60	844.12
444.73	857.12
444.86	859.62
444.99	930.88
445.12	873.50
445.25	854.00
445.38	868.50
445.51	906.25
445.64	853.62
445.78	819.38
445.91	795.00
446.04	977.88
446.17	891.62
446.30	795.50
446.43	882.88
446.56	868.25
446.69	819.38
446.82	820.75
446.95	897.50
447.08	931.62
447.21	857.62
447.34	824.75
447.47	911.12
447.60	906.75
447.73	844.88
447.86	874.88
447.99	860.25
448.13	873.12
448.26	884.88
448.39	835.25
448.52	902.00
448.65	907.25
448.78	842.25
448.91	839.50
449.04	889.62
449.17	849.75
449.30	871.88
449.43	855.50
449.56	858.38
449.69	929.50
449.82	842.88
449.95	802.25
450.08	918.88
450.21	898.50
450.34	844.25
450.47	843.75
450.60	902.00
450.73	868.00
450.87	842.00
451.00	860.62
451.13	899.00
451.26	1031.00
451.39	841.38
451.52	869.50
451.65	852.38
451.78	843.88
451.91	828.12
452.04	819.88
452.17	947.12
452.30	947.50
452.43	830.88
452.56	831.62
452.69	916.00
452.82	824.12
452.95	884.50
453.08	820.50
453.21	781.88
453.34	913.38
453.47	827.00
453.60	900.50
453.73	962.12
453.86	899.38
453.99	870.38
454.12	862.12
454.25	852.88
454.38	878.75
454.52	815.25
454.65	827.38
454.78	833.88
454.91	799.38
455.04	822.75
455.17	808.75
455.30	833.12
455.43	935.25
455.56	840.25
455.69	805.88
455.82	886.75
455.95	876.00
456.08	813.25
456.21	803.38
456.34	796.38
456.47	790.62
456.60	833.62
456.73	822.62
456.86	859.38
456.99	891.75
457.12	819.00
457.25	835.50
457.38	924.00
457.51	895.75
457.64	860.50
457.77	828.50
457.90	850.38
458.03	843.25
458.16	843.00
458.29	846.75
458.42	854.12
458.55	799.75
458.68	815.12
458.81	847.38
458.94	930.38
459.07	973.00
459.20	808.75
459.33	819.75
459.46	927.00
459.59	963.88
459.72	920.38
459.85	846.75
459.98	940.12
460.11	895.62
460.24	850.38
460.37	809.88
460.50	904.00
460.63	870.88
460.76	839.12
460.89	860.62
461.02	887.88
461.15	902.62
461.28	851.62
461.41	834.25
461.54	949.50
461.67	822.50
461.80	864.25
461.93	897.25
462.06	888.00
462.19	920.25
462.32	840.75
462.45	822.75
462.58	891.00
462.71	840.62
462.84	840.88
462.97	784.38
463.10	856.88
463.23	872.62
463.36	885.50
463.49	853.38
463.62	805.00
463.75	888.12
463.88	834.62
464.01	853.00
464.14	820.62
464.27	962.00
464.40	848.38
464.53	841.75
464.66	899.38
464.79	883.00
464.92	858.75
465.05	815.75
465.18	859.88
465.31	866.12
465.44	845.12
465.57	827.62
465.70	849.62
465.83	986.00
465.96	856.25
466.09	827.38
466.22	912.38
466.35	894.25
466.48	834.25
466.61	834.00
466.74	856.50
466.87	912.12
467.00	886.00
467.13	877.12
467.26	910.88
467.39	813.50
467.52	810.12
467.65	846.38
467.78	937.50
467.91	870.62
468.04	855.75
468.17	830.38
468.30	847.00
468.43	821.50
468.56	830.12
468.69	877.88
468.82	900.38
468.95	826.00
469.08	844.38
469.21	851.75
469.34	905.25
469.47	979.50
469.60	940.38
469.73	857.62
469.86	880.62
469.99	917.62
470.11	827.88
470.24	837.75
470.37	910.12
470.50	870.62
470.63	837.00
470.76	854.12
470.89	906.88
471.02	990.38
471.15	845.12
471.28	847.25
471.41	977.38
471.54	900.88
471.67	843.25
471.80	793.38
471.93	914.62
472.06	888.12
472.19	846.00
472.32	822.00
472.45	981.25
472.58	926.12
472.71	868.12
472.84	837.62
472.97	840.50
473.10	826.75
473.23	904.00
473.36	806.38
473.49	930.75
473.62	916.75
473.74	884.62
473.87	897.62
474.00	840.00
474.13	843.62
474.26	874.50
474.39	893.12
474.52	867.75
474.65	852.25
474.78	863.25
474.91	814.50
475.04	896.38
475.17	998.25
475.30	888.88
475.43	885.00
475.56	928.50
475.69	873.88
475.82	884.00
475.95	834.75
476.08	952.75
476.21	882.00
476.34	911.00
476.46	901.50
476.59	941.38
476.72	863.00
476.85	853.00
476.98	825.00
477.11	931.88
477.24	880.88
477.37	808.88
477.50	842.50
477.63	882.00
477.76	839.75
477.89	800.50
478.02	823.12
478.15	869.88
478.28	864.00
478.41	888.38
478.54	850.00
478.66	920.62
478.79	863.00
478.92	851.50
479.05	866.62
479.18	879.25
479.31	850.00
479.44	840.50
479.57	839.38
479.70	859.38
479.83	885.50
479.96	855.12
480.09	887.25
480.22	1018.25
480.35	1003.00
480.48	925.00
480.60	883.25
480.73	860.88
480.86	906.75
480.99	864.00
481.12	861.00
481.25	887.00
481.38	949.75
481.51	861.62
481.64	871.88
481.77	906.62
481.90	876.75
482.03	861.38
482.16	858.12
482.29	947.88
482.41	887.75
482.54	899.12
482.67	850.38
482.80	885.88
482.93	937.12
483.06	845.38
483.19	930.75
483.32	914.38
483.45	881.88
483.58	883.88
483.71	898.50
483.84	932.62
483.97	915.12
484.09	881.50
484.22	863.12
484.35	855.00
484.48	828.75
484.61	849.62
484.74	864.25
484.87	907.50
485.00	845.25
485.13	893.12
485.26	839.25
485.39	918.25
485.52	882.12
485.64	945.00
485.77	902.38
485.90	956.12
486.03	848.88
486.16	897.00
486.29	845.25
486.42	878.00
486.55	900.25
486.68	870.38
486.81	901.38
486.94	901.62
487.06	878.00
487.19	911.62
487.32	903.25
487.45	899.75
487.58	875.38
487.71	886.62
487.84	846.12
487.97	929.75
488.10	947.62
488.23	867.88
488.35	828.25
488.48	884.75
488.61	845.75
488.74	861.50
488.87	861.88
489.00	906.62
489.13	996.38
489.26	914.50
489.39	923.00
489.52	937.75
489.64	926.12
489.77	894.62
489.90	892.75
490.03	892.50
490.16	879.50
490.29	869.00
490.42	867.38
490.55	902.38
490.68	862.62
490.81	868.88
490.93	835.62
491.06	965.50
491.19	921.88
491.32	896.25
491.45	914.12
491.58	844.38
491.71	890.38
491.84	869.12
491.97	869.12
492.09	964.38
492.22	922.00
492.35	902.00
492.48	926.00
492.61	911.50
492.74	896.00
492.87	906.38
493.00	881.88
493.12	870.75
493.25	899.00
493.38	881.50
493.51	862.00
493.64	854.88
493.77	898.00
493.90	908.62
494.03	913.00
494.16	964.88
494.28	971.12
494.41	881.50
494.54	885.25
494.67	1021.50
494.80	979.50
494.93	898.75
495.06	909.00
495.19	933.38
495.31	906.75
495.44	880.00
495.57	860.50
495.70	928.25
495.83	895.75
495.96	856.12
496.09	901.62
496.22	981.75
496.34	1010.88
496.47	891.12
496.60	914.00
496.73	951.62
496.86	947.50
496.99	865.75
497.12	901.50
497.24	839.88
497.37	906.00
497.50	880.75
497.63	867.25
497.76	899.88
497.89	975.38
498.02	927.38
498.15	815.50
498.27	907.75
498.40	968.12
498.53	975.75
498.66	905.50
498.79	959.38
498.92	862.62
499.05	908.12
499.17	900.38
499.30	934.12
499.43	1000.50
499.56	920.75
499.69	850.50
499.82	924.25
499.95	889.25
500.07	868.25
500.20	893.75
500.33	947.50
500.46	1063.88
500.59	904.88
500.72	919.50
500.85	971.88
500.97	959.50
501.10	950.62
501.23	869.50
501.36	914.88
501.49	986.12
501.62	926.12
501.75	906.62
501.87	963.25
502.00	858.12
502.13	919.00
502.26	911.12
502.39	892.12
502.52	901.38
502.64	859.00
502.77	881.75
502.90	943.75
503.03	921.50
503.16	885.88
503.29	881.50
503.42	963.12
503.54	921.12
503.67	901.25
503.80	913.62
503.93	964.12
504.06	876.38
504.19	901.12
504.31	960.75
504.44	924.62
504.57	938.75
504.70	914.12
504.83	867.75
504.96	940.00
505.08	916.38
505.21	912.88
505.34	1017.50
505.47	984.38
505.60	958.50
505.73	959.75
505.85	950.62
505.98	1057.62
506.11	913.25
506.24	881.50
506.37	873.00
506.50	925.12
506.62	969.25
506.75	892.88
506.88	885.88
507.01	935.50
507.14	869.88
507.27	904.88
507.39	880.38
507.52	893.38
507.65	900.00
507.78	915.00
507.91	881.62
508.04	982.88
508.16	978.12
508.29	921.12
508.42	900.00
508.55	888.88
508.68	895.50
508.81	949.88
508.93	891.25
509.06	906.25
509.19	959.00
509.32	934.88
509.45	919.88
509.57	942.12
509.70	894.25
509.83	913.25
509.96	873.62
510.09	925.50
510.22	913.50
510.34	915.88
510.47	909.62
510.60	1032.38
510.73	945.25
510.86	940.50
510.98	907.75
511.11	903.88
511.24	977.12
511.37	939.25
511.50	901.12
511.63	935.62
511.75	937.88
511.88	911.38
512.01	941.12
512.14	935.00
512.27	935.38
512.39	914.50
512.52	902.62
512.65	935.12
512.78	895.38
512.91	919.50
513.03	921.88
513.16	969.12
513.29	943.38
513.42	912.12
513.55	877.12
513.67	944.88
513.80	871.50
513.93	900.00
514.06	905.25
514.19	944.12
514.31	940.38
514.44	964.50
514.57	920.75
514.70	934.75
514.83	984.25
514.95	903.75
515.08	929.50
515.21	954.38
515.34	935.62
515.47	926.25
515.59	895.25
515.72	953.88
515.85	960.00
515.98	980.25
516.11	930.75
516.23	972.88
516.36	1006.00
516.49	953.88
516.62	934.00
516.75	1000.50
516.87	998.12
517.00	901.38
517.13	944.50
517.26	993.12
517.39	959.62
517.51	871.12
517.64	923.62
517.77	1014.62
517.90	895.50
518.02	914.62
518.15	888.38
518.28	849.62
518.41	932.62
518.54	921.62
518.66	936.62
518.79	893.88
518.92	915.88
519.05	893.62
519.18	913.50
519.30	970.00
519.43	895.62
519.56	903.75
519.69	912.75
519.81	979.38
519.94	923.88
520.07	864.25
520.20	909.75
520.33	938.88
520.45	1008.88
520.58	933.38
520.71	940.38
520.84	988.25
520.96	952.12
521.09	920.00
521.22	894.25
521.35	968.25
521.48	969.50
521.60	902.00
521.73	928.62
521.86	999.12
521.99	1033.25
522.11	946.00
522.24	923.25
522.37	967.50
522.50	951.25
522.62	998.62
522.75	881.62
522.88	945.88
523.01	917.25
523.14	945.00
523.26	932.38
523.39	1019.12
523.52	916.88
523.65	1034.25
523.77	966.88
523.90	946.25
524.03	931.38
524.16	925.88
524.28	918.50
524.41	934.00
524.54	935.25
524.67	894.88
524.79	913.00
524.92	966.75
525.05	1018.88
525.18	901.12
525.31	979.75
525.43	901.50
525.56	1067.50
525.69	917.50
525.82	870.50
525.94	988.38
526.07	990.50
526.20	962.38
526.33	972.00
526.45	1074.00
526.58	1049.38
526.71	952.12
526.84	931.62
526.96	958.00
527.09	922.25
527.22	928.62
527.35	923.12
527.47	898.00
527.60	1022.00
527.73	903.38
527.86	958.75
527.98	966.38
528.11	979.12
528.24	895.88
528.37	918.25
528.49	892.00
528.62	946.50
528.75	971.25
528.88	907.50
529.00	974.25
529.13	999.12
529.26	938.75
529.39	975.62
529.51	1086.38
529.64	1051.88
529.77	918.50
529.90	921.12
530.02	934.38
530.15	918.62
530.28	870.88
530.40	909.62
530.53	935.38
530.66	971.00
530.79	930.75
530.91	938.12
531.04	920.88
531.17	949.50
531.30	930.25
531.42	935.75
531.55	955.00
531.68	1021.88
531.81	917.12
531.93	938.00
532.06	957.75
532.19	903.12
532.31	931.50
532.44	935.88
532.57	974.25
532.70	921.62
532.82	941.25
532.95	964.50
533.08	1017.50
533.21	987.12
533.33	912.38
533.46	916.62
533.59	939.25
533.71	1058.25
533.84	950.25
533.97	923.38
534.10	924.62
534.22	921.00
534.35	944.00
534.48	950.75
534.61	979.50
534.73	887.88
534.86	920.88
534.99	946.38
535.11	1010.12
535.24	965.88
535.37	919.38
535.50	904.75
535.62	914.25
535.75	1014.88
535.88	945.00
536.00	919.38
536.13	937.25
536.26	936.75
536.39	920.62
536.51	892.50
536.64	970.38
536.77	957.12
536.89	944.62
537.02	952.38
537.15	977.12
537.28	952.38
537.40	955.00
537.53	923.50
537.66	1003.88
537.78	966.38
537.91	907.62
538.04	927.62
538.17	994.88
538.29	974.62
538.42	1017.25
538.55	1001.50
538.67	992.25
538.80	933.75
538.93	955.75
539.05	946.00
539.18	1026.75
539.31	993.38
539.44	953.12
539.56	871.50
539.69	944.62
539.82	933.25
539.94	909.62
540.07	912.50
540.20	1024.88
540.32	922.75
540.45	933.25
540.58	935.75
540.71	1003.12
540.83	905.12
540.96	929.50
541.09	940.00
541.21	1043.38
541.34	1025.62
541.47	915.25
541.59	943.75
541.72	1036.25
541.85	1107.00
541.98	1001.62
542.10	939.75
542.23	978.75
542.36	1083.75
542.48	970.12
542.61	952.75
542.74	922.88
542.86	939.38
542.99	945.50
543.12	925.25
543.24	974.88
543.37	903.38
543.50	943.50
543.62	923.38
543.75	946.12
543.88	936.50
544.01	961.12
544.13	975.50
544.26	991.88
544.39	929.50
544.51	924.25
544.64	909.62
544.77	988.50
544.89	947.25
545.02	954.62
545.15	932.88
545.27	1050.75
545.40	1016.50
545.53	983.38
545.65	976.00
545.78	885.25
545.91	914.75
546.03	936.62
546.16	951.12
546.29	946.12
546.41	917.38
546.54	934.88
546.67	920.38
546.79	998.88
546.92	1041.50
547.05	903.12
547.17	954.50
547.30	931.38
547.43	994.75
547.56	922.88
547.68	938.75
547.81	912.25
547.94	984.88
548.06	945.38
548.19	922.88
548.32	1025.12
548.44	971.25
548.57	977.38
548.70	993.38
548.82	1009.75
548.95	990.62
549.08	952.50
549.20	940.00
549.33	1049.88
549.45	970.25
549.58	946.00
549.71	912.12
549.83	1020.62
549.96	919.25
550.09	953.00
550.21	937.62
550.34	983.25
550.47	953.88
550.59	945.12
550.72	884.38
550.85	958.88
550.97	1031.75
551.10	942.00
551.23	946.62
551.35	1038.50
551.48	981.25
551.61	954.25
551.73	947.00
551.86	1039.75
551.99	1036.00
552.11	958.62
552.24	987.88
552.37	968.00
552.49	934.75
552.62	950.62
552.75	994.12
552.87	948.25
553.00	947.12
553.12	973.12
553.25	951.38
553.38	990.50
553.50	1019.62
553.63	950.62
553.76	896.12
553.88	963.88
554.01	957.50
554.14	956.25
554.26	979.62
554.39	1053.62
554.52	972.62
554.64	963.38
554.77	948.50
554.89	1003.50
555.02	1019.88
555.15	973.50
555.27	961.38
555.40	970.25
555.53	1039.75
555.65	957.00
555.78	923.88
555.91	1008.88
556.03	1053.75
556.16	931.88
556.29	978.62
556.41	1044.25
556.54	1038.00
556.66	962.12
556.79	941.62
556.92	981.62
557.04	987.38
557.17	952.25
557.30	943.12
557.42	963.62
557.55	961.62
557.67	983.50
557.80	957.75
557.93	971.38
558.05	978.50
558.18	926.38
558.31	964.88
558.43	1028.25
558.56	994.50
558.68	966.38
558.81	930.50
558.94	961.38
559.06	1093.25
559.19	953.38
559.32	961.50
559.44	933.00
559.57	969.88
559.69	940.88
559.82	937.62
559.95	955.88
560.07	957.88
560.20	892.12
560.33	961.88
560.45	987.00
560.58	910.75
560.70	966.12
560.83	928.88
560.96	954.38
561.08	969.25
561.21	997.12
561.33	935.25
561.46	919.62
561.59	1018.00
561.71	946.25
561.84	974.12
561.97	935.25
562.09	1010.50
562.22	946.12
562.34	937.25
562.47	1012.88
562.60	995.25
562.72	966.75
562.85	971.50
562.97	970.62
563.10	959.00
563.23	933.75
563.35	941.88
563.48	998.62
563.60	981.88
563.73	984.50
563.86	918.62
563.98	949.50
564.11	976.88
564.23	965.62
564.36	1034.88
564.49	975.62
564.61	1042.50
564.74	984.00
564.86	947.00
564.99	1027.38
565.12	1021.12
565.24	1020.25
565.37	1011.75
565.49	1034.25
565.62	1053.38
565.75	1004.25
565.87	937.12
566.00	1126.38
566.12	1055.12
566.25	983.00
566.38	1000.62
566.50	990.62
566.63	1041.38
566.75	970.88
566.88	948.00
567.01	940.38
567.13	968.75
567.26	967.62
567.38	953.00
567.51	1025.88
567.64	961.62
567.76	996.12
567.89	985.62
568.01	949.00
568.14	935.88
568.26	977.25
568.39	975.25
568.52	979.25
568.64	1019.00
568.77	964.75
568.89	954.00
569.02	959.62
569.15	976.38
569.27	959.62
569.40	998.25
569.52	1017.75
569.65	958.88
569.77	968.62
569.90	938.00
570.03	926.25
570.15	1059.62
570.28	975.25
570.40	978.50
570.53	970.25
570.66	1057.25
570.78	1023.75
570.91	986.38
571.03	943.75
571.16	989.88
571.28	933.88
571.41	917.62
571.54	924.62
571.66	920.12
571.79	952.88
571.91	949.50
572.04	930.62
572.16	997.00
572.29	1014.25
572.42	958.12
572.54	1001.12
572.67	958.75
572.79	994.12
572.92	966.00
573.04	1001.75
573.17	1034.62
573.29	988.12
573.42	968.00
573.55	1024.25
573.67	1011.38
573.80	977.88
573.92	943.88
574.05	992.38
574.17	1046.00
574.30	973.12
574.43	962.38
574.55	961.62
574.68	991.88
574.80	967.00
574.93	963.00
575.05	948.62
575.18	964.88
575.30	975.00
575.43	1012.62
575.56	1045.25
575.68	1012.50
575.81	967.25
575.93	946.88
576.06	1014.38
576.18	1029.88
576.31	981.75
576.43	947.75
576.56	1091.12
576.69	1042.62
576.81	998.25
576.94	974.75
577.06	990.88
577.19	1024.62
577.31	996.12
577.44	1001.50
577.56	1035.50
577.69	1004.38
577.82	1006.38
577.94	952.00
578.07	930.12
578.19	1010.12
578.32	1009.62
578.44	963.12
578.57	978.75
578.69	1043.38
578.82	988.12
578.94	1020.00
579.07	1036.75
579.19	1028.75
579.32	1000.38
579.45	997.62
579.57	982.38
579.70	947.25
579.82	994.75
579.95	972.88
580.07	1062.25
580.20	986.12
580.32	980.62
580.45	1021.12
580.57	1033.50
580.70	1030.38
580.82	1000.12
580.95	1020.00
581.08	954.50
581.20	1050.75
581.33	976.50
581.45	992.75
581.58	1007.50
581.70	1023.62
581.83	912.50
581.95	996.88
582.08	1020.00
582.20	979.75
582.33	975.50
582.45	965.25
582.58	985.75
582.70	1019.88
582.83	956.25
582.95	981.38
583.08	1038.75
583.21	1045.50
583.33	994.12
583.46	960.38
583.58	948.62
583.71	1036.25
583.83	1008.62
583.96	1013.62
584.08	1037.25
584.21	1033.38
584.33	1017.25
584.46	983.50
584.58	953.38
584.71	1031.00
584.83	1023.62
584.96	988.00
585.08	970.38
585.21	1103.38
585.33	1063.62
585.46	1017.25
585.58	1045.38
585.71	976.62
585.83	996.75
585.96	1026.88
586.08	1017.25
586.21	1021.00
586.33	1030.25
586.46	953.25
586.59	1030.88
586.71	972.12
586.84	1014.50
586.96	995.12
587.09	939.38
587.21	990.12
587.34	1028.00
587.46	970.50
587.59	942.50
587.71	987.75
587.84	976.12
587.96	936.62
588.09	952.62
588.21	1023.00
588.34	969.12
588.46	996.25
588.59	975.00
588.71	1015.50
588.84	1006.38
588.96	987.38
589.09	1100.75
589.21	999.50
589.34	969.50
589.46	983.88
589.59	1009.50
589.71	1062.25
589.84	958.12
589.96	974.75
590.09	997.25
590.21	1039.88
590.34	1006.50
590.46	1005.62
590.59	978.00
590.71	992.62
590.84	1034.50
590.96	967.62
591.09	1027.38
591.21	1006.12
591.34	982.25
591.46	981.88
591.59	1065.75
591.71	1036.88
591.83	990.12
591.96	944.12
592.08	981.62
592.21	1032.25
592.33	1002.88
592.46	993.00
592.58	1022.00
592.71	1045.25
592.83	1096.12
592.96	1043.62
593.08	1063.38
593.21	968.00
593.33	953.62
593.46	989.75
593.58	993.88
593.71	1044.88
593.83	1045.88
593.96	964.62
594.08	1127.62
594.21	999.62
594.33	979.25
594.46	969.25
594.58	950.12
594.71	928.00
594.83	995.75
594.96	990.75
595.08	1174.50
595.20	1049.25
595.33	1005.25
595.45	966.25
595.58	1098.75
595.70	1021.38
595.83	983.75
595.95	994.50
596.08	1010.88
596.20	959.25
596.33	950.75
596.45	990.62
596.58	976.62
596.70	959.88
596.83	982.38
596.95	982.38
597.08	1013.75
597.20	960.00
597.32	973.75
597.45	1008.12
597.57	993.50
597.70	1044.25
597.82	990.25
597.95	996.50
598.07	1006.00
598.20	1011.00
598.32	999.50
598.45	982.75
598.57	1051.62
598.70	1081.38
598.82	989.75
598.94	980.00
599.07	1050.75
599.19	1001.00
599.32	977.62
599.44	910.62
599.57	1048.50
599.69	1022.25
599.82	994.75
599.94	966.12
600.07	1061.75
600.19	1032.62
600.31	974.00
600.44	1032.62
600.56	1127.25
600.69	1113.12
600.81	987.62
600.94	992.75
601.06	1022.38
601.19	1039.25
601.31	1043.75
601.44	954.75
601.56	1070.00
601.68	1046.88
601.81	1024.75
601.93	1012.75
602.06	1045.12
602.18	980.62
602.31	987.38
602.43	1064.88
602.56	1049.00
602.68	1011.50
602.80	997.38
602.93	1021.25
603.05	981.38
603.18	1028.75
603.30	975.75
603.43	974.75
603.55	1013.12
603.68	1030.75
603.80	1019.12
603.92	1010.38
604.05	987.25
604.17	990.88
604.30	974.12
604.42	991.00
604.55	1002.38
604.67	1045.00
604.79	990.25
604.92	1002.88
605.04	1001.12
605.17	1002.38
605.29	981.38
605.42	980.62
605.54	1083.75
605.66	1028.00
605.79	1020.00
605.91	1004.62
606.04	1008.50
606.16	991.50
606.29	1012.88
606.41	966.50
606.53	1005.38
606.66	959.12
606.78	999.62
606.91	990.88
607.03	999.00
607.16	994.12
607.28	972.62
607.40	1012.12
607.53	1035.12
607.65	974.12
607.78	978.62
607.90	1008.50
608.03	1126.50
608.15	1025.25
608.27	1030.25
608.40	964.75
608.52	1032.00
608.65	1015.25
608.77	1042.50
608.89	1006.75
609.02	1096.00
609.14	1103.50
609.27	1032.75
609.39	1044.62
609.52	993.00
609.64	948.50
609.76	982.50
609.89	997.75
610.01	1080.62
610.14	1048.00
610.26	1009.50
610.38	981.25
610.51	1063.12
610.63	1006.50
610.76	972.75
610.88	1031.00
611.01	1075.50
611.13	1126.38
611.25	1048.25
611.38	976.38
611.50	1012.62
611.63	1043.75
611.75	1014.88
611.87	1020.25
612.00	1000.88
612.12	1071.75
612.25	1003.12
612.37	983.62
612.49	1089.38
612.62	1071.62
612.74	1078.00
612.87	1014.38
612.99	1016.25
613.11	960.25
613.24	997.62
613.36	997.25
613.49	1026.62
613.61	1027.38
613.73	991.00
613.86	1046.88
613.98	983.75
614.11	1062.75
614.23	1046.50
614.35	1049.88
614.48	1063.75
614.60	1036.50
614.72	1006.88
614.85	1028.50
614.97	1024.75
615.10	1035.62
615.22	997.25
615.34	1016.25
615.47	1078.00
615.59	997.88
615.72	1009.62
615.84	1031.00
615.96	993.62
616.09	1113.62
616.21	1007.12
616.34	988.88
616.46	1009.75
616.58	1051.25
616.71	1041.00
616.83	1056.62
616.95	1055.75
617.08	1061.50
617.20	1022.38
617.33	979.75
617.45	1017.50
617.57	1047.88
617.70	1032.00
617.82	991.88
617.95	1033.50
618.07	1094.12
618.19	1033.62
618.32	1026.62
618.44	999.88
618.56	982.12
618.69	959.88
618.81	961.88
618.94	1060.88
619.06	1023.75
619.18	1014.00
619.31	970.25
619.43	984.25
619.55	1039.38
619.68	1041.75
619.80	978.38
619.92	1046.12
620.05	1167.62
620.17	1072.75
620.30	1014.38
620.42	1043.50
620.54	1076.25
620.67	1000.12
620.79	1017.00
620.91	1043.62
621.04	1094.88
621.16	1013.00
621.29	998.75
621.41	970.25
621.53	1009.62
621.66	1009.25
621.78	998.00
621.90	1070.62
622.03	1136.88
622.15	1020.00
622.27	1010.75
622.40	1027.38
622.52	1004.50
622.64	997.12
622.77	973.25
622.89	1044.12
623.02	1071.75
623.14	1038.62
623.26	1051.50
623.39	1061.12
623.51	1083.50
623.63	1018.62
623.76	982.62
623.88	1090.75
624.00	1031.88
624.13	989.00
624.25	987.38
624.37	986.38
624.50	1072.62
624.62	1042.38
624.75	983.38
624.87	987.50
624.99	1055.88
625.12	995.62
625.24	1004.50
625.36	1111.75
625.49	1058.88
625.61	1036.38
625.73	1032.12
625.86	1078.12
625.98	1030.88
626.10	985.75
626.23	967.75
626.35	1051.38
626.47	1015.12
626.60	985.25
626.72	995.12
626.84	998.75
626.97	1049.50
627.09	1020.75
627.21	1021.38
627.34	1143.12
627.46	1128.00
627.58	1015.12
627.71	1035.88
627.83	1059.00
627.95	992.38
628.08	1015.50
628.20	1063.25
628.32	973.25
628.45	949.00
628.57	955.88
628.69	984.12
628.82	1051.25
628.94	1094.62
629.06	1022.38
629.19	1004.00
629.31	1067.62
629.43	994.12
629.56	1037.62
629.68	1025.25
629.80	1080.50
629.93	993.00
630.05	986.12
630.17	985.00
630.30	1020.25
630.42	1002.62
630.54	1049.12
630.67	1026.12
630.79	1004.12
630.91	1155.25
631.04	1041.38
631.16	1044.75
631.28	1043.38
631.41	1004.62
631.53	986.00
631.65	1019.88
631.78	1052.75
631.90	1040.12
632.02	1018.75
632.14	941.88
632.27	1096.00
632.39	1036.00
632.51	1000.25
632.64	1061.50
632.76	1033.25
632.88	1016.25
633.01	1038.88
633.13	1011.75
633.25	1039.75
633.38	1146.12
633.50	971.38
633.62	963.38
633.75	973.50
633.87	964.00
633.99	1039.75
634.11	975.88
634.24	1012.25
634.36	1028.12
634.48	1018.50
634.61	996.12
634.73	1054.75
634.85	1009.25
634.98	997.88
635.10	997.75
635.22	1027.12
635.35	1158.12
635.47	1037.12
635.59	1012.88
635.71	1051.25
635.84	1083.88
635.96	1008.50
636.08	1057.75
636.21	1007.62
636.33	1048.12
636.45	1024.50
636.58	1004.38
636.70	975.25
636.82	1063.75
636.94	1007.25
637.07	966.62
637.19	1065.62
637.31	1059.62
637.44	1039.75
637.56	971.50
637.68	1046.00
637.81	1057.00
637.93	1031.62
638.05	986.75
638.17	1088.12
638.30	1164.88
638.42	1016.50
638.54	989.62
638.67	1017.12
638.79	1029.62
638.91	994.12
639.03	1006.25
639.16	1014.50
639.28	1030.38
639.40	1037.62
639.53	1002.12
639.65	1065.12
639.77	1027.50
639.89	1039.75
640.02	1022.12
640.14	1034.38
640.26	994.38
640.39	1061.50
640.51	1001.50
640.63	1057.00
640.75	1088.75
640.88	1023.12
641.00	1006.50
641.12	1002.75
641.24	1114.88
641.37	1014.38
641.49	989.25
641.61	1149.88
641.74	1012.50
641.86	1041.75
641.98	984.00
642.10	1052.38
642.23	1060.88
642.35	1015.12
642.47	1036.25
642.60	1042.12
642.72	1072.00
642.84	973.38
642.96	986.62
643.09	991.88
643.21	995.75
643.33	992.38
643.45	990.00
643.58	1076.12
643.70	1106.00
643.82	1009.38
643.94	1015.25
644.07	1044.25
644.19	1050.38
644.31	1029.12
644.44	1021.00
644.56	1027.25
644.68	999.25
644.80	990.38
644.93	982.25
645.05	999.38
645.17	1036.62
645.29	1033.62
645.42	1037.75
645.54	1031.50
645.66	1058.75
645.78	1014.88
645.91	1008.00
646.03	1060.00
646.15	1118.62
646.27	1010.50
646.40	1035.38
646.52	1066.62
646.64	1083.00
646.76	1021.38
646.89	976.75
647.01	1069.88
647.13	1056.62
647.25	1068.12
647.38	1020.62
647.50	1003.50
647.62	1073.62
647.74	980.38
647.87	987.12
647.99	1046.50
648.11	1064.88
648.23	1023.38
648.36	962.50
648.48	1099.88
648.60	1049.00
648.72	997.88
648.85	987.62
648.97	1084.00
649.09	1061.00
649.21	1003.75
649.34	1043.38
649.46	1061.38
649.58	1053.50
649.70	1060.12
649.83	1010.00
649.95	1092.50
650.07	1074.50
650.19	1080.62
650.32	1035.25
650.44	1089.75
650.56	1063.12
650.68	1017.00
650.81	1010.88
650.93	1022.25
651.05	1105.88
651.17	997.88
651.29	1046.25
651.42	1031.00
651.54	1066.38
651.66	997.75
651.78	1000.62
651.91	1073.12
652.03	1166.25
652.15	1055.25
652.27	1007.00
652.40	1053.62
652.52	1035.88
652.64	1040.62
652.76	1016.62
652.88	1145.62
653.01	1052.75
653.13	997.75
653.25	956.62
653.37	1070.00
653.50	1088.12
653.62	1053.62
653.74	987.75
653.86	1086.12
653.98	1079.25
654.11	1003.50
654.23	1021.12
654.35	1021.38
654.47	1165.38
654.60	1023.00
654.72	1026.62
654.84	999.38
654.96	1090.50
655.08	1017.38
655.21	1052.88
655.33	1032.38
655.45	1097.12
655.57	1050.50
655.70	1030.50
655.82	1089.62
655.94	1133.12
656.06	1071.88
656.18	997.25
656.31	1105.12
656.43	1078.62
656.55	1006.25
656.67	1028.25
656.79	1047.62
656.92	1104.62
657.04	1056.38
657.16	1019.25
657.28	1170.25
657.40	1067.62
657.53	1076.88
657.65	1030.38
657.77	1106.38
657.89	1099.25
658.01	1030.25
658.14	996.50
658.26	1078.00
658.38	1030.50
658.50	993.75
658.62	990.12
658.75	1181.75
658.87	1096.12
658.99	1065.88
659.11	1008.75
659.23	1094.50
659.36	1155.88
659.48	1087.50
659.60	1053.38
659.72	1059.88
659.84	1056.38
659.97	1065.50
660.09	1072.62
660.21	1163.88
660.33	1105.12
660.45	988.50
660.58	960.75
660.70	1015.38
660.82	1044.12
660.94	998.38
661.06	1033.88
661.19	1114.38
661.31	1088.88
661.43	1037.88
661.55	1030.75
661.67	1093.88
661.80	1123.62
661.92	1046.25
662.04	1049.38
662.16	1056.38
662.28	1110.75
662.40	1046.25
662.53	1043.38
662.65	1078.88
662.77	1026.75
662.89	1054.12
663.01	1026.88
663.14	1049.50
663.26	1073.38
663.38	1045.75
663.50	1011.88
663.62	1027.75
663.74	1052.38
663.87	1022.38
663.99	1055.50
664.11	1072.00
664.23	1182.88
664.35	1041.38
664.48	1033.75
664.60	1051.75
664.72	1038.88
664.84	1008.88
664.96	1033.50
665.08	1109.88
665.21	1079.50
665.33	1079.38
665.45	993.88
665.57	1048.75
665.69	1137.00
665.81	1045.25
665.94	1008.12
666.06	1022.88
666.18	1079.88
666.30	1027.38
666.42	1021.00
666.54	1070.25
666.67	1086.62
666.79	1020.38
666.91	1075.25
667.03	1046.62
667.15	1011.12
667.27	1045.25
667.40	1017.38
667.52	1044.00
667.64	1102.88
667.76	1030.00
667.88	997.62
668.00	1094.12
668.13	1096.25
668.25	1019.75
668.37	1017.88
668.49	1042.62
668.61	1109.38
668.73	1041.50
668.85	1056.50
668.98	1080.38
669.10	1068.75
669.22	1038.50
669.34	1035.50
669.46	1095.62
669.58	1037.50
669.71	1054.50
669.83	1043.38
669.95	1045.75
670.07	1064.38
670.19	1034.50
670.31	1038.62
670.43	1040.00
670.56	1076.12
670.68	1095.00
670.80	1059.75
670.92	1071.62
671.04	1129.25
671.16	1032.50
671.28	1031.88
671.41	1042.75
671.53	1096.25
671.65	1042.38
671.77	1039.12
671.89	1218.50
672.01	1165.12
672.13	1096.62
672.26	1026.75
672.38	1073.38
672.50	1031.88
672.62	1041.50
672.74	1063.75
672.86	1054.62
672.98	1077.88
673.11	1051.00
673.23	1066.38
673.35	1124.25
673.47	1063.50
673.59	1056.38
673.71	1010.38
673.83	1097.38
673.96	1187.88
674.08	1056.00
674.20	1016.62
674.32	1054.75
674.44	1071.12
674.56	1072.62
674.68	1069.38
674.80	1108.50
674.93	1075.50
675.05	1044.75
675.17	1058.50
675.29	1117.12
675.41	1117.38
675.53	1056.00
675.65	1058.38
675.77	1060.38
675.90	1123.00
676.02	1028.38
676.14	1026.62
676.26	1143.38
676.38	1180.00
676.50	1062.00
676.62	1087.12
676.74	1033.00
676.87	1048.50
676.99	1066.75
677.11	1111.50
677.23	1087.12
677.35	1100.12
677.47	1010.62
677.59	1032.50
677.71	1093.00
677.83	1102.12
677.96	1058.75
678.08	1055.50
678.20	1066.88
678.32	1031.12
678.44	1055.12
678.56	1054.88
678.68	1217.75
678.80	1120.50
678.93	1052.62
679.05	1058.75
679.17	1074.88
679.29	1126.75
679.41	1063.62
679.53	1029.38
679.65	1043.12
679.77	1078.00
679.89	1045.75
680.01	1093.75
680.14	1104.50
680.26	1005.75
680.38	1045.50
680.50	1088.12
680.62	1161.88
680.74	1100.38
680.86	1062.12
680.98	1076.38
681.10	1100.88
681.22	1197.75
681.35	1053.25
681.47	1054.12
681.59	1040.38
681.71	1164.50
681.83	1062.62
681.95	1029.25
682.07	1137.62
682.19	1097.25
682.31	1055.88
682.43	1025.12
682.56	1115.38
682.68	1026.00
682.80	1032.50
682.92	1081.75
683.04	1074.50
683.16	1062.50
683.28	1035.12
683.40	1093.38
683.52	1076.00
683.64	1096.25
683.76	1028.88
683.89	1049.88
684.01	1073.25
684.13	1140.88
684.25	1064.00
684.37	1078.75
684.49	1113.75
684.61	1066.00
684.73	1067.00
684.85	1060.62
684.97	1039.50
685.09	1141.25
685.21	1036.25
685.34	1068.88
685.46	1206.62
685.58	1099.50
685.70	1084.00
685.82	1104.62
685.94	1045.38
686.06	1043.12
686.18	1039.75
686.30	1062.12
686.42	1032.88
686.54	1109.62
686.66	1036.75
686.79	1145.62
686.91	1093.25
687.03	1194.75
687.15	1106.25
687.27	1073.62
687.39	1073.88
687.51	1159.25
687.63	1087.75
687.75	1123.25
687.87	1108.88
687.99	1159.88
688.11	1038.50
688.23	1086.88
688.35	1128.75
688.48	1117.62
688.60	1039.00
688.72	1052.75
688.84	1096.88
688.96	1125.88
689.08	1080.75
689.20	1061.62
689.32	1205.75
689.44	1097.12
689.56	1026.88
689.68	1043.62
689.80	1069.75
689.92	1047.38
690.04	1050.00
690.16	1110.00
690.28	1099.38
690.41	1103.62
690.53	1049.75
690.65	1110.12
690.77	1149.88
690.89	1134.12
691.01	1077.38
691.13	1050.12
691.25	1036.12
691.37	1073.38
691.49	1027.25
691.61	1033.25
691.73	1172.88
691.85	1088.12
691.97	1061.38
692.09	1045.50
692.21	1137.00
692.33	1166.62
692.45	1085.12
692.57	1056.25
692.70	1088.62
692.82	1115.62
692.94	1023.88
693.06	1051.50
693.18	1087.50
693.30	1071.00
693.42	1048.38
693.54	1080.25
693.66	1105.75
693.78	1119.00
693.90	1061.00
694.02	1076.62
694.14	1113.62
694.26	1071.25
694.38	1090.88
694.50	1085.38
694.62	1103.88
694.74	1048.38
694.86	1047.50
694.98	1088.88
695.10	1101.38
695.22	1134.12
695.34	1052.25
695.46	1050.12
695.58	1066.25
695.71	1103.62
695.83	1055.75
695.95	1059.75
696.07	1157.75
696.19	1050.88
696.31	1058.00
696.43	1038.38
696.55	1178.62
696.67	1106.88
696.79	1060.12
696.91	1078.62
697.03	1070.75
697.15	1179.75
697.27	1092.38
697.39	1060.88
697.51	1123.62
697.63	1059.50
697.75	1052.88
697.87	1086.62
697.99	1029.00
698.11	1011.00
698.23	1046.12
698.35	1058.12
698.47	1060.00
698.59	1092.00
698.71	1069.38
698.83	1125.00
698.95	1051.88
699.07	1100.38
699.19	1060.75
699.31	1076.75
699.43	1057.75
699.55	1118.38
699.67	1069.88
699.79	1062.88
699.91	1066.38
700.03	1090.00
700.15	1083.00
700.27	1048.00
700.39	1087.50
700.51	1038.38
700.63	1063.12
700.75	1063.88
700.87	1104.38
700.99	1071.50
701.11	1106.50
701.24	1076.50
701.36	1134.75
701.48	1130.88
701.60	1116.75
701.72	1059.75
701.84	1160.25
701.96	1114.00
702.08	1083.50
702.20	1172.50
702.32	1123.75
702.44	1127.12
702.56	1073.12
702.68	1080.88
702.80	1101.75
702.92	1197.75
703.04	1150.50
703.16	1095.50
703.28	1113.38
703.40	1076.38
703.52	1105.38
703.64	1101.75
703.76	1107.50
703.88	1082.38
704.00	1061.50
704.12	1083.25
704.24	1149.12
704.36	1106.50
704.48	1099.50
704.60	1050.00
704.72	1083.12
704.84	1082.25
704.96	1115.25
705.07	1088.50
705.19	1059.00
705.31	1091.00
705.43	1121.75
705.55	1064.88
705.67	1117.62
705.79	1098.62
705.91	1019.12
706.03	1087.62
706.15	1101.88
706.27	1092.25
706.39	1078.00
706.51	1066.12
706.63	1069.00
706.75	1121.88
706.87	1102.00
706.99	1161.75
707.11	1102.62
707.23	1084.12
707.35	1110.50
707.47	1089.75
707.59	1120.88
707.71	1149.38
707.83	1082.00
707.95	1126.88
708.07	1088.00
708.19	1234.00
708.31	1112.50
708.43	1059.62
708.55	1120.12
708.67	1174.88
708.79	1108.38
708.91	1138.75
709.03	1122.25
709.15	1155.62
709.27	1069.75
709.39	1095.38
709.51	1087.12
709.63	1123.62
709.75	1120.62
709.87	1055.75
709.99	1143.12
710.11	1084.00
710.23	1079.12
710.35	1056.25
710.47	1213.12
710.58	1163.50
710.70	1142.88
710.82	1149.38
710.94	1112.00
711.06	1099.75
711.18	1102.00
711.30	1076.88
711.42	1139.12
711.54	1112.38
711.66	1124.50
711.78	1073.38
711.90	1143.38
712.02	1185.75
712.14	1074.62
712.26	1052.00
712.38	1163.88
712.50	1183.38
712.62	1090.75
712.74	1093.75
712.86	1088.25
712.98	1156.88
713.10	1077.00
713.22	1054.88
713.34	1113.00
713.45	1084.38
713.57	1110.12
713.69	1065.62
713.81	1093.50
713.93	1118.25
714.05	1092.75
714.17	1072.12
714.29	1185.38
714.41	1160.50
714.53	1079.88
714.65	1119.62
714.77	1111.12
714.89	1070.38
715.01	1157.88
715.13	1080.88
715.25	1114.62
715.37	1071.38
715.49	1046.62
715.61	1118.12
715.72	1136.88
715.84	1168.38
715.96	1103.38
716.08	1096.00
716.20	1182.00
716.32	1165.75
716.44	1087.00
716.56	1102.50
716.68	1119.25
716.80	1214.62
716.92	1169.38
717.04	1119.25
717.16	1141.25
717.28	1111.75
717.40	1096.88
717.52	1105.62
717.63	1091.38
717.75	1122.25
717.87	1111.75
717.99	1118.25
718.11	1098.50
718.23	1189.38
718.35	1135.38
718.47	1109.50
718.59	1060.12
718.71	1112.38
718.83	1081.88
718.95	1131.12
719.07	1073.62
719.19	1105.75
719.30	1093.75
719.42	1120.12
719.54	1100.00
719.66	1131.12
719.78	1110.12
719.90	1047.00
720.02	1114.00
720.14	1142.00
720.26	1148.88
720.38	1137.75
720.50	1085.62
720.62	1044.88
720.74	1103.75
720.85	1111.62
720.97	1191.50
721.09	1225.00
721.21	1107.00
721.33	1175.75
721.45	1130.88
721.57	1140.25
721.69	1073.75
721.81	1057.62
721.93	1189.25
722.05	1134.75
722.16	1074.25
722.28	1047.75
722.40	1091.38
722.52	1181.88
722.64	1167.75
722.76	1069.62
722.88	1149.00
723.00	1150.62
723.12	1094.38
723.24	1121.50
723.36	1051.88
723.47	1164.75
723.59	1132.88
723.71	1099.12
723.83	1138.88
723.95	1103.88
724.07	1106.12
724.19	1129.38
724.31	1202.62
724.43	1088.00
724.55	1044.38
724.66	1079.50
724.78	1267.75
724.90	1076.75
725.02	1074.00
725.14	1086.12
725.26	1116.88
725.38	1047.62
725.50	1100.88
725.62	1121.88
725.74	1108.50
725.85	1115.38
725.97	1115.00
726.09	1176.00
726.21	1443.50
726.33	1164.00
726.45	1116.00
726.57	1090.25
726.69	1131.38
726.81	1134.50
726.92	1107.88
727.04	1118.00
727.16	1145.62
727.28	1116.38
727.40	1108.75
727.52	1118.12
727.64	1253.88
727.76	1220.12
727.88	1143.50
727.99	1071.62
728.11	1083.50
728.23	1115.50
728.35	1094.75
728.47	1089.25
728.59	1107.50
728.71	1135.75
728.83	1125.50
728.94	1149.75
729.06	1220.38
729.18	1199.62
729.30	1148.38
729.42	1121.88
729.54	1215.50
729.66	1231.62
729.78	1124.00
729.90	1137.00
730.01	1108.25
730.13	1039.38
730.25	1110.00
730.37	1100.62
730.49	1151.50
730.61	1156.62
730.73	1134.12
730.84	1155.75
730.96	1156.75
731.08	1144.38
731.20	1129.38
731.32	1129.75
731.44	1298.75
731.56	1135.38
731.68	1090.75
731.79	1137.12
731.91	1102.62
732.03	1112.62
732.15	1124.25
732.27	1092.88
732.39	1108.62
732.51	1172.50
732.62	1094.38
732.74	1113.62
732.86	1183.38
732.98	1145.50
733.10	1127.12
733.22	1122.00
733.34	1157.75
733.45	1078.38
733.57	1115.50
733.69	1079.62
733.81	1112.25
733.93	1141.50
734.05	1054.88
734.17	1113.75
734.28	1130.50
734.40	1137.62
734.52	1114.25
734.64	1104.88
734.76	1211.38
734.88	1133.88
735.00	1086.62
735.11	1125.50
735.23	1184.88
735.35	1112.88
735.47	1063.00
735.59	1155.25
735.71	1123.38
735.83	1143.25
735.94	1144.12
736.06	1128.38
736.18	1188.12
736.30	1178.50
736.42	1148.12
736.54	1142.00
736.65	1167.75
736.77	1297.00
736.89	1184.75
737.01	1131.00
737.13	1251.62
737.25	1061.12
737.36	1091.00
737.48	1122.62
737.60	1137.75
737.72	1117.00
737.84	1117.25
737.96	1166.25
738.08	1130.12
738.19	1224.75
738.31	1116.62
738.43	1131.00
738.55	1130.12
738.67	1151.50
738.79	1099.75
738.90	1126.50
739.02	1148.75
739.14	1114.75
739.26	1125.62
739.38	1127.50
739.50	1155.38
739.61	1137.50
739.73	1123.12
739.85	1106.38
739.97	1155.62
740.09	1200.62
740.20	1083.12
740.32	1143.25
740.44	1164.00
740.56	1099.38
740.68	1117.75
740.80	1137.50
740.91	1136.25
741.03	1180.12
741.15	1157.25
741.27	1112.25
741.39	1184.25
741.51	1159.25
741.62	1166.00
741.74	1131.75
741.86	1133.75
741.98	1116.12
742.10	1144.38
742.21	1138.75
742.33	1148.25
742.45	1106.25
742.57	1189.00
742.69	1114.75
742.80	1174.12
742.92	1128.75
743.04	1121.75
743.16	1115.38
743.28	1196.88
743.40	1101.75
743.51	1098.38
743.63	1097.38
743.75	1151.38
743.87	1139.50
743.99	1152.50
744.10	1124.25
744.22	1136.75
744.34	1114.88
744.46	1148.00
744.58	1140.12
744.69	1064.88
744.81	1138.00
744.93	1088.12
745.05	1086.12
745.17	1216.75
745.28	1220.12
745.40	1145.12
745.52	1120.00
745.64	1153.00
745.76	1183.12
745.87	1119.50
745.99	1105.12
746.11	1148.88
746.23	1094.75
746.35	1128.75
746.46	1103.75
746.58	1255.25
746.70	1160.88
746.82	1143.88
746.94	1123.75
747.05	1095.25
747.17	1082.38
747.29	1072.62
747.41	1105.75
747.53	1274.25
747.64	1117.75
747.76	1179.75
747.88	1180.75
748.00	1193.75
748.12	1145.12
748.23	1131.38
748.35	1147.62
748.47	1183.88
748.59	1184.38
748.70	1112.25
748.82	1088.38
748.94	1099.88
749.06	1114.50
749.18	1111.25
749.29	1086.62
749.41	1156.75
749.53	1138.88
749.65	1115.25
749.76	1154.50
749.88	1119.00
750.00	1150.88
750.12	1170.12
750.24	1148.88
750.35	1142.75
750.47	1094.38
750.59	1149.00
750.71	1115.75
750.82	1176.12
750.94	1104.50
751.06	1115.50
751.18	1105.75
751.30	1173.25
751.41	1181.38
751.53	1153.62
751.65	1095.62
751.77	1116.12
751.88	1152.62
752.00	1168.25
752.12	1089.75
752.24	1192.25
752.35	1166.12
752.47	1158.50
752.59	1154.62
752.71	1220.75
752.83	1118.00
752.94	1182.00
753.06	1105.38
753.18	1138.38
753.30	1112.62
753.41	1062.88
753.53	1104.25
753.65	1110.25
753.77	1175.50
753.88	1098.62
754.00	1137.00
754.12	1146.12
754.24	1204.00
754.35	1107.88
754.47	1069.50
754.59	1165.62
754.71	1159.62
754.82	1129.25
754.94	1116.25
755.06	1192.50
755.18	1159.88
755.29	1139.75
755.41	1109.62
755.53	1168.25
755.65	1106.62
755.76	1143.88
755.88	1126.25
756.00	1204.50
756.12	1113.38
756.23	1029.38
756.35	1087.38
756.47	1179.88
756.59	1112.12
756.70	1098.75
756.82	1102.38
756.94	1121.62
757.06	1148.75
757.17	1144.75
757.29	1125.88
757.41	1080.88
757.53	1150.88
757.64	1124.38
757.76	1121.38
757.88	1151.50
758.00	1158.00
758.11	1110.12
758.23	1080.38
758.35	1149.25
758.47	1097.62
758.58	1148.50
758.70	1084.88
758.82	1108.38
758.94	1094.12
759.05	1132.75
759.17	1074.88
759.29	1121.12
759.40	1196.38
759.52	1110.88
759.64	1112.00
759.76	1147.00
759.87	1156.12
759.99	1137.38
760.11	1098.38
760.23	1143.00
760.34	1172.88
760.46	1142.62
760.58	1108.00
760.70	1128.00
760.81	1182.25
760.93	1130.88
761.05	1148.50
761.16	1138.12
761.28	1114.88
761.40	1093.75
761.52	1086.88
761.63	1186.00
761.75	1136.88
761.87	1105.75
761.98	1069.38
762.10	1148.38
762.22	1124.38
762.34	1151.50
762.45	1108.75
762.57	1157.00
762.69	1257.25
762.81	1111.75
762.92	1136.50
763.04	1065.38
763.16	1153.38
763.27	1160.25
763.39	1096.25
763.51	1154.12
763.63	1147.38
763.74	1098.25
763.86	1058.25
763.98	1099.75
764.09	1114.25
764.21	1124.75
764.33	1071.50
764.44	1099.62
764.56	1127.25
764.68	1082.50
764.80	1119.00
764.91	1059.88
765.03	1191.62
765.15	1111.25
765.26	1098.88
765.38	1078.88
765.50	1166.38
765.62	1123.50
765.73	1103.88
765.85	1129.00
765.97	1068.12
766.08	1110.88
766.20	1126.88
766.32	1134.38
766.43	1157.38
766.55	1147.25
766.67	1096.62
766.79	1121.62
766.90	1080.75
767.02	1045.62
767.14	1069.50
767.25	1074.25
767.37	1223.38
767.49	1140.62
767.60	1098.62
767.72	1168.62
767.84	1141.50
767.95	1094.75
768.07	1065.62
768.19	1144.00
768.31	1141.62
768.42	1118.75
768.54	1091.50
768.66	1109.00
768.77	1149.25
768.89	1113.00
769.01	1083.75
769.12	1135.75
769.24	1135.62
769.36	1074.62
769.47	1072.75
769.59	1067.12
769.71	1134.75
769.82	1100.12
769.94	1086.25
770.06	1064.75
770.17	1154.00
770.29	1114.25
770.41	1128.75
770.53	1138.00
770.64	1066.25
770.76	1107.12
770.88	1120.50
770.99	1146.88
771.11	1078.12
771.23	1113.75
771.34	1104.50
771.46	1212.62
771.58	1177.25
771.69	1140.00
771.81	1105.62
771.93	1152.25
772.04	1075.88
772.16	1126.62
772.28	1098.75
772.39	1167.25
772.51	1109.62
772.63	1132.00
772.74	1094.12
772.86	1106.38
772.98	1234.38
773.09	1072.50
773.21	1077.38
773.33	1130.88
773.44	1129.50
773.56	1095.25
773.68	1095.62
773.79	1156.38
773.91	1089.88
774.03	1109.00
774.14	1096.50
774.26	1161.12
774.38	1073.25
774.49	1056.12
774.61	1095.50
774.73	1116.50
774.84	1085.50
774.96	1067.00
775.08	1093.00
775.19	1129.75
775.31	1159.12
775.43	1099.38
775.54	1075.88
775.66	1044.50
775.77	1150.25
775.89	1061.00
776.01	1139.00
776.12	1155.62
776.24	1116.88
776.36	1045.75
776.47	1064.62
776.59	1107.25
776.71	1148.12
776.82	1028.12
776.94	1050.25
777.06	1082.25
777.17	1169.00
777.29	1055.75
777.41	1064.62
777.52	1117.88
777.64	1103.50
777.75	1117.75
777.87	1030.50
777.99	1081.50
778.10	1149.75
778.22	1080.12
778.34	1092.00
778.45	1085.00
778.57	1141.75
778.69	1125.50
778.80	1096.62
778.92	1204.00
779.04	1112.25
779.15	1091.00
779.27	1124.12
779.38	1127.25
779.50	1157.00
779.62	1034.00
779.73	1075.62
779.85	1028.62
779.97	1210.75
780.08	1094.62
780.20	1087.25
780.31	1123.38
780.43	1129.00
780.55	1070.12
780.66	1087.38
780.78	1115.38
780.90	1204.12
781.01	1056.75
781.13	1081.75
781.25	1082.38
781.36	1153.75
781.48	1062.88
781.59	1078.88
781.71	1125.62
781.83	1110.12
781.94	1054.62
782.06	1059.88
782.18	1136.25
782.29	1082.25
782.41	1035.25
782.52	1127.75
782.64	1136.75
782.76	1109.12
782.87	1105.00
782.99	1073.75
783.10	1221.25
783.22	1247.12
783.34	1097.12
783.45	1091.00
783.57	1098.62
783.69	1064.75
783.80	1097.62
783.92	1110.88
784.03	1077.25
784.15	1057.62
784.27	1080.00
784.38	1069.88
784.50	1099.00
784.61	1090.62
784.73	1057.88
784.85	1062.50
784.96	1055.88
785.08	1142.12
785.19	1122.38
785.31	1064.62
785.43	1048.38
785.54	1047.12
785.66	1096.75
785.77	1084.88
785.89	1109.12
786.01	1033.12
786.12	1077.50
786.24	1076.75
786.35	1163.25
786.47	1097.00
786.59	1059.12
786.70	1034.88
786.82	1091.88
786.93	1096.50
787.05	1075.50
787.17	1093.25
787.28	1071.62
787.40	1095.75
787.51	1090.25
787.63	1090.25
787.75	1040.25
787.86	1094.12
787.98	1107.62
788.09	1071.88
788.21	1106.25
788.33	1110.88
788.44	1094.50
788.56	1045.25
788.67	1104.12
788.79	1061.00
788.91	1076.75
789.02	1054.12
789.14	1069.75
789.25	1175.00
789.37	1103.12
789.48	1050.38
789.60	1083.50
789.72	1048.25
789.83	1104.38
789.95	1075.00
790.06	1017.25
790.18	1039.50
790.30	1105.00
790.41	1082.25
790.53	1052.00
790.64	1020.75
790.76	1024.25
790.87	1050.12
790.99	1072.88
791.11	1077.12
791.22	1048.88
791.34	1061.50
791.45	1107.12
791.57	1104.50
791.68	1046.25
791.80	1038.62
791.92	1108.88
792.03	1048.88
792.15	1019.50
792.26	1036.25
792.38	1016.50
792.49	1086.75
792.61	1054.00
792.73	1069.00
792.84	1060.75
792.96	1180.75
793.07	1053.75
793.19	1910.88
793.30	1157.38
793.42	1111.75
793.54	997.62
793.65	1015.62
793.77	1207.00
793.88	1065.25
794.00	1008.50
794.11	1050.62
794.23	999.50
794.34	1067.12
794.46	998.00
794.58	1010.75
794.69	1157.38
794.81	1153.62
794.92	1026.12
795.04	1020.75
795.15	1146.25
795.27	1096.38
795.39	1057.38
795.50	1025.62
795.62	1036.12
795.73	1042.38
795.85	1020.00
795.96	1069.12
796.08	1119.75
796.19	1040.75
796.31	1037.38
796.42	1004.75
796.54	1031.25
796.66	1104.75
796.77	1002.38
796.89	996.88
797.00	1101.88
797.12	974.50
797.23	1028.50
797.35	1067.25
797.46	1086.62
797.58	1121.62
797.69	1057.00
797.81	1030.38
797.93	1039.88
798.04	1028.25
798.16	1023.38
798.27	1060.75
798.39	1017.38
798.50	1003.25
798.62	997.75
798.73	1001.50
798.85	1137.62
798.96	1055.62
799.08	1070.62
799.19	1072.75
799.31	1056.12
799.43	1054.12
799.54	1016.75
799.66	1048.25
799.77	1085.62
799.89	1020.38
800.00	977.50
800.12	1021.12
800.23	1098.88
800.35	1138.25
800.46	976.88
800.58	960.38
800.69	1040.75
800.81	1025.75
800.92	992.88
801.04	1038.00
801.16	970.62
801.27	988.88
801.39	1002.75
801.50	1013.00
801.62	1034.00
801.73	1084.75
801.85	1069.88
801.96	990.88
802.08	1092.25
802.19	1095.88
802.31	1018.12
802.42	1033.62
802.54	1128.62
802.65	1093.25
802.77	998.00
802.88	1055.88
803.00	983.00
803.11	1151.38
803.23	1038.75
803.34	1028.50
803.46	1059.12
803.57	996.62
803.69	1057.50
803.80	985.50
803.92	1082.88
804.03	1026.25
804.15	1039.88
804.26	1060.12
804.38	1078.00
804.50	1000.12
804.61	1035.62
804.73	1024.25
804.84	1042.00
804.96	968.50
805.07	1021.12
805.19	989.00
805.30	1051.75
805.42	1074.88
805.53	1030.00
805.65	994.38
805.76	971.38
805.88	1009.62
805.99	1025.38
806.11	1041.00
806.22	1001.25
806.34	1009.50
806.45	1011.00
806.57	1000.62
806.68	1056.38
806.80	942.38
806.91	977.50
807.03	965.38
807.14	946.00
807.26	957.38
807.37	957.00
807.49	1008.50
807.60	987.50
807.72	1087.88
807.83	1081.38
807.95	1015.88
808.06	1026.12
808.17	1019.62
808.29	1033.88
808.40	965.50
808.52	1008.00
808.63	1013.50
808.75	1006.88
808.86	991.25
808.98	1019.25
809.09	970.75
809.21	1004.62
809.32	970.75
809.44	1030.88
809.55	958.38
809.67	1006.62
809.78	958.38
809.90	1027.38
810.01	1059.38
810.13	961.75
810.24	1005.25
810.36	929.62
810.47	962.75
810.59	983.62
810.70	1001.00
810.82	1028.50
810.93	934.50
811.05	952.75
811.16	953.12
811.27	943.12
811.39	984.62
811.50	1006.12
811.62	913.88
811.73	897.38
811.85	998.12
811.96	971.50
812.08	995.00
812.19	978.38
812.31	998.62
812.42	957.88
812.54	932.25
812.65	1013.25
812.77	1027.62
812.88	996.75
813.00	1000.50
813.11	998.38
813.22	939.75
813.34	939.00
813.45	962.38
813.57	1063.25
813.68	1062.12
813.80	966.12
813.91	921.50
814.03	951.38
814.14	1049.12
814.26	933.38
814.37	956.75
814.49	957.38
814.60	934.12
814.71	925.75
814.83	938.38
814.94	898.62
815.06	934.38
815.17	942.50
815.29	934.75
815.40	901.62
815.52	1035.62
815.63	931.00
815.75	912.62
815.86	958.50
815.97	898.25
816.09	935.38
816.20	952.62
816.32	968.00
816.43	878.50
816.55	945.12
816.66	917.88
816.78	1034.38
816.89	936.75
817.00	925.50
817.12	899.50
817.23	902.12
817.35	971.88
817.46	925.00
817.58	885.38
817.69	1041.38
817.81	933.00
817.92	952.50
818.03	921.50
818.15	927.00
818.26	887.75
818.38	877.88
818.49	909.38
818.61	936.62
818.72	875.00
818.83	2206.25
818.95	1083.12
819.06	901.00
819.18	903.38
819.29	922.12
819.41	900.62
819.52	929.12
819.64	923.50
819.75	873.62
819.86	853.75
819.98	894.88
820.09	936.38
820.21	901.38
820.32	865.88
820.44	927.00
820.55	978.88
820.66	884.62
820.78	929.50
820.89	897.62
821.01	926.50
821.12	897.38
821.23	906.38
821.35	882.12
821.46	955.50
821.58	894.62
821.69	869.12
821.81	866.38
821.92	958.75
822.03	881.62
822.15	894.88
822.26	849.50
822.38	863.75
822.49	896.50
822.61	895.00
822.72	907.00
822.83	950.50
822.95	881.88
823.06	889.25
823.18	948.50
823.29	972.12
823.40	907.50
823.52	866.12
823.63	834.62
823.75	987.62
823.86	881.62
823.97	825.50
824.09	915.50
824.20	846.62
824.32	878.00
824.43	855.88
824.55	919.75
824.66	976.50
824.77	877.75
824.89	886.12
825.00	948.88
825.12	891.75
825.23	896.38
825.34	830.00
825.46	832.88
825.57	914.75
825.69	850.25
825.80	794.88
825.91	836.38
826.03	814.12
826.14	885.12
826.26	823.38
826.37	866.12
826.48	844.00
826.60	861.38
826.71	834.50
826.83	873.25
826.94	880.88
827.05	896.12
827.17	890.38
827.28	854.62
827.39	842.12
827.51	812.88
827.62	842.25
827.74	857.62
827.85	846.25
827.96	831.00
828.08	843.75
828.19	965.62
828.31	850.88
828.42	787.75
828.53	869.12
828.65	912.25
828.76	922.25
828.87	872.25
828.99	814.25
