Wavelength (nm)	Intensity
377.35	818.00
377.48	656.44
377.62	634.11
377.75	630.22
377.88	861.11
378.02	841.67
378.15	832.89
378.28	807.22
378.41	892.11
378.55	864.00
378.68	833.44
378.81	810.22
378.95	849.00
379.08	849.67
379.21	799.56
379.35	857.33
379.48	864.44
379.61	926.33
379.74	830.11
379.88	816.22
380.01	904.44
380.14	965.22
380.28	882.78
380.41	799.00
380.54	858.22
380.68	875.22
380.81	775.78
380.94	872.56
381.07	924.11
381.21	925.56
381.34	833.33
381.47	780.89
381.61	997.67
381.74	855.56
381.87	795.11
382.00	858.33
382.14	939.11
382.27	888.44
382.40	803.22
382.54	900.56
382.67	920.11
382.80	812.67
382.93	814.00
383.07	833.11
383.20	849.00
383.33	889.67
383.47	813.11
383.60	789.89
383.73	1004.22
383.86	884.67
384.00	829.11
384.13	820.44
384.26	879.67
384.40	899.78
384.53	841.44
384.66	873.11
384.79	861.00
384.93	834.89
385.06	828.44
385.19	847.78
385.33	974.00
385.46	877.44
385.59	813.11
385.72	857.67
385.86	802.00
385.99	834.78
386.12	822.89
386.25	802.11
386.39	892.33
386.52	902.78
386.65	838.33
386.79	816.11
386.92	820.78
387.05	930.78
387.18	790.67
387.32	805.67
387.45	885.11
387.58	858.11
387.71	825.89
387.85	812.89
387.98	864.00
388.11	882.56
388.25	847.56
388.38	840.00
388.51	878.89
388.64	890.56
388.78	818.22
388.91	790.67
389.04	836.89
389.17	964.00
389.31	846.44
389.44	870.11
389.57	916.22
389.70	885.22
389.84	818.00
389.97	808.44
390.10	826.89
390.24	881.22
390.37	831.44
390.50	815.11
390.63	920.56
390.77	847.44
390.90	847.56
391.03	838.67
391.16	796.33
391.30	826.11
391.43	824.33
391.56	822.33
391.69	810.11
391.83	903.67
391.96	851.22
392.09	822.89
392.22	947.11
392.36	874.78
392.49	807.56
392.62	830.67
392.75	867.11
392.89	915.33
393.02	807.78
393.15	805.00
393.28	795.67
393.42	939.11
393.55	787.22
393.68	822.33
393.81	770.78
393.95	825.56
394.08	809.78
394.21	813.78
394.34	892.78
394.48	877.33
394.61	865.56
394.74	847.22
394.87	899.44
395.01	871.67
395.14	867.67
395.27	807.78
395.40	941.89
395.54	950.44
395.67	841.78
395.80	822.33
395.93	880.89
396.07	824.00
396.20	813.11
396.33	772.00
396.46	826.00
396.59	846.22
396.73	831.56
396.86	802.89
396.99	906.44
397.12	862.67
397.26	852.89
397.39	831.33
397.52	1171.56
397.65	965.11
397.79	840.67
397.92	831.11
398.05	906.22
398.18	831.44
398.32	837.11
398.45	868.67
398.58	872.00
398.71	876.89
398.84	788.22
398.98	831.44
399.11	879.56
399.24	875.44
399.37	829.89
399.51	798.78
399.64	849.56
399.77	851.22
399.90	833.78
400.03	832.11
400.17	800.11
400.30	917.33
400.43	868.11
400.56	841.33
400.70	852.00
400.83	818.11
400.96	809.78
401.09	842.33
401.23	858.78
401.36	919.00
401.49	817.67
401.62	837.78
401.75	846.33
401.89	814.56
402.02	834.11
402.15	836.44
402.28	868.33
402.41	864.78
402.55	821.44
402.68	829.89
402.81	919.33
402.94	893.22
403.08	811.44
403.21	797.89
403.34	888.22
403.47	887.89
403.60	823.89
403.74	862.33
403.87	889.89
404.00	816.89
404.13	815.78
404.26	789.44
404.40	810.44
404.53	865.44
404.66	826.33
404.79	798.33
404.93	892.56
405.06	862.78
405.19	788.33
405.32	843.78
405.45	869.33
405.59	888.89
405.72	840.00
405.85	801.56
405.98	1022.67
406.11	820.78
406.25	812.78
406.38	828.67
406.51	880.89
406.64	849.89
406.77	798.56
406.91	795.78
407.04	866.22
407.17	837.00
407.30	848.22
407.43	828.67
407.57	929.44
407.70	903.56
407.83	809.11
407.96	837.00
408.09	811.00
408.23	947.11
408.36	832.44
408.49	817.67
408.62	965.00
408.75	867.67
408.89	815.33
409.02	853.44
409.15	857.33
409.28	939.89
409.41	867.22
409.55	811.67
409.68	977.89
409.81	869.11
409.94	815.22
410.07	842.78
410.20	855.11
410.34	845.11
410.47	841.33
410.60	847.89
410.73	883.56
410.86	818.33
411.00	837.44
411.13	810.22
411.26	862.11
411.39	856.00
411.52	857.22
411.66	827.33
411.79	831.22
411.92	813.56
412.05	838.44
412.18	824.44
412.31	871.22
412.45	886.44
412.58	876.78
412.71	797.89
412.84	867.00
412.97	932.11
413.11	842.67
413.24	847.00
413.37	898.00
413.50	961.33
413.63	852.78
413.76	823.22
413.90	885.22
414.03	840.44
414.16	826.33
414.29	856.67
414.42	852.00
414.56	968.78
414.69	828.78
414.82	837.89
414.95	850.67
415.08	876.22
415.21	836.78
415.35	855.44
415.48	770.22
415.61	907.89
415.74	897.00
415.87	796.67
416.00	868.89
416.14	975.44
416.27	848.67
416.40	811.78
416.53	841.67
416.66	879.11
416.79	849.78
416.93	804.22
417.06	908.78
417.19	856.67
417.32	831.67
417.45	816.78
417.58	802.00
417.72	907.00
417.85	817.44
417.98	839.22
418.11	891.22
418.24	836.00
418.37	820.78
418.51	842.11
418.64	857.78
418.77	934.33
418.90	853.89
419.03	798.11
419.16	866.78
419.29	903.22
419.43	818.89
419.56	805.89
419.69	967.67
419.82	902.78
419.95	838.22
420.08	888.00
420.22	930.22
420.35	984.44
420.48	888.44
420.61	826.89
420.74	790.00
420.87	889.56
421.00	806.67
421.14	824.11
421.27	894.78
421.40	931.78
421.53	870.78
421.66	842.67
421.79	851.11
421.93	851.67
422.06	832.44
422.19	814.44
422.32	903.33
422.45	898.67
422.58	852.22
422.71	822.11
422.85	897.89
422.98	903.44
423.11	805.78
423.24	794.44
423.37	814.22
423.50	830.78
423.63	838.22
423.77	804.44
423.90	822.78
424.03	878.67
424.16	868.44
424.29	832.00
424.42	792.56
424.55	818.78
424.69	808.56
424.82	838.22
424.95	866.89
425.08	826.78
425.21	859.00
425.34	818.11
425.47	850.33
425.60	873.44
425.74	789.22
425.87	832.44
426.00	846.67
426.13	866.89
426.26	806.89
426.39	806.67
426.52	839.78
426.66	927.56
426.79	871.89
426.92	813.33
427.05	964.00
427.18	915.44
427.31	831.22
427.44	833.78
427.57	821.11
427.71	852.11
427.84	803.78
427.97	838.67
428.10	921.00
428.23	862.44
428.36	827.67
428.49	748.89
428.62	987.44
428.76	959.89
428.89	860.44
429.02	798.22
429.15	847.78
429.28	959.22
429.41	824.22
429.54	831.78
429.67	833.11
429.81	882.56
429.94	840.11
430.07	816.78
430.20	899.78
430.33	916.89
430.46	804.89
430.59	805.00
430.72	848.78
430.85	801.44
430.99	833.67
431.12	805.89
431.25	915.00
431.38	931.89
431.51	850.67
431.64	847.00
431.77	935.33
431.90	933.00
432.03	841.33
432.17	814.11
432.30	857.67
432.43	878.00
432.56	845.33
432.69	870.11
432.82	867.22
432.95	925.78
433.08	843.67
433.21	840.11
433.35	838.22
433.48	854.22
433.61	801.11
433.74	828.11
433.87	821.56
434.00	898.00
434.13	813.44
434.26	868.67
434.39	870.33
434.53	896.44
434.66	835.78
434.79	839.00
434.92	836.89
435.05	934.78
435.18	829.67
435.31	860.00
435.44	917.89
435.57	865.44
435.70	846.11
435.84	807.00
435.97	924.22
436.10	978.11
436.23	828.89
436.36	814.44
436.49	840.67
436.62	875.33
436.75	838.00
436.88	865.44
437.01	829.78
437.14	815.56
437.28	793.89
437.41	821.78
437.54	924.78
437.67	895.22
437.80	824.33
437.93	795.22
438.06	988.78
438.19	907.44
438.32	808.89
438.45	815.78
438.58	881.11
438.72	938.56
438.85	891.00
438.98	835.89
439.11	876.33
439.24	931.22
439.37	908.00
439.50	870.89
439.63	912.22
439.76	833.44
439.89	812.33
440.02	825.89
440.15	882.89
440.29	932.56
440.42	843.56
440.55	840.78
440.68	948.56
440.81	993.78
440.94	857.56
441.07	847.44
441.20	961.78
441.33	874.89
441.46	835.00
441.59	816.44
441.72	855.22
441.85	872.67
441.99	884.00
442.12	881.89
442.25	956.89
442.38	888.22
442.51	867.56
442.64	797.33
442.77	855.33
442.90	841.11
443.03	802.22
443.16	827.00
443.29	866.33
443.42	935.89
443.55	832.33
443.68	850.22
443.82	805.56
443.95	839.00
444.08	840.22
444.21	839.56
444.34	828.78
444.47	852.89
444.60	846.78
444.73	852.33
444.86	856.78
444.99	932.22
445.12	872.56
445.25	853.11
445.38	876.33
445.51	907.44
445.64	857.67
445.78	816.89
445.91	794.22
446.04	975.67
446.17	887.44
446.30	800.89
446.43	878.67
446.56	869.78
446.69	821.00
446.82	822.56
446.95	904.67
447.08	930.67
447.21	856.00
447.34	822.22
447.47	907.00
447.60	900.67
447.73	844.89
447.86	879.11
447.99	862.11
448.13	874.11
448.26	890.33
448.39	836.44
448.52	902.22
448.65	907.67
448.78	845.56
448.91	837.11
449.04	887.11
449.17	835.33
449.30	874.89
449.43	855.00
449.56	860.11
449.69	924.44
449.82	838.00
449.95	803.89
450.08	917.67
450.21	894.11
450.34	851.00
450.47	840.67
450.60	898.22
450.73	868.89
450.87	838.22
451.00	857.22
451.13	896.89
451.26	1025.44
451.39	839.11
451.52	866.89
451.65	854.33
451.78	846.22
451.91	833.56
452.04	814.89
452.17	950.56
452.30	945.33
452.43	836.78
452.56	836.33
452.69	917.33
452.82	819.22
452.95	890.33
453.08	822.22
453.21	781.00
453.34	908.33
453.47	829.22
453.60	896.11
453.73	959.44
453.86	900.11
453.99	865.11
454.12	864.89
454.25	858.11
454.38	878.00
454.52	818.44
454.65	832.67
454.78	836.67
454.91	805.67
455.04	829.44
455.17	807.56
455.30	826.67
455.43	926.22
455.56	838.78
455.69	810.89
455.82	883.89
455.95	876.89
456.08	811.78
456.21	803.11
456.34	798.00
456.47	792.67
456.60	833.78
456.73	817.89
456.86	859.67
456.99	889.56
457.12	829.22
457.25	839.56
457.38	923.11
457.51	894.78
457.64	859.89
457.77	833.22
457.90	858.11
458.03	838.22
458.16	843.22
458.29	840.00
458.42	854.11
458.55	804.33
458.68	815.00
458.81	838.78
458.94	933.78
459.07	971.89
459.20	812.67
459.33	821.44
459.46	919.00
459.59	969.22
459.72	920.22
459.85	845.56
459.98	935.44
460.11	902.11
460.24	855.89
460.37	812.67
460.50	906.22
460.63	869.56
460.76	833.78
460.89	861.78
461.02	887.11
461.15	893.78
461.28	853.33
461.41	837.67
461.54	935.11
461.67	821.56
461.80	859.44
461.93	898.67
462.06	891.11
462.19	916.67
462.32	840.67
462.45	828.44
462.58	895.11
462.71	849.89
462.84	842.11
462.97	789.89
463.10	853.56
463.23	872.89
463.36	884.56
463.49	851.11
463.62	808.00
463.75	886.44
463.88	831.22
464.01	847.44
464.14	818.78
464.27	955.22
464.40	842.44
464.53	838.33
464.66	897.22
464.79	885.44
464.92	863.00
465.05	819.56
465.18	860.78
465.31	862.89
465.44	844.22
465.57	827.44
465.70	842.44
465.83	978.11
465.96	858.22
466.09	825.89
466.22	909.33
466.35	892.44
466.48	835.44
466.61	836.56
466.74	856.33
466.87	909.00
467.00	883.11
467.13	872.67
467.26	905.56
467.39	820.22
467.52	810.67
467.65	840.22
467.78	936.89
467.91	869.00
468.04	858.44
468.17	836.56
468.30	848.78
468.43	820.33
468.56	824.00
468.69	873.11
468.82	894.00
468.95	833.22
469.08	835.33
469.21	853.67
469.34	900.44
469.47	975.00
469.60	936.67
469.73	858.11
469.86	882.22
469.99	914.00
470.11	830.22
470.24	843.33
470.37	901.22
470.50	875.44
470.63	835.00
470.76	849.67
470.89	906.33
471.02	981.00
471.15	844.78
471.28	850.44
471.41	970.67
471.54	889.33
471.67	838.00
471.80	791.89
471.93	914.89
472.06	888.22
472.19	843.11
472.32	826.22
472.45	980.11
472.58	922.78
472.71	868.11
472.84	844.78
472.97	841.78
473.10	826.44
473.23	902.67
473.36	809.89
473.49	934.00
473.62	919.00
473.74	884.89
473.87	899.78
474.00	841.44
474.13	846.56
474.26	872.78
474.39	889.44
474.52	868.89
474.65	850.22
474.78	867.89
474.91	813.44
475.04	898.00
475.17	1006.67
475.30	888.56
475.43	884.11
475.56	930.00
475.69	874.89
475.82	888.33
475.95	832.78
476.08	947.44
476.21	877.33
476.34	904.33
476.46	901.89
476.59	948.11
476.72	864.11
476.85	851.44
476.98	834.00
477.11	928.22
477.24	876.00
477.37	808.67
477.50	849.33
477.63	886.44
477.76	838.67
477.89	797.11
478.02	824.67
478.15	870.89
478.28	861.33
478.41	887.11
478.54	851.22
478.66	921.78
478.79	867.00
478.92	861.44
479.05	869.78
479.18	886.11
479.31	841.00
479.44	838.22
479.57	835.22
479.70	863.78
479.83	895.00
479.96	856.22
480.09	892.00
480.22	1023.00
480.35	995.44
480.48	921.33
480.60	878.22
480.73	864.00
480.86	905.33
480.99	864.78
481.12	862.56
481.25	880.11
481.38	945.67
481.51	863.22
481.64	868.89
481.77	905.56
481.90	872.44
482.03	866.78
482.16	857.33
482.29	946.44
482.41	886.56
482.54	905.00
482.67	852.33
482.80	883.33
482.93	934.33
483.06	849.56
483.19	933.33
483.32	912.89
483.45	888.33
483.58	885.11
483.71	902.89
483.84	932.00
483.97	912.56
484.09	880.44
484.22	862.44
484.35	853.78
484.48	825.56
484.61	850.44
484.74	864.44
484.87	907.00
485.00	841.78
485.13	891.00
485.26	832.33
485.39	917.44
485.52	881.56
485.64	947.11
485.77	902.67
485.90	946.44
486.03	847.22
486.16	892.33
486.29	845.00
486.42	881.22
486.55	898.44
486.68	865.11
486.81	910.22
486.94	907.33
487.06	874.67
487.19	912.89
487.32	900.78
487.45	896.78
487.58	871.67
487.71	888.89
487.84	840.56
487.97	930.67
488.10	940.22
488.23	865.56
488.35	830.22
488.48	879.78
488.61	842.89
488.74	857.00
488.87	854.78
489.00	911.89
489.13	993.33
489.26	911.00
489.39	924.00
489.52	929.78
489.64	930.22
489.77	897.22
489.90	891.11
490.03	887.22
490.16	879.22
490.29	862.67
490.42	858.78
490.55	897.56
490.68	859.56
490.81	870.67
490.93	835.44
491.06	964.67
491.19	919.33
491.32	898.33
491.45	916.33
491.58	848.00
491.71	896.56
491.84	871.89
491.97	875.44
492.09	970.00
492.22	926.56
492.35	899.11
492.48	919.00
492.61	909.89
492.74	900.56
492.87	910.89
493.00	884.22
493.12	866.44
493.25	904.67
493.38	880.56
493.51	854.89
493.64	846.44
493.77	894.11
493.90	911.56
494.03	916.44
494.16	960.56
494.28	970.33
494.41	877.56
494.54	896.56
494.67	1026.22
494.80	989.44
494.93	898.22
495.06	907.00
495.19	928.11
495.31	901.33
495.44	878.11
495.57	862.00
495.70	930.22
495.83	898.00
495.96	857.56
496.09	898.44
496.22	983.78
496.34	1006.11
496.47	888.33
496.60	909.89
496.73	949.33
496.86	944.89
496.99	864.78
497.12	893.11
497.24	838.00
497.37	908.44
497.50	878.67
497.63	862.89
497.76	896.56
497.89	971.67
498.02	924.11
498.15	814.33
498.27	905.44
498.40	965.44
498.53	965.89
498.66	908.44
498.79	953.00
498.92	867.33
499.05	907.33
499.17	906.44
499.30	934.89
499.43	1004.22
499.56	914.56
499.69	846.89
499.82	927.78
499.95	893.00
500.07	869.11
500.20	900.22
500.33	951.89
500.46	1062.00
500.59	907.22
500.72	922.22
500.85	963.11
500.97	957.22
501.10	951.67
501.23	866.44
501.36	925.33
501.49	989.78
501.62	930.44
501.75	902.78
501.87	972.44
502.00	860.11
502.13	919.22
502.26	917.00
502.39	888.00
502.52	901.11
502.64	851.56
502.77	874.89
502.90	949.89
503.03	907.56
503.16	881.44
503.29	877.33
503.42	975.89
503.54	924.78
503.67	908.67
503.80	918.78
503.93	967.89
504.06	882.78
504.19	899.44
504.31	961.78
504.44	931.00
504.57	937.78
504.70	911.00
504.83	863.44
504.96	942.11
505.08	911.44
505.21	912.00
505.34	1020.44
505.47	974.44
505.60	954.00
505.73	964.56
505.85	952.67
505.98	1059.89
506.11	915.33
506.24	883.56
506.37	875.44
506.50	928.00
506.62	965.00
506.75	900.11
506.88	882.78
507.01	937.00
507.14	870.11
507.27	901.22
507.39	879.22
507.52	888.89
507.65	902.00
507.78	915.89
507.91	878.89
508.04	989.89
508.16	978.78
508.29	927.00
508.42	896.56
508.55	881.11
508.68	891.11
508.81	951.78
508.93	889.67
509.06	909.00
509.19	963.56
509.32	944.22
509.45	915.44
509.57	944.11
509.70	892.00
509.83	915.89
509.96	875.33
510.09	925.44
510.22	914.78
510.34	917.56
510.47	909.00
510.60	1029.11
510.73	938.11
510.86	940.22
510.98	897.33
511.11	900.33
511.24	977.89
511.37	942.89
511.50	904.56
511.63	937.11
511.75	933.78
511.88	915.11
512.01	945.00
512.14	932.22
512.27	946.22
512.39	918.00
512.52	907.44
512.65	940.22
512.78	891.11
512.91	922.89
513.03	919.44
513.16	969.33
513.29	940.67
513.42	908.22
513.55	879.67
513.67	943.56
513.80	875.78
513.93	892.11
514.06	903.33
514.19	941.44
514.31	945.56
514.44	959.00
514.57	910.56
514.70	935.22
514.83	987.00
514.95	902.67
515.08	930.00
515.21	955.78
515.34	940.89
515.47	923.11
515.59	895.00
515.72	952.78
515.85	959.44
515.98	977.11
516.11	928.11
516.23	971.11
516.36	1001.56
516.49	953.78
516.62	929.89
516.75	997.89
516.87	1001.44
517.00	902.78
517.13	944.33
517.26	991.89
517.39	959.33
517.51	871.00
517.64	926.56
517.77	1010.78
517.90	899.00
518.02	925.33
518.15	893.78
518.28	845.44
518.41	933.78
518.54	925.33
518.66	945.00
518.79	899.56
518.92	918.11
519.05	895.56
519.18	911.00
519.30	958.11
519.43	884.56
519.56	896.78
519.69	908.11
519.81	984.78
519.94	924.78
520.07	863.56
520.20	904.22
520.33	942.44
520.45	1003.00
520.58	930.33
520.71	943.11
520.84	981.56
520.96	956.33
521.09	926.22
521.22	897.67
521.35	972.33
521.48	971.56
521.60	913.44
521.73	933.33
521.86	999.78
521.99	1028.78
522.11	950.22
522.24	919.67
522.37	969.44
522.50	954.00
522.62	987.11
522.75	873.67
522.88	951.11
523.01	918.33
523.14	952.67
523.26	941.00
523.39	1016.11
523.52	915.67
523.65	1034.22
523.77	966.67
523.90	955.56
524.03	930.56
524.16	921.67
524.28	920.67
524.41	930.67
524.54	933.22
524.67	894.56
524.79	916.56
524.92	962.33
525.05	1018.44
525.18	900.56
525.31	974.22
525.43	903.33
525.56	1062.56
525.69	923.11
525.82	867.11
525.94	981.56
526.07	994.11
526.20	969.89
526.33	977.56
526.45	1074.44
526.58	1046.33
526.71	953.11
526.84	928.00
526.96	951.56
527.09	919.56
527.22	921.67
527.35	916.11
527.47	894.44
527.60	1017.11
527.73	907.44
527.86	955.11
527.98	958.78
528.11	971.11
528.24	894.11
528.37	920.11
528.49	898.11
528.62	943.89
528.75	962.33
528.88	905.22
529.00	976.78
529.13	998.44
529.26	939.89
529.39	972.89
529.51	1087.33
529.64	1058.44
529.77	923.67
529.90	928.11
530.02	935.11
530.15	916.67
530.28	868.00
530.40	909.67
530.53	946.56
530.66	975.22
530.79	928.11
530.91	938.44
531.04	916.00
531.17	948.00
531.30	923.89
531.42	937.00
531.55	949.78
531.68	1020.00
531.81	923.00
531.93	938.78
532.06	958.33
532.19	910.22
532.31	934.44
532.44	933.00
532.57	975.22
532.70	919.89
532.82	940.00
532.95	963.22
533.08	1017.00
533.21	985.00
533.33	911.44
533.46	918.00
533.59	930.56
533.71	1061.33
533.84	949.67
533.97	923.89
534.10	927.11
534.22	913.89
534.35	935.11
534.48	945.67
534.61	980.56
534.73	880.78
534.86	910.33
534.99	941.89
535.11	1002.22
535.24	960.33
535.37	927.00
535.50	906.22
535.62	915.67
535.75	1018.67
535.88	950.00
536.00	920.78
536.13	931.89
536.26	937.67
536.39	917.67
536.51	895.33
536.64	973.11
536.77	947.22
536.89	938.22
537.02	946.44
537.15	973.78
537.28	955.00
537.40	946.78
537.53	926.56
537.66	1003.78
537.78	967.22
537.91	912.44
538.04	926.00
538.17	995.44
538.29	971.00
538.42	1012.33
538.55	1000.22
538.67	983.00
538.80	928.00
538.93	966.22
539.05	948.44
539.18	1021.11
539.31	1000.67
539.44	955.56
539.56	874.11
539.69	955.78
539.82	933.11
539.94	912.33
540.07	919.44
540.20	1027.44
540.32	928.00
540.45	939.11
540.58	939.11
540.71	1005.56
540.83	904.00
540.96	933.22
541.09	949.22
541.21	1036.00
541.34	1026.33
541.47	920.89
541.59	941.00
541.72	1039.44
541.85	1105.22
541.98	998.11
542.10	945.00
542.23	976.44
542.36	1089.00
542.48	964.67
542.61	955.33
542.74	916.33
542.86	940.33
542.99	947.89
543.12	923.33
543.24	965.33
543.37	901.56
543.50	944.67
543.62	924.78
543.75	948.33
543.88	945.89
544.01	962.44
544.13	975.00
544.26	988.22
544.39	933.22
544.51	928.78
544.64	918.00
544.77	989.44
544.89	941.11
545.02	957.67
545.15	930.67
545.27	1054.89
545.40	1028.44
545.53	994.67
545.65	980.89
545.78	886.44
545.91	910.89
546.03	941.33
546.16	948.78
546.29	945.56
546.41	918.33
546.54	936.33
546.67	918.56
546.79	996.44
546.92	1039.44
547.05	906.22
547.17	953.89
547.30	930.89
547.43	991.67
547.56	917.78
547.68	935.22
547.81	907.78
547.94	976.00
548.06	948.33
548.19	920.44
548.32	1028.78
548.44	970.44
548.57	964.11
548.70	986.00
548.82	1018.56
548.95	1000.11
549.08	953.89
549.20	952.78
549.33	1061.00
549.45	968.56
549.58	952.00
549.71	909.22
549.83	1012.67
549.96	915.22
550.09	960.89
550.21	936.89
550.34	977.44
550.47	952.22
550.59	936.78
550.72	878.44
550.85	958.67
550.97	1031.11
551.10	941.11
551.23	941.44
551.35	1036.00
551.48	979.67
551.61	953.11
551.73	946.00
551.86	1036.44
551.99	1027.78
552.11	961.00
552.24	990.00
552.37	975.44
552.49	938.11
552.62	937.89
552.75	992.22
552.87	949.00
553.00	952.00
553.12	973.56
553.25	940.67
553.38	989.56
553.50	1023.22
553.63	948.89
553.76	896.11
553.88	976.11
554.01	965.44
554.14	960.89
554.26	981.00
554.39	1049.11
554.52	967.78
554.64	958.33
554.77	935.56
554.89	999.44
555.02	1019.33
555.15	967.78
555.27	960.89
555.40	973.56
555.53	1038.00
555.65	958.44
555.78	925.56
555.91	1001.89
556.03	1046.67
556.16	933.00
556.29	972.33
556.41	1042.22
556.54	1036.33
556.66	967.89
556.79	938.00
556.92	976.33
557.04	994.33
557.17	949.11
557.30	942.44
557.42	961.22
557.55	966.22
557.67	981.44
557.80	953.56
557.93	980.33
558.05	974.00
558.18	926.56
558.31	962.22
558.43	1015.89
558.56	999.11
558.68	963.67
558.81	934.89
558.94	969.00
559.06	1094.00
559.19	957.00
559.32	957.11
559.44	932.78
559.57	984.11
559.69	937.44
559.82	936.44
559.95	954.22
560.07	954.22
560.20	890.00
560.33	962.89
560.45	987.22
560.58	918.44
560.70	975.00
560.83	929.78
560.96	951.22
561.08	968.44
561.21	996.11
561.33	938.78
561.46	924.89
561.59	1015.33
561.71	947.56
561.84	974.44
561.97	936.44
562.09	1012.33
562.22	946.44
562.34	942.22
562.47	1014.56
562.60	999.33
562.72	971.44
562.85	971.44
562.97	967.33
563.10	961.89
563.23	933.78
563.35	937.67
563.48	987.56
563.60	969.78
563.73	995.11
563.86	922.44
563.98	942.89
564.11	971.33
564.23	961.67
564.36	1026.11
564.49	977.11
564.61	1039.22
564.74	983.33
564.86	948.00
564.99	1029.11
565.12	1018.67
565.24	1018.89
565.37	1015.33
565.49	1030.33
565.62	1056.44
565.75	1011.78
565.87	943.67
566.00	1124.22
566.12	1044.44
566.25	989.22
566.38	1001.56
566.50	983.33
566.63	1035.56
566.75	969.44
566.88	952.11
567.01	945.44
567.13	973.22
567.26	961.11
567.38	950.11
567.51	1027.78
567.64	961.33
567.76	996.56
567.89	984.78
568.01	945.44
568.14	939.44
568.26	976.67
568.39	971.22
568.52	983.33
568.64	1013.89
568.77	961.89
568.89	955.22
569.02	960.33
569.15	975.33
569.27	968.44
569.40	993.22
569.52	1017.67
569.65	963.67
569.77	971.11
569.90	933.11
570.03	933.67
570.15	1049.00
570.28	975.33
570.40	972.11
570.53	978.33
570.66	1053.89
570.78	1021.33
570.91	981.44
571.03	946.56
571.16	986.22
571.28	933.11
571.41	915.67
571.54	931.44
571.66	918.00
571.79	953.44
571.91	952.00
572.04	931.44
572.16	1003.22
572.29	1005.56
572.42	954.78
572.54	997.56
572.67	954.44
572.79	986.11
572.92	966.11
573.04	1006.11
573.17	1034.44
573.29	986.56
573.42	968.56
573.55	1022.11
573.67	1004.67
573.80	972.67
573.92	947.11
574.05	993.00
574.17	1042.78
574.30	970.67
574.43	961.67
574.55	962.33
574.68	994.11
574.80	967.89
574.93	970.44
575.05	950.78
575.18	973.67
575.30	972.89
575.43	1006.44
575.56	1040.44
575.68	1001.67
575.81	962.22
575.93	941.44
576.06	1005.44
576.18	1021.78
576.31	975.89
576.43	957.78
576.56	1091.22
576.69	1043.67
576.81	996.89
576.94	963.67
577.06	990.22
577.19	1024.44
577.31	993.67
577.44	999.89
577.56	1040.67
577.69	1002.22
577.82	1003.33
577.94	959.78
578.07	927.44
578.19	1008.44
578.32	1011.44
578.44	959.78
578.57	970.67
578.69	1039.44
578.82	987.67
578.94	1020.22
579.07	1045.22
579.19	1029.78
579.32	1002.11
579.45	999.11
579.57	983.89
579.70	954.00
579.82	997.44
579.95	963.67
580.07	1064.11
580.20	990.44
580.32	982.67
580.45	1021.11
580.57	1035.56
580.70	1036.22
580.82	1010.33
580.95	1016.00
581.08	952.67
581.20	1043.44
581.33	970.00
581.45	993.56
581.58	993.33
581.70	1013.67
581.83	911.67
581.95	1004.33
582.08	1023.33
582.20	978.89
582.33	977.00
582.45	968.11
582.58	980.89
582.70	1020.33
582.83	959.11
582.95	982.22
583.08	1034.00
583.21	1050.22
583.33	1003.00
583.46	969.78
583.58	947.33
583.71	1036.78
583.83	997.78
583.96	1009.33
584.08	1029.89
584.21	1028.67
584.33	1017.78
584.46	984.89
584.58	951.56
584.71	1039.33
584.83	1021.22
584.96	988.56
585.08	974.78
585.21	1109.00
585.33	1063.33
585.46	1013.22
585.58	1036.78
585.71	979.00
585.83	1000.67
585.96	1028.78
586.08	1026.11
586.21	1025.89
586.33	1029.11
586.46	950.78
586.59	1032.00
586.71	969.33
586.84	1010.11
586.96	989.89
587.09	936.67
587.21	977.33
587.34	1024.00
587.46	968.56
587.59	949.56
587.71	992.56
587.84	971.67
587.96	934.89
588.09	954.44
588.21	1022.56
588.34	979.67
588.46	994.89
588.59	978.44
588.71	1018.44
588.84	1003.22
588.96	986.33
589.09	1103.56
589.21	1005.33
589.34	966.56
589.46	991.22
589.59	1010.00
589.71	1058.78
589.84	953.33
589.96	969.78
590.09	992.22
590.21	1034.78
590.34	1006.44
590.46	1008.11
590.59	974.67
590.71	983.89
590.84	1032.67
590.96	963.33
591.09	1024.11
591.21	1012.22
591.34	983.56
591.46	975.78
591.59	1067.89
591.71	1033.11
591.83	991.22
591.96	938.67
592.08	982.22
592.21	1036.44
592.33	1008.56
592.46	986.33
592.58	1020.78
592.71	1049.00
592.83	1094.67
592.96	1043.44
593.08	1068.33
593.21	963.11
593.33	953.00
593.46	980.78
593.58	990.33
593.71	1048.89
593.83	1047.22
593.96	965.11
594.08	1121.89
594.21	996.56
594.33	976.89
594.46	967.89
594.58	953.56
594.71	930.22
594.83	1000.56
594.96	989.44
595.08	1165.11
595.20	1049.78
595.33	1010.22
595.45	961.00
595.58	1095.78
595.70	1031.11
595.83	983.44
595.95	996.67
596.08	1013.33
596.20	963.22
596.33	950.11
596.45	992.89
596.58	969.78
596.70	961.00
596.83	982.67
596.95	978.00
597.08	1009.89
597.20	962.89
597.32	978.33
597.45	1007.56
597.57	992.89
597.70	1037.67
597.82	983.22
597.95	1001.89
598.07	1001.44
598.20	1011.22
598.32	994.56
598.45	985.78
598.57	1056.56
598.70	1076.67
598.82	981.67
598.94	982.00
599.07	1050.78
599.19	1005.89
599.32	981.00
599.44	913.44
599.57	1047.33
599.69	1033.89
599.82	992.33
599.94	955.00
600.07	1056.11
600.19	1029.33
600.31	974.33
600.44	1036.22
600.56	1121.22
600.69	1107.56
600.81	986.44
600.94	990.44
601.06	1012.11
601.19	1046.44
601.31	1044.33
601.44	956.00
601.56	1070.56
601.68	1048.22
601.81	1027.33
601.93	1011.89
602.06	1040.33
602.18	973.78
602.31	992.22
602.43	1062.89
602.56	1045.78
602.68	1012.00
602.80	1010.78
602.93	1017.22
603.05	983.89
603.18	1016.11
603.30	972.67
603.43	978.44
603.55	1012.00
603.68	1035.22
603.80	1016.22
603.92	1008.78
604.05	984.44
604.17	989.00
604.30	963.44
604.42	991.22
604.55	1004.11
604.67	1048.67
604.79	988.44
604.92	997.89
605.04	997.33
605.17	996.89
605.29	981.89
605.42	977.22
605.54	1084.67
605.66	1032.22
605.79	1019.67
605.91	1007.33
606.04	1015.67
606.16	990.22
606.29	1020.44
606.41	972.00
606.53	1001.22
606.66	960.00
606.78	991.78
606.91	984.78
607.03	992.89
607.16	990.11
607.28	972.78
607.40	1007.67
607.53	1029.78
607.65	975.78
607.78	982.56
607.90	1008.89
608.03	1119.22
608.15	1028.67
608.27	1026.56
608.40	967.44
608.52	1029.89
608.65	1016.56
608.77	1035.33
608.89	1010.67
609.02	1100.22
609.14	1106.33
609.27	1030.67
609.39	1045.67
609.52	992.78
609.64	946.00
609.76	980.89
609.89	1002.44
610.01	1070.89
610.14	1046.89
610.26	1003.22
610.38	975.56
610.51	1060.78
610.63	1001.11
610.76	975.22
610.88	1028.56
611.01	1082.11
611.13	1119.33
611.25	1046.22
611.38	979.22
611.50	1019.22
611.63	1039.33
611.75	1015.33
611.87	1023.00
612.00	1000.33
612.12	1069.33
612.25	1006.89
612.37	983.78
612.49	1086.44
612.62	1080.56
612.74	1078.11
612.87	1016.11
612.99	1023.22
613.11	968.67
613.24	1005.56
613.36	999.44
613.49	1024.78
613.61	1024.78
613.73	992.78
613.86	1046.56
613.98	986.00
614.11	1059.78
614.23	1060.33
614.35	1062.11
614.48	1064.11
614.60	1034.00
614.72	1014.67
614.85	1029.00
614.97	1034.44
615.10	1037.56
615.22	1009.22
615.34	1022.00
615.47	1074.78
615.59	994.44
615.72	1013.78
615.84	1034.89
615.96	990.67
616.09	1114.78
616.21	1009.22
616.34	995.33
616.46	1015.00
616.58	1054.22
616.71	1036.44
616.83	1051.89
616.95	1052.67
617.08	1056.89
617.20	1016.44
617.33	979.56
617.45	1009.00
617.57	1050.11
617.70	1034.44
617.82	995.44
617.95	1026.89
618.07	1100.00
618.19	1030.56
618.32	1033.78
618.44	1007.89
618.56	979.00
618.69	948.44
618.81	959.22
618.94	1058.89
619.06	1015.44
619.18	1011.56
619.31	974.00
619.43	985.33
619.55	1044.33
619.68	1044.78
619.80	977.67
619.92	1046.56
620.05	1166.22
620.17	1076.89
620.30	1015.89
620.42	1047.11
620.54	1079.78
620.67	1001.00
620.79	1016.89
620.91	1050.78
621.04	1096.22
621.16	1007.78
621.29	993.78
621.41	971.78
621.53	1015.44
621.66	1011.56
621.78	1000.44
621.90	1069.22
622.03	1131.22
622.15	1020.11
622.27	1007.11
622.40	1029.67
622.52	1003.22
622.64	996.78
622.77	974.11
622.89	1046.44
623.02	1072.89
623.14	1035.11
623.26	1040.22
623.39	1048.33
623.51	1088.11
623.63	1016.44
623.76	985.44
623.88	1086.78
624.00	1030.22
624.13	987.11
624.25	984.67
624.37	985.11
624.50	1079.00
624.62	1042.33
624.75	978.78
624.87	989.44
624.99	1052.44
625.12	992.11
625.24	1006.67
625.36	1113.11
625.49	1070.56
625.61	1039.22
625.73	1035.22
625.86	1074.33
625.98	1032.67
626.10	994.11
626.23	973.22
626.35	1043.11
626.47	1017.78
626.60	984.89
626.72	991.78
626.84	1004.33
626.97	1048.67
627.09	1017.00
627.21	1015.56
627.34	1144.22
627.46	1125.22
627.58	1016.56
627.71	1035.89
627.83	1072.78
627.95	990.78
628.08	1030.33
628.20	1072.11
628.32	973.33
628.45	947.89
628.57	950.33
628.69	983.89
628.82	1054.44
628.94	1090.78
629.06	1025.33
629.19	1007.67
629.31	1067.33
629.43	991.22
629.56	1037.56
629.68	1022.22
629.80	1076.33
629.93	993.89
630.05	993.44
630.17	984.11
630.30	1017.56
630.42	1004.44
630.54	1047.00
630.67	1012.56
630.79	1002.89
630.91	1159.56
631.04	1040.00
631.16	1031.22
631.28	1040.56
631.41	1003.78
631.53	983.11
631.65	1024.56
631.78	1058.22
631.90	1036.22
632.02	1018.56
632.14	937.44
632.27	1099.11
632.39	1036.22
632.51	1000.44
632.64	1073.11
632.76	1038.89
632.88	1014.44
633.01	1040.44
633.13	1014.11
633.25	1041.22
633.38	1150.11
633.50	969.78
633.62	967.44
633.75	968.56
633.87	952.89
633.99	1044.22
634.11	977.67
634.24	1010.22
634.36	1021.78
634.48	1012.22
634.61	1004.56
634.73	1061.44
634.85	1009.00
634.98	1001.78
635.10	1004.33
635.22	1029.44
635.35	1150.67
635.47	1038.89
635.59	1012.33
635.71	1053.33
635.84	1083.33
635.96	1015.89
636.08	1056.67
636.21	1007.33
636.33	1042.89
636.45	1021.44
636.58	999.56
636.70	974.33
636.82	1062.22
636.94	996.44
637.07	963.44
637.19	1074.56
637.31	1069.78
637.44	1045.22
637.56	976.78
637.68	1048.78
637.81	1054.44
637.93	1021.67
638.05	984.00
638.17	1092.44
638.30	1154.78
638.42	1028.11
638.54	999.67
638.67	1025.89
638.79	1035.33
638.91	995.33
639.03	1008.22
639.16	1015.11
639.28	1030.00
639.40	1032.44
639.53	1002.00
639.65	1064.78
639.77	1027.44
639.89	1039.33
640.02	1026.44
640.14	1039.56
640.26	992.11
640.39	1058.00
640.51	998.67
640.63	1049.89
640.75	1077.78
640.88	1018.44
641.00	1001.22
641.12	1001.56
641.24	1114.33
641.37	1014.89
641.49	982.22
641.61	1138.89
641.74	1005.56
641.86	1041.33
641.98	981.56
642.10	1048.89
642.23	1065.33
642.35	1011.33
642.47	1035.22
642.60	1046.44
642.72	1061.44
642.84	963.44
642.96	981.22
643.09	994.33
643.21	984.56
643.33	986.44
643.45	985.00
643.58	1079.67
643.70	1106.78
643.82	1012.89
643.94	1009.33
644.07	1043.22
644.19	1049.44
644.31	1035.11
644.44	1023.11
644.56	1018.89
644.68	990.44
644.80	989.22
644.93	987.67
645.05	1000.67
645.17	1048.11
645.29	1032.67
645.42	1032.78
645.54	1031.44
645.66	1060.11
645.78	1013.78
645.91	1003.22
646.03	1068.78
646.15	1117.33
646.27	1014.89
646.40	1031.89
646.52	1075.33
646.64	1086.44
646.76	1023.89
646.89	969.67
647.01	1074.89
647.13	1057.44
647.25	1068.44
647.38	1016.22
647.50	999.89
647.62	1075.44
647.74	982.33
647.87	981.89
647.99	1048.67
648.11	1066.33
648.23	1024.22
648.36	970.67
648.48	1100.67
648.60	1051.56
648.72	1002.33
648.85	987.89
648.97	1086.33
649.09	1059.22
649.21	1002.89
649.34	1043.44
649.46	1051.11
649.58	1055.44
649.70	1064.00
649.83	1001.22
649.95	1092.44
650.07	1078.00
650.19	1070.22
650.32	1033.11
650.44	1094.11
650.56	1071.89
650.68	1013.67
650.81	1006.78
650.93	1017.56
651.05	1107.67
651.17	1003.78
651.29	1051.33
651.42	1036.56
651.54	1067.11
651.66	1003.22
651.78	1004.00
651.91	1069.89
652.03	1170.00
652.15	1057.67
652.27	1010.67
652.40	1053.56
652.52	1026.78
652.64	1037.56
652.76	1018.11
652.88	1149.78
653.01	1050.22
653.13	1002.22
653.25	969.11
653.37	1075.78
653.50	1089.11
653.62	1052.22
653.74	978.67
653.86	1084.78
653.98	1074.44
654.11	1001.56
654.23	1026.67
654.35	1027.56
654.47	1162.44
654.60	1022.44
654.72	1026.44
654.84	992.33
654.96	1088.78
655.08	1018.89
655.21	1051.22
655.33	1024.44
655.45	1096.33
655.57	1044.33
655.70	1023.89
655.82	1090.89
655.94	1130.00
656.06	1072.22
656.18	999.56
656.31	1112.00
656.43	1083.11
656.55	1007.78
656.67	1027.78
656.79	1047.78
656.92	1103.89
657.04	1051.89
657.16	1024.11
657.28	1171.11
657.40	1063.67
657.53	1070.67
657.65	1027.44
657.77	1106.33
657.89	1096.22
658.01	1031.00
658.14	1001.78
658.26	1076.67
658.38	1029.11
658.50	994.67
658.62	993.33
658.75	1174.00
658.87	1092.22
658.99	1067.44
659.11	1004.78
659.23	1098.00
659.36	1158.78
659.48	1090.22
659.60	1056.22
659.72	1056.89
659.84	1051.00
659.97	1071.78
660.09	1072.22
660.21	1173.44
660.33	1106.33
660.45	988.33
660.58	963.33
660.70	1020.22
660.82	1038.67
660.94	996.11
661.06	1032.33
661.19	1109.33
661.31	1098.22
661.43	1038.33
661.55	1027.44
661.67	1087.00
661.80	1130.33
661.92	1045.33
662.04	1050.44
662.16	1056.56
662.28	1118.78
662.40	1046.11
662.53	1047.33
662.65	1079.11
662.77	1017.33
662.89	1054.67
663.01	1016.78
663.14	1050.56
663.26	1079.89
663.38	1048.89
663.50	1010.78
663.62	1032.56
663.74	1054.22
663.87	1023.56
663.99	1057.33
664.11	1076.78
664.23	1181.44
664.35	1035.33
664.48	1029.22
664.60	1047.11
664.72	1047.11
664.84	1000.56
664.96	1029.67
665.08	1108.22
665.21	1085.33
665.33	1087.56
665.45	991.78
665.57	1053.78
665.69	1141.33
665.81	1044.11
665.94	1011.56
666.06	1027.11
666.18	1067.00
666.30	1028.44
666.42	1021.22
666.54	1066.44
666.67	1090.22
666.79	1010.11
666.91	1074.00
667.03	1040.44
667.15	1011.22
667.27	1039.56
667.40	1012.67
667.52	1050.78
667.64	1103.44
667.76	1034.33
667.88	1003.33
668.00	1088.67
668.13	1100.56
668.25	1015.89
668.37	1018.67
668.49	1032.78
668.61	1105.67
668.73	1048.56
668.85	1063.67
668.98	1076.11
669.10	1067.89
669.22	1038.67
669.34	1039.11
669.46	1101.11
669.58	1040.78
669.71	1051.89
669.83	1048.33
669.95	1038.56
670.07	1069.67
670.19	1032.44
670.31	1039.33
670.43	1052.67
670.56	1082.00
670.68	1103.00
670.80	1063.78
670.92	1072.89
671.04	1126.78
671.16	1032.89
671.28	1032.00
671.41	1046.67
671.53	1096.00
671.65	1036.11
671.77	1035.44
671.89	1209.00
672.01	1153.67
672.13	1092.56
672.26	1024.11
672.38	1067.89
672.50	1032.33
672.62	1049.44
672.74	1067.33
672.86	1057.67
672.98	1076.22
673.11	1052.00
673.23	1060.67
673.35	1129.44
673.47	1066.44
673.59	1054.56
673.71	1015.89
673.83	1095.78
673.96	1186.22
674.08	1058.78
674.20	1011.78
674.32	1057.33
674.44	1060.56
674.56	1079.00
674.68	1074.89
674.80	1101.44
674.93	1068.44
675.05	1048.67
675.17	1060.44
675.29	1099.89
675.41	1108.89
675.53	1054.22
675.65	1045.44
675.77	1059.56
675.90	1125.22
676.02	1033.44
676.14	1024.89
676.26	1146.44
676.38	1180.11
676.50	1064.89
676.62	1078.00
676.74	1022.00
676.87	1053.11
676.99	1070.78
677.11	1103.89
677.23	1084.33
677.35	1101.33
677.47	1016.89
677.59	1032.67
677.71	1090.67
677.83	1107.11
677.96	1066.56
678.08	1051.22
678.20	1064.56
678.32	1035.33
678.44	1057.78
678.56	1060.22
678.68	1219.11
678.80	1118.11
678.93	1051.00
679.05	1064.78
679.17	1078.89
679.29	1128.33
679.41	1072.56
679.53	1029.22
679.65	1042.00
679.77	1074.78
679.89	1053.67
680.01	1094.56
680.14	1102.44
680.26	1002.89
680.38	1047.00
680.50	1093.33
680.62	1156.11
680.74	1096.11
680.86	1055.56
680.98	1064.22
681.10	1094.89
681.22	1193.11
681.35	1058.00
681.47	1052.44
681.59	1048.22
681.71	1161.78
681.83	1063.78
681.95	1030.00
682.07	1133.56
682.19	1095.44
682.31	1053.33
682.43	1022.44
682.56	1115.00
682.68	1023.67
682.80	1036.67
682.92	1090.67
683.04	1081.00
683.16	1063.44
683.28	1031.00
683.40	1094.22
683.52	1072.00
683.64	1104.67
683.76	1027.22
683.89	1044.22
684.01	1067.56
684.13	1138.33
684.25	1063.89
684.37	1074.44
684.49	1118.00
684.61	1072.56
684.73	1068.67
684.85	1050.00
684.97	1036.56
685.09	1137.00
685.21	1027.78
685.34	1068.22
685.46	1214.00
685.58	1108.22
685.70	1080.00
685.82	1110.22
685.94	1048.56
686.06	1043.44
686.18	1029.78
686.30	1058.00
686.42	1036.11
686.54	1112.33
686.66	1036.78
686.79	1144.56
686.91	1095.22
687.03	1196.89
687.15	1103.78
687.27	1067.33
687.39	1071.89
687.51	1160.78
687.63	1088.22
687.75	1127.22
687.87	1112.89
687.99	1162.67
688.11	1041.78
688.23	1091.56
688.35	1134.89
688.48	1108.89
688.60	1042.22
688.72	1057.78
688.84	1089.22
688.96	1121.78
689.08	1086.33
689.20	1074.67
689.32	1212.78
689.44	1100.44
689.56	1027.67
689.68	1045.44
689.80	1072.11
689.92	1050.44
690.04	1053.33
690.16	1100.44
690.28	1101.00
690.41	1108.56
690.53	1047.00
690.65	1102.33
690.77	1140.67
690.89	1139.22
691.01	1082.78
691.13	1055.67
691.25	1049.00
691.37	1074.89
691.49	1023.44
691.61	1026.33
691.73	1164.67
691.85	1086.56
691.97	1061.44
692.09	1043.22
692.21	1127.44
692.33	1164.56
692.45	1086.56
692.57	1054.33
692.70	1093.44
692.82	1110.00
692.94	1017.22
693.06	1055.56
693.18	1092.44
693.30	1070.89
693.42	1049.56
693.54	1080.56
693.66	1102.67
693.78	1106.56
693.90	1063.11
694.02	1082.78
694.14	1108.56
694.26	1067.89
694.38	1082.67
694.50	1082.00
694.62	1094.67
694.74	1042.22
694.86	1050.67
694.98	1086.89
695.10	1100.22
695.22	1139.33
695.34	1057.44
695.46	1050.33
695.58	1069.00
695.71	1102.22
695.83	1057.56
695.95	1061.11
696.07	1154.56
696.19	1053.78
696.31	1050.33
696.43	1041.78
696.55	1174.78
696.67	1102.22
696.79	1058.89
696.91	1074.00
697.03	1064.44
697.15	1174.56
697.27	1085.00
697.39	1063.33
697.51	1132.56
697.63	1054.44
697.75	1048.67
697.87	1087.00
697.99	1037.00
698.11	1013.11
698.23	1038.67
698.35	1063.22
698.47	1065.78
698.59	1101.44
698.71	1068.44
698.83	1124.11
698.95	1055.78
699.07	1095.11
699.19	1058.56
699.31	1083.56
699.43	1055.78
699.55	1120.00
699.67	1065.44
699.79	1068.89
699.91	1059.67
700.03	1093.00
700.15	1083.44
700.27	1045.44
700.39	1084.22
700.51	1044.44
700.63	1066.78
700.75	1065.56
700.87	1097.22
700.99	1071.67
701.11	1107.44
701.24	1084.89
701.36	1137.22
701.48	1132.22
701.60	1113.11
701.72	1052.00
701.84	1162.78
701.96	1114.22
702.08	1084.78
702.20	1175.00
702.32	1130.78
702.44	1124.33
702.56	1077.67
702.68	1076.44
702.80	1100.00
702.92	1197.00
703.04	1152.33
703.16	1092.11
703.28	1103.67
703.40	1086.78
703.52	1107.22
703.64	1109.44
703.76	1108.33
703.88	1081.56
704.00	1068.89
704.12	1086.33
704.24	1147.44
704.36	1114.56
704.48	1100.11
704.60	1042.67
704.72	1085.78
704.84	1080.33
704.96	1114.00
705.07	1099.89
705.19	1058.44
705.31	1086.00
705.43	1122.56
705.55	1063.11
705.67	1118.44
705.79	1101.00
705.91	1029.78
706.03	1088.22
706.15	1104.78
706.27	1086.22
706.39	1077.33
706.51	1069.89
706.63	1080.11
706.75	1128.11
706.87	1097.00
706.99	1151.33
707.11	1103.56
707.23	1083.67
707.35	1120.89
707.47	1090.78
707.59	1126.11
707.71	1149.00
707.83	1082.67
707.95	1125.78
708.07	1079.89
708.19	1230.78
708.31	1107.78
708.43	1070.22
708.55	1119.78
708.67	1161.56
708.79	1102.11
708.91	1127.22
709.03	1116.33
709.15	1149.56
709.27	1069.11
709.39	1101.00
709.51	1085.00
709.63	1129.11
709.75	1118.22
709.87	1045.00
709.99	1134.33
710.11	1079.89
710.23	1078.33
710.35	1051.78
710.47	1222.00
710.58	1175.78
710.70	1150.11
710.82	1154.22
710.94	1102.33
711.06	1107.11
711.18	1108.67
711.30	1079.56
711.42	1149.44
711.54	1100.33
711.66	1117.67
711.78	1073.00
711.90	1140.00
712.02	1178.89
712.14	1073.11
712.26	1055.78
712.38	1162.67
712.50	1173.22
712.62	1088.11
712.74	1099.22
712.86	1085.89
712.98	1151.44
713.10	1077.11
713.22	1056.22
713.34	1120.00
713.45	1082.00
713.57	1114.67
713.69	1067.11
713.81	1090.56
713.93	1120.56
714.05	1095.56
714.17	1075.56
714.29	1186.00
714.41	1164.56
714.53	1093.89
714.65	1122.11
714.77	1115.56
714.89	1069.89
715.01	1153.44
715.13	1074.44
715.25	1115.11
715.37	1072.56
715.49	1048.22
715.61	1118.56
715.72	1137.11
715.84	1159.22
715.96	1095.11
716.08	1093.44
716.20	1191.22
716.32	1167.78
716.44	1100.78
716.56	1098.11
716.68	1121.78
716.80	1216.89
716.92	1162.33
717.04	1123.67
717.16	1141.67
717.28	1105.56
717.40	1091.78
717.52	1110.78
717.63	1084.44
717.75	1113.67
717.87	1106.89
717.99	1129.44
718.11	1102.67
718.23	1181.56
718.35	1129.89
718.47	1108.22
718.59	1066.89
718.71	1116.56
718.83	1088.56
718.95	1135.11
719.07	1066.89
719.19	1103.11
719.30	1092.56
719.42	1122.33
719.54	1107.11
719.66	1134.22
719.78	1116.00
719.90	1037.33
720.02	1116.67
720.14	1135.11
720.26	1149.33
720.38	1142.44
720.50	1090.89
720.62	1039.11
720.74	1106.56
720.85	1113.33
720.97	1185.33
721.09	1221.22
721.21	1110.56
721.33	1174.44
721.45	1135.00
721.57	1133.44
721.69	1084.33
721.81	1055.56
721.93	1182.67
722.05	1134.89
722.16	1080.67
722.28	1051.78
722.40	1095.22
722.52	1174.33
722.64	1173.44
722.76	1079.11
722.88	1145.78
723.00	1146.11
723.12	1091.56
723.24	1119.56
723.36	1052.89
723.47	1163.56
723.59	1124.67
723.71	1106.00
723.83	1144.22
723.95	1107.78
724.07	1110.67
724.19	1133.78
724.31	1204.00
724.43	1084.00
724.55	1038.89
724.66	1082.33
724.78	1260.33
724.90	1087.89
725.02	1072.11
725.14	1083.44
725.26	1127.56
725.38	1051.33
725.50	1103.00
725.62	1119.22
725.74	1110.89
725.85	1113.56
725.97	1115.78
726.09	1170.78
726.21	1451.11
726.33	1159.89
726.45	1106.33
726.57	1086.67
726.69	1132.44
726.81	1127.33
726.92	1104.11
727.04	1115.33
727.16	1147.67
727.28	1113.33
727.40	1104.78
727.52	1123.33
727.64	1257.11
727.76	1222.78
727.88	1145.33
727.99	1079.89
728.11	1088.56
728.23	1115.00
728.35	1104.11
728.47	1093.33
728.59	1111.78
728.71	1136.33
728.83	1130.22
728.94	1150.44
729.06	1229.00
729.18	1197.67
729.30	1149.67
729.42	1127.67
729.54	1211.89
729.66	1228.44
729.78	1122.22
729.90	1134.33
730.01	1106.89
730.13	1043.00
730.25	1105.00
730.37	1102.00
730.49	1152.22
730.61	1153.33
730.73	1127.56
730.84	1154.67
730.96	1152.67
731.08	1149.67
731.20	1130.00
731.32	1128.11
731.44	1301.44
731.56	1132.67
731.68	1088.89
731.79	1130.56
731.91	1101.56
732.03	1108.89
732.15	1121.11
732.27	1093.67
732.39	1107.67
732.51	1167.33
732.62	1099.33
732.74	1114.11
732.86	1186.11
732.98	1148.78
733.10	1121.22
733.22	1122.22
733.34	1158.56
733.45	1069.78
733.57	1110.56
733.69	1074.11
733.81	1118.22
733.93	1141.00
734.05	1044.89
734.17	1107.33
734.28	1134.56
734.40	1132.22
734.52	1110.78
734.64	1106.89
734.76	1211.67
734.88	1144.67
735.00	1080.78
735.11	1117.56
735.23	1183.67
735.35	1110.89
735.47	1067.89
735.59	1155.67
735.71	1123.44
735.83	1140.89
735.94	1150.33
736.06	1131.56
736.18	1189.00
736.30	1182.00
736.42	1152.67
736.54	1138.11
736.65	1171.78
736.77	1296.67
736.89	1187.33
737.01	1132.33
737.13	1251.78
737.25	1061.11
737.36	1087.11
737.48	1117.44
737.60	1141.67
737.72	1110.78
737.84	1113.56
737.96	1170.00
738.08	1135.22
738.19	1233.11
738.31	1117.56
738.43	1131.44
738.55	1135.22
738.67	1138.22
738.79	1104.33
738.90	1128.67
739.02	1151.44
739.14	1116.22
739.26	1121.11
739.38	1127.44
739.50	1158.22
739.61	1135.89
739.73	1127.11
739.85	1109.22
739.97	1158.89
740.09	1204.11
740.20	1084.89
740.32	1138.11
740.44	1166.22
740.56	1102.56
740.68	1115.22
740.80	1135.11
740.91	1139.44
741.03	1187.11
741.15	1158.78
741.27	1114.56
741.39	1181.78
741.51	1144.33
741.62	1171.56
741.74	1132.44
741.86	1135.22
741.98	1121.44
742.10	1138.89
742.21	1154.33
742.33	1146.67
742.45	1104.89
742.57	1183.33
742.69	1116.44
742.80	1176.00
742.92	1132.67
743.04	1128.89
743.16	1111.44
743.28	1198.22
743.40	1104.00
743.51	1105.89
743.63	1105.78
743.75	1144.89
743.87	1138.11
743.99	1155.89
744.10	1127.89
744.22	1139.00
744.34	1120.44
744.46	1147.78
744.58	1143.44
744.69	1065.22
744.81	1145.00
744.93	1090.44
745.05	1092.89
745.17	1218.00
745.28	1215.00
745.40	1148.78
745.52	1124.00
745.64	1148.78
745.76	1180.22
745.87	1118.78
745.99	1104.33
746.11	1154.56
746.23	1098.89
746.35	1131.78
746.46	1110.78
746.58	1251.78
746.70	1141.56
746.82	1141.56
746.94	1133.11
747.05	1106.78
747.17	1074.67
747.29	1071.78
747.41	1117.56
747.53	1268.22
747.64	1127.11
747.76	1182.89
747.88	1185.22
748.00	1194.22
748.12	1153.67
748.23	1135.22
748.35	1154.33
748.47	1179.11
748.59	1183.44
748.70	1112.44
748.82	1092.44
748.94	1107.22
749.06	1119.56
749.18	1128.11
749.29	1096.22
749.41	1155.00
749.53	1143.44
749.65	1110.11
749.76	1160.56
749.88	1126.33
750.00	1158.44
750.12	1174.00
750.24	1150.11
750.35	1139.56
750.47	1087.56
750.59	1147.44
750.71	1122.78
750.82	1175.44
750.94	1111.00
751.06	1115.67
751.18	1104.56
751.30	1170.11
751.41	1172.33
751.53	1151.89
751.65	1105.00
751.77	1115.33
751.88	1150.89
752.00	1168.56
752.12	1087.00
752.24	1197.67
752.35	1166.00
752.47	1166.56
752.59	1168.11
752.71	1225.56
752.83	1120.33
752.94	1187.89
753.06	1108.56
753.18	1148.56
753.30	1114.56
753.41	1060.78
753.53	1114.56
753.65	1124.67
753.77	1185.78
753.88	1106.44
754.00	1135.22
754.12	1145.22
754.24	1207.22
754.35	1103.22
754.47	1065.78
754.59	1165.56
754.71	1165.22
754.82	1132.33
754.94	1117.33
755.06	1191.33
755.18	1153.67
755.29	1140.67
755.41	1107.44
755.53	1168.78
755.65	1102.67
755.76	1131.67
755.88	1130.00
756.00	1195.44
756.12	1113.78
756.23	1030.22
756.35	1086.67
756.47	1174.22
756.59	1113.44
756.70	1099.78
756.82	1106.89
756.94	1117.22
757.06	1156.56
757.17	1136.44
757.29	1117.78
757.41	1069.11
757.53	1151.67
757.64	1129.33
757.76	1121.22
757.88	1154.67
758.00	1153.78
758.11	1110.56
758.23	1074.78
758.35	1151.78
758.47	1093.11
758.58	1146.11
758.70	1080.56
758.82	1111.22
758.94	1087.33
759.05	1129.11
759.17	1070.67
759.29	1121.11
759.40	1193.22
759.52	1105.78
759.64	1110.00
759.76	1140.89
759.87	1151.89
759.99	1135.33
760.11	1101.33
760.23	1135.44
760.34	1168.67
760.46	1141.78
760.58	1111.33
760.70	1130.33
760.81	1182.89
760.93	1127.22
761.05	1155.22
761.16	1138.89
761.28	1113.11
761.40	1098.89
761.52	1084.78
761.63	1181.56
761.75	1136.56
761.87	1100.00
761.98	1076.44
762.10	1156.33
762.22	1125.22
762.34	1159.89
762.45	1106.11
762.57	1168.89
762.69	1266.22
762.81	1107.89
762.92	1136.33
763.04	1061.89
763.16	1151.11
763.27	1144.89
763.39	1098.33
763.51	1154.67
763.63	1151.00
763.74	1096.89
763.86	1062.89
763.98	1096.89
764.09	1118.78
764.21	1120.33
764.33	1072.67
764.44	1101.44
764.56	1133.00
764.68	1092.56
764.80	1120.44
764.91	1052.89
765.03	1183.78
765.15	1111.33
765.26	1108.44
765.38	1080.67
765.50	1159.00
765.62	1129.22
765.73	1107.89
765.85	1129.56
765.97	1065.56
766.08	1114.00
766.20	1132.11
766.32	1134.22
766.43	1163.11
766.55	1146.44
766.67	1104.78
766.79	1112.56
766.90	1081.11
767.02	1041.00
767.14	1064.78
767.25	1077.78
767.37	1221.78
767.49	1135.00
767.60	1103.00
767.72	1175.44
767.84	1146.11
767.95	1090.67
768.07	1073.44
768.19	1141.78
768.31	1140.89
768.42	1119.67
768.54	1097.89
768.66	1115.11
768.77	1152.44
768.89	1119.33
769.01	1083.78
769.12	1142.00
769.24	1127.22
769.36	1078.11
769.47	1068.00
769.59	1065.33
769.71	1129.22
769.82	1099.22
769.94	1093.33
770.06	1062.44
770.17	1150.22
770.29	1111.11
770.41	1128.33
770.53	1141.00
770.64	1072.78
770.76	1108.33
770.88	1122.78
770.99	1145.44
771.11	1079.89
771.23	1112.00
771.34	1100.22
771.46	1206.22
771.58	1174.44
771.69	1138.56
771.81	1110.00
771.93	1150.22
772.04	1082.89
772.16	1128.11
772.28	1105.44
772.39	1162.56
772.51	1108.56
772.63	1129.44
772.74	1089.78
772.86	1096.22
772.98	1235.78
773.09	1081.33
773.21	1077.67
773.33	1129.78
773.44	1135.56
773.56	1094.33
773.68	1100.89
773.79	1155.22
773.91	1099.00
774.03	1110.78
774.14	1090.00
774.26	1166.56
774.38	1066.11
774.49	1052.22
774.61	1096.00
774.73	1110.56
774.84	1095.67
774.96	1068.22
775.08	1100.78
775.19	1120.78
775.31	1158.89
775.43	1100.78
775.54	1068.56
775.66	1052.67
775.77	1150.11
775.89	1057.44
776.01	1128.11
776.12	1150.22
776.24	1115.33
776.36	1050.89
776.47	1067.78
776.59	1110.00
776.71	1147.44
776.82	1026.78
776.94	1043.89
777.06	1088.56
777.17	1169.11
777.29	1058.44
777.41	1066.00
777.52	1121.11
777.64	1112.11
777.75	1126.11
777.87	1035.00
777.99	1077.89
778.10	1144.56
778.22	1075.22
778.34	1092.22
778.45	1089.11
778.57	1141.78
778.69	1123.67
778.80	1096.67
778.92	1204.33
779.04	1114.33
779.15	1090.22
779.27	1123.56
779.38	1130.67
779.50	1157.89
779.62	1038.11
779.73	1076.00
779.85	1028.78
779.97	1211.44
780.08	1098.00
780.20	1088.00
780.31	1125.67
780.43	1134.89
780.55	1068.44
780.66	1093.22
780.78	1116.56
780.90	1215.67
781.01	1066.22
781.13	1083.89
781.25	1086.78
781.36	1154.67
781.48	1063.00
781.59	1075.89
781.71	1121.67
781.83	1117.78
781.94	1057.78
782.06	1058.89
782.18	1137.00
782.29	1083.89
782.41	1038.33
782.52	1129.78
782.64	1143.00
782.76	1109.22
782.87	1114.11
782.99	1071.89
783.10	1218.89
783.22	1242.33
783.34	1095.89
783.45	1089.11
783.57	1099.56
783.69	1070.22
783.80	1098.33
783.92	1107.78
784.03	1076.67
784.15	1059.56
784.27	1074.00
784.38	1061.44
784.50	1089.00
784.61	1089.44
784.73	1050.67
784.85	1066.00
784.96	1056.78
785.08	1148.00
785.19	1128.44
785.31	1064.89
785.43	1044.78
785.54	1049.11
785.66	1099.00
785.77	1079.33
785.89	1109.56
786.01	1032.00
786.12	1069.44
786.24	1075.33
786.35	1158.00
786.47	1100.33
786.59	1059.89
786.70	1033.56
786.82	1090.67
786.93	1094.22
787.05	1072.22
787.17	1095.44
787.28	1075.44
787.40	1092.33
787.51	1094.11
787.63	1094.44
787.75	1033.22
787.86	1092.33
787.98	1101.22
788.09	1076.78
788.21	1100.67
788.33	1120.44
788.44	1090.44
788.56	1050.56
788.67	1108.22
788.79	1059.11
788.91	1072.11
789.02	1046.56
789.14	1066.56
789.25	1176.22
789.37	1107.00
789.48	1050.67
789.60	1090.89
789.72	1036.67
789.83	1098.89
789.95	1079.89
790.06	1014.11
790.18	1045.33
790.30	1105.44
790.41	1083.56
790.53	1045.11
790.64	1022.44
790.76	1024.67
790.87	1059.89
790.99	1073.89
791.11	1076.78
791.22	1046.00
791.34	1064.89
791.45	1111.67
791.57	1105.00
791.68	1048.89
791.80	1036.22
791.92	1107.33
792.03	1048.44
792.15	1015.33
792.26	1041.89
792.38	1015.56
792.49	1089.00
792.61	1059.11
792.73	1075.44
792.84	1062.78
792.96	1175.67
793.07	1055.22
793.19	1925.11
793.30	1156.22
793.42	1108.11
793.54	993.22
793.65	1012.89
793.77	1215.22
793.88	1066.11
794.00	1006.78
794.11	1053.22
794.23	1000.11
794.34	1073.78
794.46	996.89
794.58	1009.89
794.69	1158.33
794.81	1146.44
794.92	1027.33
795.04	1023.56
795.15	1147.78
795.27	1100.78
795.39	1056.44
795.50	1013.22
795.62	1032.11
795.73	1041.89
795.85	1020.89
795.96	1068.78
796.08	1123.89
796.19	1038.78
796.31	1036.22
796.42	1013.33
796.54	1031.89
796.66	1096.56
796.77	1011.89
796.89	996.11
797.00	1107.67
797.12	979.33
797.23	1024.00
797.35	1058.56
797.46	1084.67
797.58	1119.33
797.69	1058.67
797.81	1028.22
797.93	1043.44
798.04	1029.00
798.16	1024.78
798.27	1056.00
798.39	1013.44
798.50	998.33
798.62	997.11
798.73	994.44
798.85	1132.33
798.96	1055.89
799.08	1071.44
799.19	1074.89
799.31	1054.00
799.43	1044.44
799.54	1011.56
799.66	1043.67
799.77	1077.11
799.89	1020.22
800.00	970.44
800.12	1016.22
800.23	1099.11
800.35	1136.56
800.46	975.44
800.58	963.67
800.69	1042.22
800.81	1029.00
800.92	993.78
801.04	1033.89
801.16	976.11
801.27	987.56
801.39	1004.89
801.50	1015.00
801.62	1031.78
801.73	1092.67
801.85	1071.78
801.96	1000.00
802.08	1096.89
802.19	1100.00
802.31	1016.22
802.42	1027.89
802.54	1125.44
802.65	1094.33
802.77	999.33
802.88	1056.56
803.00	989.89
803.11	1148.33
803.23	1034.22
803.34	1028.56
803.46	1061.56
803.57	998.33
803.69	1061.44
803.80	984.00
803.92	1090.78
804.03	1026.44
804.15	1037.22
804.26	1057.11
804.38	1079.11
804.50	998.33
804.61	1033.44
804.73	1025.22
804.84	1039.67
804.96	957.78
805.07	1015.22
805.19	992.00
805.30	1056.00
805.42	1077.22
805.53	1022.33
805.65	988.78
805.76	973.78
805.88	1011.33
805.99	1030.89
806.11	1037.78
806.22	995.89
806.34	1010.44
806.45	1012.67
806.57	1004.67
806.68	1056.56
806.80	949.00
806.91	980.89
807.03	969.44
807.14	948.33
807.26	957.78
807.37	960.56
807.49	1010.00
807.60	989.11
807.72	1085.67
807.83	1080.00
807.95	1021.00
808.06	1038.11
808.17	1029.00
808.29	1036.00
808.40	956.00
808.52	1001.67
808.63	1013.22
808.75	1006.33
808.86	993.44
808.98	1026.22
809.09	976.22
809.21	1001.11
809.32	967.89
809.44	1031.11
809.55	952.89
809.67	1000.00
809.78	961.78
809.90	1027.56
810.01	1064.22
810.13	963.67
810.24	1004.11
810.36	935.22
810.47	960.89
810.59	980.00
810.70	1003.22
810.82	1030.78
810.93	944.89
811.05	953.11
811.16	950.56
811.27	936.56
811.39	983.33
811.50	1008.78
811.62	922.56
811.73	900.33
811.85	998.89
811.96	973.78
812.08	993.00
812.19	979.22
812.31	1003.22
812.42	955.44
812.54	933.22
812.65	1019.67
812.77	1024.78
812.88	999.56
813.00	997.67
813.11	996.67
813.22	931.00
813.34	935.89
813.45	958.67
813.57	1055.67
813.68	1060.44
813.80	965.78
813.91	922.11
814.03	948.56
814.14	1055.44
814.26	930.89
814.37	952.78
814.49	956.11
814.60	934.78
814.71	924.44
814.83	936.67
814.94	901.00
815.06	936.33
815.17	947.78
815.29	935.89
815.40	906.56
815.52	1043.00
815.63	934.67
815.75	910.56
815.86	962.67
815.97	897.89
816.09	939.22
816.20	956.33
816.32	968.22
816.43	887.78
816.55	943.44
816.66	920.56
816.78	1029.44
816.89	939.78
817.00	927.89
817.12	900.56
817.23	900.22
817.35	974.56
817.46	934.22
817.58	888.00
817.69	1048.11
817.81	942.44
817.92	958.89
818.03	924.22
818.15	926.44
818.26	888.67
818.38	880.89
818.49	900.00
818.61	932.22
818.72	882.00
818.83	2039.33
818.95	1063.22
819.06	893.33
819.18	901.22
819.29	920.33
819.41	906.67
819.52	928.33
819.64	922.22
819.75	878.33
819.86	856.67
819.98	893.78
820.09	930.11
820.21	899.67
820.32	868.22
820.44	925.89
820.55	984.22
820.66	883.56
820.78	929.44
820.89	902.78
821.01	931.11
821.12	897.33
821.23	903.22
821.35	881.22
821.46	960.22
821.58	890.78
821.69	874.11
821.81	867.78
821.92	961.89
822.03	884.11
822.15	898.56
822.26	851.22
822.38	860.22
822.49	895.67
822.61	890.67
822.72	905.44
822.83	951.44
822.95	880.56
823.06	889.00
823.18	943.33
823.29	965.22
823.40	903.00
823.52	866.44
823.63	837.56
823.75	983.89
823.86	883.44
823.97	821.78
824.09	917.44
824.20	842.78
824.32	879.00
824.43	858.67
824.55	921.22
824.66	973.11
824.77	866.11
824.89	885.44
825.00	937.78
825.12	888.89
825.23	894.00
825.34	826.44
825.46	836.33
825.57	915.56
825.69	852.33
825.80	798.22
825.91	842.78
826.03	811.11
826.14	877.56
826.26	825.89
826.37	867.11
826.48	851.33
826.60	866.78
826.71	832.89
826.83	876.56
826.94	888.78
827.05	898.33
827.17	890.44
827.28	859.11
827.39	849.11
827.51	810.00
827.62	841.78
827.74	855.56
827.85	847.44
827.96	826.67
828.08	840.89
828.19	969.89
828.31	851.22
828.42	794.78
828.53	868.89
828.65	907.67
828.76	919.67
828.87	870.33
828.99	810.78
